0.5526315789473685
0.56
0.5087719298245614
0.47619047619047616
0.5384615384615384
0.53125
0.5294117647058824
0.5128205128205128
0.4375
0.47058823529411764
0.5072463768115942
0.5909090909090909
0.504424778761062
0.52
0.5
0.4666666666666667
0.5789473684210527
0.5094339622641509
0.5833333333333334
0.5454545454545454
0.5048543689320388
0.5714285714285714
0.5384615384615384
0.5
0.46153846153846156
0.4888888888888889
0.5641025641025641
0.47058823529411764
0.53125
0.5151515151515151
0.5806451612903226
0.5555555555555556
0.5
0.5217391304347826
0.5714285714285714
0.5263157894736842
0.5172413793103449
0.4666666666666667
0.47058823529411764
0.5
0.5084745762711864
0.5238095238095238
0.48148148148148145
0.46875
0.5098039215686274
0.5
0.4642857142857143
0.5443037974683544
0.5140845070422535
0.5
0.47619047619047616
0.5
0.45
0.5454545454545454
0.512396694214876
0.5128205128205128
0.525
0.4842105263157895
0.5
0.4583333333333333
0.5
0.4948453608247423
0.5151515151515151
0.5357142857142857
0.5324675324675324
0.5111111111111111
0.5161290322580645
0.5
0.4444444444444444
0.49382716049382713
0.5142857142857142
0.5079365079365079
0.5
0.5106382978723404
0.5217391304347826
0.5370370370370371
0.425
0.5172413793103449
0.5454545454545454
0.5357142857142857
0.5428571428571428
0.45652173913043476
0.5147058823529411
0.55
0.5254237288135594
0.5116279069767442
0.5188679245283019
0.472
0.4700854700854701
0.49375
0.5256410256410257
0.46
0.4725274725274725
0.5280898876404494
0.5207100591715976
0.4811320754716981
0.46153846153846156
0.49242424242424243
0.4418604651162791
0.5095541401273885
0.48314606741573035
0.48
0.4896551724137931
0.4714285714285714
0.4601226993865031
0.5276073619631901
0.5217391304347826
0.44755244755244755
0.43859649122807015
0.5476190476190477
0.4492753623188406
0.45528455284552843
0.5164835164835165
0.49238578680203043
0.494949494949495
0.45390070921985815
0.4947916666666667
0.5079365079365079
0.48872180451127817
0.5061224489795918
0.5
0.5041322314049587
0.4979919678714859
0.48854961832061067
0.48727272727272725
0.5
0.5033333333333333
0.5089285714285714
0.49333333333333335
0.486013986013986
0.5284090909090909
0.5066666666666667
0.5188679245283019
0.5221238938053098
0.5343511450381679
0.5641025641025641
0.5246913580246914
0.5444444444444444
0.5394736842105263
0.5357142857142857
0.5344827586206896
0.5510204081632653
0.5625
0.5540540540540541
0.5357142857142857
0.5263157894736842
0.5471698113207547
0.5365853658536586
0.55
0.5161290322580645
0.5416666666666666
0.5238095238095238
0.5319148936170213
0.5217391304347826
0.5272727272727272
0.54
0.5454545454545454
0.5238095238095238
0.5428571428571428
0.5277777777777778
0.5517241379310345
0.5588235294117647
0.543859649122807
0.5294117647058824
0.5370370370370371
0.5454545454545454
0.532258064516129
0.5555555555555556
0.5483870967741935
0.5185185185185185
0.525
0.5370370370370371
0.55
0.5254237288135594
0.532258064516129
0.5526315789473685
0.52
0.5636363636363636
0.5555555555555556
0.5416666666666666
0.5277777777777778
0.5555555555555556
0.5531914893617021
0.5454545454545454
0.5352112676056338
0.5294117647058824
0.5384615384615384
0.5666666666666667
0.5394736842105263
0.5555555555555556
0.5454545454545454
0.5384615384615384
0.5168067226890757
0.5319148936170213
0.5454545454545454
0.5461538461538461
0.4888888888888889
0.5252100840336135
0.5454545454545454
0.5405405405405406
0.484472049689441
0.47643979057591623
0.5137254901960784
0.4745762711864407
0.5
0.4712041884816754
0.47878787878787876
0.4827586206896552
0.48333333333333334
0.4573643410852713
0.49666666666666665
0.4852941176470588
0.46835443037974683
0.5066666666666667
0.49
0.48028673835125446
0.49333333333333335
0.4896551724137931
0.5047169811320755
0.4807017543859649
0.4888888888888889
0.47843137254901963
0.4930232558139535
0.4947916666666667
0.48846153846153845
0.4944649446494465
0.49504950495049505
0.4927007299270073
0.47577092511013214
0.4863636363636364
0.4898785425101215
0.4931506849315068
0.48292682926829267
0.49333333333333335
0.48444444444444446
0.49
0.48031496062992124
0.49333333333333335
0.49333333333333335
0.49333333333333335
0.49666666666666665
0.5033333333333333
0.5
0.5
0.5
0.49333333333333335
0.49666666666666665
0.4866666666666667
0.49333333333333335
0.49666666666666665
0.5
0.5
0.49666666666666665
0.49666666666666665
0.5
0.5033333333333333
0.5033333333333333
0.5066666666666667
0.5
0.49333333333333335
0.5066666666666667
0.5
0.49666666666666665
0.4950980392156863
0.5133333333333333
0.5033333333333333
0.5
0.49193548387096775
0.5
0.49333333333333335
0.49666666666666665
0.49666666666666665
0.49333333333333335
0.5
0.49666666666666665
0.5142857142857142
0.5
0.4928909952606635
0.49333333333333335
0.49
0.5017182130584192
0.49666666666666665
0.5
0.49
0.47368421052631576
0.4880546075085324
0.49666666666666665
0.5
0.4909090909090909
0.4965034965034965
0.5
0.49640287769784175
0.49666666666666665
0.4897260273972603
0.49158249158249157
0.49224806201550386
0.4909090909090909
0.49333333333333335
0.4982698961937716
0.49193548387096775
0.5
0.5076923076923077
0.49333333333333335
0.5069124423963134
0.49666666666666665
0.49333333333333335
0.49666666666666665
0.49206349206349204
0.5
0.5
0.49624060150375937
0.5
0.5033333333333333
0.49333333333333335
0.5
0.51
0.5
0.5
0.49107142857142855
0.5066666666666667
0.49767441860465117
0.5
0.4946236559139785
0.5066666666666667
0.5
0.5056818181818182
0.49
0.5035971223021583
0.5
0.5
0.5
0.5
0.5079365079365079
0.5033333333333333
0.49473684210526314
0.5
0.49333333333333335
0.5
0.5086505190311419
0.49333333333333335
0.5
0.5033333333333333
0.5019455252918288
0.5
0.5
0.5066666666666667
0.49666666666666665
0.5
0.5026737967914439
0.5
0.5066666666666667
0.49666666666666665
0.5176470588235295
0.4981949458483754
0.49666666666666665
0.49666666666666665
0.49333333333333335
0.5033333333333333
0.5033333333333333
0.49666666666666665
0.5
0.5066666666666667
0.5033333333333333
0.49666666666666665
0.5033333333333333
0.5133689839572193
0.5
0.5066666666666667
0.49666666666666665
0.5
0.5080645161290323
0.5033333333333333
0.5
0.5
0.49808429118773945
0.49666666666666665
0.5033333333333333
0.5033333333333333
0.5
0.5033333333333333
0.5033333333333333
0.5
0.5
0.5
0.5
0.5033333333333333
0.5
0.5033333333333333
0.49666666666666665
0.5066666666666667
0.5066666666666667
0.5033333333333333
0.5051194539249146
0.5
0.5051546391752577
0.51
0.5096525096525096
0.5075757575757576
0.5118483412322274
0.5064935064935064
0.50187265917603
0.5103734439834025
0.5055762081784386
0.5047169811320755
0.5102040816326531
0.5072463768115942
0.5082644628099173
0.5104895104895105
0.5
0.5088967971530249
0.5066666666666667
0.5066666666666667
0.5033333333333333
0.51
0.5066666666666667
0.49666666666666665
0.51
0.5033333333333333
0.5033333333333333
0.5
0.5
0.5066666666666667
0.51
0.5
0.5066666666666667
0.5025125628140703
0.5067114093959731
0.5
0.51
0.5
0.5033333333333333
0.5033333333333333
0.49666666666666665
0.5
0.49333333333333335
0.49666666666666665
0.5
0.49666666666666665
0.5
0.49
0.49666666666666665
0.5
0.5026737967914439
0.5
0.5
0.49666666666666665
0.5
0.5
0.49333333333333335
0.51
0.5066666666666667
0.5033333333333333
0.4943820224719101
0.5
0.5
0.5066666666666667
0.49666666666666665
0.5025380710659898
0.5
0.49019607843137253
0.5
0.49666666666666665
0.5074626865671642
0.5
0.51
0.4959349593495935
0.5033557046979866
0.5
0.5
0.5
0.49666666666666665
0.5033333333333333
0.5
0.49666666666666665
0.5066666666666667
0.5066666666666667
0.5033333333333333
0.49666666666666665
0.5180722891566265
0.5
0.5025641025641026
0.5
0.5026737967914439
0.5063291139240507
0.5033333333333333
0.5033333333333333
0.5033333333333333
0.5033333333333333
0.5
0.5342465753424658
0.5205479452054794
0.5
0.5066666666666667
0.5365853658536586
0.49666666666666665
0.5
0.5
0.5
0.5033333333333333
0.5131578947368421
0.5476190476190477
0.5203619909502263
0.5333333333333333
0.5056179775280899
0.54
0.5178571428571429
0.5357142857142857
0.5384615384615384
0.5641025641025641
0.53125
0.5462962962962963
0.5614035087719298
0.5588235294117647
0.5454545454545454
0.5757575757575758
0.5625
0.5585585585585585
0.5588235294117647
0.5555555555555556
0.5454545454545454
0.55
0.5588235294117647
0.5757575757575758
0.5526315789473685
0.5686274509803921
0.5384615384615384
0.5531914893617021
0.5666666666666667
0.576271186440678
0.5607476635514018
0.5666666666666667
0.5588235294117647
0.5454545454545454
0.5742574257425742
0.5806451612903226
0.5517241379310345
0.574468085106383
0.5714285714285714
0.5555555555555556
0.5581395348837209
0.5526315789473685
0.5675675675675675
0.53125
0.5454545454545454
0.5470085470085471
0.5526315789473685
0.5377358490566038
0.5643564356435643
0.5619047619047619
0.5420560747663551
0.5490196078431373
0.5454545454545454
0.5454545454545454
0.5365853658536586
0.5510204081632653
0.5495495495495496
0.5333333333333333
0.5403225806451613
0.5454545454545454
0.5566037735849056
0.5333333333333333
0.5412844036697247
0.5294117647058824
0.5371900826446281
0.5315315315315315
0.5405405405405406
0.5396825396825397
0.5533980582524272
0.5486725663716814
0.5412844036697247
0.5491803278688525
0.5454545454545454
0.5576923076923077
0.5523809523809524
0.5544554455445545
0.5333333333333333
0.5656565656565656
0.5612244897959183
0.5428571428571428
0.5631067961165048
0.5670103092783505
0.5652173913043478
0.5625
0.5454545454545454
0.5523809523809524
0.5581395348837209
0.5714285714285714
0.5619047619047619
0.5673076923076923
0.5454545454545454
0.5666666666666667
0.5555555555555556
0.5648148148148148
0.5588235294117647
0.55
0.5535714285714286
0.5495495495495496
0.5412844036697247
0.55
0.5643564356435643
0.5405405405405406
0.5416666666666666
0.544
0.5510204081632653
0.5462962962962963
0.5446428571428571
0.5405405405405406
0.5446428571428571
0.528
0.5363636363636364
0.5454545454545454
0.5454545454545454
0.5365853658536586
0.5436893203883495
0.5357142857142857
0.5348837209302325
0.5426356589147286
0.5454545454545454
0.5576923076923077
0.5391304347826087
0.543859649122807
0.5431034482758621
0.5555555555555556
0.5338983050847458
0.5486725663716814
0.5370370370370371
0.5423728813559322
0.5398230088495575
0.5416666666666666
0.5446428571428571
0.5357142857142857
0.5470085470085471
0.5412844036697247
0.5545454545454546
0.5350877192982456
0.5294117647058824
0.5285714285714286
0.5462184873949579
0.5267175572519084
0.5409836065573771
0.5446428571428571
0.5263157894736842
0.5245901639344263
0.5289256198347108
0.5241379310344828
0.5234375
0.5263157894736842
0.5209580838323353
0.5267175572519084
0.527027027027027
0.52046783625731
0.5165562913907285
0.5121951219512195
0.5151515151515151
0.5217391304347826
0.5139664804469274
0.525974025974026
0.5232558139534884
0.5159235668789809
0.5170454545454546
0.5178571428571429
0.5192307692307693
0.5139664804469274
0.5217391304347826
0.5251396648044693
0.5159235668789809
0.5151515151515151
0.5225806451612903
0.5212765957446809
0.5220125786163522
0.5174418604651163
0.5172413793103449
0.5093167701863354
0.5149700598802395
0.5119047619047619
0.5113636363636364
0.5226130653266332
0.51875
0.5241379310344828
0.519774011299435
0.5141242937853108
0.5145631067961165
0.5222929936305732
0.5187165775401069
0.5208333333333334
0.5149700598802395
0.5112359550561798
0.5113636363636364
0.5125628140703518
0.511520737327189
0.5195530726256983
0.5126903553299492
0.5177664974619289
0.5136612021857924
0.51010101010101
0.5131578947368421
0.5129533678756477
0.5174129353233831
0.5159817351598174
0.5162790697674419
0.5161290322580645
0.5165876777251185
0.507177033492823
0.5102040816326531
0.5063291139240507
0.5112107623318386
0.5111940298507462
0.5062761506276151
0.5078740157480315
0.5093457943925234
0.5063829787234042
0.508
0.5159817351598174
0.5078740157480315
0.508
0.5111111111111111
0.5155555555555555
0.5133928571428571
0.5061224489795918
0.5078125
0.5019157088122606
0.506896551724138
0.5089605734767025
0.5035714285714286
0.5071428571428571
0.5083612040133779
0.5050505050505051
0.5078125
0.5061224489795918
0.5084175084175084
0.5066666666666667
0.5050847457627119
0.5
0.5
0.5066666666666667
0.5
0.49666666666666665
0.5066666666666667
0.5066666666666667
0.5066666666666667
0.5
0.5033333333333333
0.5
0.5033333333333333
0.5033333333333333
0.5
0.5033333333333333
0.5033333333333333
0.5
0.5
0.5066666666666667
0.5033333333333333
0.5033333333333333
0.5
0.5
0.5033333333333333
0.5033333333333333
0.5033333333333333
0.5033333333333333
0.5
0.5
0.49666666666666665
0.5
0.5
0.49333333333333335
0.5033333333333333
0.5033333333333333
0.5
0.5
0.49666666666666665
0.49666666666666665
0.5
0.5
0.5033333333333333
0.5
0.5
0.5066666666666667
0.5033333333333333
0.5066666666666667
0.5
0.5
0.5037593984962406
0.49333333333333335
0.5
0.49666666666666665
0.5
0.5
0.5
0.5033333333333333
0.5071942446043165
0.502127659574468
0.5024630541871922
0.5052631578947369
0.5
0.5084745762711864
0.5093167701863354
0.5117647058823529
0.5275590551181102
0.527027027027027
0.5182481751824818
0.5227272727272727
0.5255474452554745
0.5220588235294118
0.5196850393700787
0.5255474452554745
0.5357142857142857
0.5185185185185185
0.5333333333333333
0.5333333333333333
0.5170068027210885
0.5392156862745098
0.5307692307692308
0.5294117647058824
0.5068493150684932
0.5409836065573771
0.5170068027210885
0.5185185185185185
0.5343511450381679
0.532258064516129
0.5238095238095238
0.5294117647058824
0.5193798449612403
0.5190839694656488
0.528
0.532258064516129
0.5263157894736842
0.5338983050847458
0.5317460317460317
0.5289256198347108
0.5575221238938053
0.5254237288135594
0.5153846153846153
0.528
0.532258064516129
0.5391304347826087
0.5263157894736842
0.5147058823529411
0.5299145299145299
0.5289256198347108
0.5306122448979592
0.5398230088495575
0.5420560747663551
0.5384615384615384
0.5233644859813084
0.543859649122807
0.5241935483870968
0.5348837209302325
0.5398230088495575
0.5172413793103449
0.5284552845528455
0.5217391304347826
0.5390625
0.5294117647058824
0.5214285714285715
0.52
0.5228758169934641
0.5103448275862069
0.5172413793103449
0.5241379310344828
0.5193798449612403
0.5205479452054794
0.5179856115107914
0.5154639175257731
0.5060975609756098
0.5144508670520231
0.5083798882681564
0.5112359550561798
0.5111111111111111
0.5033112582781457
0.5146198830409356
0.5096153846153846
0.5157232704402516
0.5135135135135135
0.5117370892018779
0.5189873417721519
0.5165562913907285
0.5164835164835165
0.5180722891566265
0.5138121546961326
0.5052083333333334
0.5054945054945055
0.5060975609756098
0.5102040816326531
0.51010101010101
0.5084745762711864
0.5098039215686274
0.5056818181818182
0.5061224489795918
0.5125
0.5084745762711864
0.5127118644067796
0.5109170305676856
0.5019607843137255
0.5034965034965035
0.508695652173913
0.5038461538461538
0.49666666666666665
0.5066666666666667
0.5
0.5033333333333333
0.49333333333333335
0.5
0.49666666666666665
0.5
0.5
0.5033333333333333
0.49666666666666665
0.49666666666666665
0.5
0.5
0.49666666666666665
0.5033333333333333
0.5033333333333333
0.49666666666666665
0.5
0.5
0.5
0.5033333333333333
0.5
0.5033333333333333
0.49333333333333335
0.5
0.49666666666666665
0.5033333333333333
0.49333333333333335
0.49666666666666665
0.5
0.5
0.5033333333333333
0.5
0.5066666666666667
0.49666666666666665
0.5033333333333333
0.5
0.5033333333333333
0.5033333333333333
0.49666666666666665
0.5033333333333333
0.5
0.5
0.5
0.5
0.5
0.5
0.5033333333333333
0.5033333333333333
0.5033333333333333
0.5033333333333333
0.5
0.5033333333333333
0.49666666666666665
0.5
0.5
0.5
0.5
0.5033333333333333
0.5
0.5
0.5066666666666667
0.5
0.5
0.5
0.5
0.5
0.5033333333333333
0.5
0.5033333333333333
0.5033333333333333
0.5066666666666667
0.5066666666666667
0.5033333333333333
0.5033333333333333
0.5033333333333333
0.5033333333333333
0.5033333333333333
0.5066666666666667
0.5033333333333333
0.5
0.5
0.5
0.5033333333333333
0.5
0.5
0.5033333333333333
0.49666666666666665
0.5033333333333333
0.5
0.49666666666666665
0.5033333333333333
0.5033333333333333
0.49666666666666665
0.5
0.5033333333333333
0.5033333333333333
0.5
0.5
0.5
0.5033333333333333
0.49666666666666665
0.49666666666666665
