0.5
0.5
0.5
0.5
0.5
0.5033333333333333
0.5
0.5
0.5
0.5
0.5
0.5
0.5
0.5
0.5
0.5
0.5
0.49666666666666665
0.5
0.49666666666666665
0.5
0.5
0.5033333333333333
0.5
0.5
0.5
0.5
0.49666666666666665
0.5
0.5033333333333333
0.49666666666666665
0.5
0.5
0.5
0.5
0.5
0.49666666666666665
0.5
0.5
0.5
0.5
0.5
0.49666666666666665
0.5
0.5
0.5
0.5
0.5
0.5
0.49666666666666665
0.5
0.5
0.5
0.5
0.5
0.5
0.5
0.49666666666666665
0.5
0.5
0.5
0.5
0.49666666666666665
0.49666666666666665
0.5
0.5
0.49666666666666665
0.5
0.49666666666666665
0.49666666666666665
0.49666666666666665
0.49666666666666665
0.49666666666666665
0.49666666666666665
0.49666666666666665
0.5
0.49666666666666665
0.5
0.49666666666666665
0.49666666666666665
0.49666666666666665
0.49666666666666665
0.5
0.49666666666666665
0.5
0.5033333333333333
0.5
0.5
0.5
0.5
0.5
0.49666666666666665
0.5
0.5
0.5
0.49666666666666665
0.5033333333333333
0.5
0.5
0.5
0.5
0.49666666666666665
0.5
0.49666666666666665
0.5
0.5
0.5
0.49666666666666665
0.5
0.49666666666666665
0.49666666666666665
0.5
0.5
0.5
0.5
0.5
0.5
0.5
0.5
0.49666666666666665
0.5
0.49666666666666665
0.49666666666666665
0.5
0.5
0.5
0.49666666666666665
0.5
0.5
0.5
0.5033333333333333
0.5
0.5
0.49666666666666665
0.5
0.5
0.5
0.5
0.5
0.5
0.5
0.5
0.5
0.5
0.49666666666666665
0.5
0.5
0.5033333333333333
0.5
0.5
0.5
0.5033333333333333
0.5
0.5
0.5
0.5
0.5
0.5
0.5033333333333333
0.5
0.49666666666666665
0.5
0.49666666666666665
0.5
0.5
0.5
0.49666666666666665
0.49666666666666665
0.49666666666666665
0.5
0.5
0.49666666666666665
0.5
0.5
0.5
0.49666666666666665
0.5
0.5
0.5
0.5
0.5
0.49666666666666665
0.5
0.5
0.49666666666666665
0.5
0.5
0.5
0.5
0.5
0.5
0.5
0.49666666666666665
0.5
0.5
0.5
0.5
0.5
0.5
0.5
0.5
0.5
0.49666666666666665
0.5
0.49666666666666665
0.49666666666666665
0.49666666666666665
0.5
0.5
0.5
0.5
0.5
0.49666666666666665
0.5
0.5
0.5
0.5
0.5
0.49666666666666665
0.5
0.5
0.5
0.5
0.49666666666666665
0.5
0.5
0.5
0.5
0.5
0.49666666666666665
0.5033333333333333
0.5
0.5
0.5
0.5
0.5
0.5
0.49666666666666665
0.5
0.5
0.5
0.5
0.5
0.5033333333333333
0.5
0.5
0.5
0.5
0.5033333333333333
0.5
0.5
0.5
0.5
0.49666666666666665
0.49666666666666665
0.5
0.5
0.5
0.49666666666666665
0.5
0.5
0.5
0.49666666666666665
0.5
0.5
0.49666666666666665
0.5
0.5
0.49666666666666665
0.49666666666666665
0.5
0.5
0.5
0.5
0.49666666666666665
0.49666666666666665
0.5
0.5
0.5
0.5
0.5
0.49666666666666665
0.49666666666666665
0.5
0.49666666666666665
0.49666666666666665
0.49666666666666665
0.49666666666666665
0.49666666666666665
0.5
0.49666666666666665
0.49666666666666665
0.49666666666666665
0.49666666666666665
0.49333333333333335
0.49666666666666665
0.49333333333333335
0.49666666666666665
0.49829351535836175
0.496551724137931
0.49666666666666665
0.49666666666666665
0.49333333333333335
0.49473684210526314
0.4929078014184397
0.49666666666666665
0.4965034965034965
0.4930555555555556
0.49454545454545457
0.49280575539568344
0.4939759036144578
0.49480968858131485
0.49110320284697506
0.4939271255060729
0.4921875
0.4959016393442623
0.49624060150375937
0.49433962264150944
0.49193548387096775
0.49382716049382713
0.4924812030075188
0.49193548387096775
0.49361702127659574
0.4915254237288136
0.4939759036144578
0.49130434782608695
0.49137931034482757
0.491869918699187
0.49411764705882355
0.49429657794676807
0.49130434782608695
0.4918032786885246
0.49264705882352944
0.49097472924187724
0.49377593360995853
0.4942084942084942
0.4961832061068702
0.4945054945054945
0.4927536231884058
0.49328859060402686
0.49640287769784175
0.49458483754512633
0.49333333333333335
0.4964788732394366
0.4963235294117647
0.49498327759197325
0.49666666666666665
0.49666666666666665
0.49333333333333335
0.4948805460750853
0.49480968858131485
0.49333333333333335
0.49333333333333335
0.49491525423728816
0.49480968858131485
0.49295774647887325
0.49310344827586206
0.49110320284697506
0.49333333333333335
0.4928571428571429
0.4966216216216216
0.4924812030075188
0.490272373540856
0.4925925925925926
0.49264705882352944
0.4916387959866221
0.488
0.49333333333333335
0.493006993006993
0.4925925925925926
0.4948453608247423
0.494949494949495
0.49264705882352944
0.49454545454545457
0.49469964664310956
0.4927007299270073
0.49666666666666665
0.49295774647887325
0.49324324324324326
0.49280575539568344
0.4908424908424908
0.49333333333333335
0.49666666666666665
0.49466192170818507
0.4929078014184397
0.4930555555555556
0.49635036496350365
0.493006993006993
0.49466192170818507
0.49224806201550386
0.4924812030075188
0.4908424908424908
0.4925925925925926
0.491869918699187
0.4915254237288136
0.4904214559386973
0.49407114624505927
0.4921259842519685
0.49224806201550386
0.49193548387096775
0.49344978165938863
0.4896265560165975
0.49019607843137253
0.49056603773584906
0.48854961832061067
0.49387755102040815
0.490272373540856
0.49230769230769234
0.4911504424778761
0.4897959183673469
0.49264705882352944
0.4944237918215613
0.49236641221374045
0.4889867841409692
0.4908424908424908
0.49242424242424243
0.4915254237288136
0.49264705882352944
0.49429657794676807
0.4930555555555556
0.4929078014184397
0.4925373134328358
0.49640287769784175
0.49480968858131485
0.49477351916376305
0.49158249158249157
0.49230769230769234
0.49666666666666665
0.49491525423728816
0.4912891986062718
0.4930555555555556
0.49612403100775193
0.4948453608247423
0.4904214559386973
0.4929078014184397
0.4929078014184397
0.49498327759197325
0.4942528735632184
0.49264705882352944
0.49295774647887325
0.49236641221374045
0.48854961832061067
0.4929078014184397
0.4913494809688581
0.4930555555555556
0.4946236559139785
0.49140893470790376
0.49070631970260226
0.49056603773584906
0.49097472924187724
0.4897959183673469
0.4913494809688581
0.4879032258064516
0.49122807017543857
0.4895833333333333
0.4898785425101215
0.492
0.48760330578512395
0.49070631970260226
0.4878048780487805
0.49019607843137253
0.4888888888888889
0.49056603773584906
0.48917748917748916
0.4880952380952381
0.4896265560165975
0.4897959183673469
0.4897119341563786
0.49056603773584906
0.48672566371681414
0.4897119341563786
0.4899598393574297
0.4872881355932203
0.48616600790513836
0.490272373540856
0.48854961832061067
0.4915254237288136
0.49049429657794674
0.48945147679324896
0.49230769230769234
0.48928571428571427
0.4907749077490775
0.4929078014184397
0.4901185770750988
0.49034749034749037
0.4892086330935252
0.49110320284697506
0.4931972789115646
0.4894366197183099
0.48872180451127817
0.4883720930232558
0.48846153846153845
0.4892086330935252
0.4931506849315068
0.48951048951048953
0.493006993006993
0.4913494809688581
0.49193548387096775
0.492
0.4925925925925926
0.49264705882352944
0.49
0.4908424908424908
0.4899598393574297
0.49056603773584906
0.4916387959866221
0.49333333333333335
0.49049429657794674
0.49333333333333335
0.49264705882352944
0.49097472924187724
0.49310344827586206
0.4911660777385159
0.49242424242424243
0.4930555555555556
0.4889705882352941
0.49242424242424243
0.4909090909090909
0.49056603773584906
0.48739495798319327
0.4940239043824701
0.48854961832061067
0.49034749034749037
0.4881889763779528
0.4901185770750988
0.49242424242424243
0.4883720930232558
0.4889867841409692
0.49264705882352944
0.491869918699187
0.4918032786885246
0.4915254237288136
0.4904214559386973
0.4909090909090909
0.4942528735632184
0.4925925925925926
0.490272373540856
0.4921875
0.49387755102040815
0.4899598393574297
0.49429657794676807
0.49411764705882355
0.49019607843137253
0.4927007299270073
0.49166666666666664
0.4936708860759494
0.4897119341563786
0.49130434782608695
0.492
0.49130434782608695
0.4918032786885246
0.49387755102040815
0.49145299145299143
0.49344978165938863
0.4911504424778761
0.492
0.49372384937238495
0.49173553719008267
0.49206349206349204
0.49416342412451364
0.4925925925925926
0.4921875
0.48945147679324896
0.4965034965034965
0.49361702127659574
0.49264705882352944
0.49193548387096775
0.4944649446494465
0.4943820224719101
0.4925925925925926
0.4900398406374502
0.4946236559139785
0.49828178694158076
0.4927007299270073
0.49609375
0.4928571428571429
0.4942084942084942
0.4945054945054945
0.4942084942084942
0.4962962962962963
0.491869918699187
0.4898785425101215
0.4907749077490775
0.49382716049382713
0.49433962264150944
0.49173553719008267
0.4935064935064935
0.49145299145299143
0.49029126213592233
0.49130434782608695
0.4889867841409692
0.4883720930232558
0.4908256880733945
0.4931506849315068
0.4898785425101215
0.48868778280542985
0.4864864864864865
0.4888888888888889
0.4835680751173709
0.4864864864864865
0.4908256880733945
0.49145299145299143
0.49377593360995853
0.49130434782608695
0.49099099099099097
0.49107142857142855
0.4931506849315068
0.49361702127659574
0.4909090909090909
0.4897119341563786
0.4940239043824701
0.49019607843137253
0.49344978165938863
0.49230769230769234
0.49173553719008267
0.4961832061068702
0.49166666666666664
0.49387755102040815
0.4925373134328358
0.49137931034482757
0.492
0.49344978165938863
0.4901185770750988
0.49166666666666664
0.49333333333333335
0.4940239043824701
0.492
0.4939759036144578
0.4942084942084942
0.4927007299270073
0.49166666666666664
0.49429657794676807
0.4962686567164179
0.49615384615384617
0.49640287769784175
0.4929078014184397
0.4939759036144578
0.49666666666666665
0.49666666666666665
0.49666666666666665
0.49666666666666665
0.49666666666666665
0.49666666666666665
0.49666666666666665
0.49666666666666665
0.5
0.49666666666666665
0.49666666666666665
0.49666666666666665
0.5
0.49666666666666665
0.49666666666666665
0.49666666666666665
0.5
0.49666666666666665
0.49666666666666665
0.5
0.49666666666666665
0.49666666666666665
0.49666666666666665
0.5
0.5
0.49666666666666665
0.5
0.5
0.5
0.5
0.5
0.49666666666666665
0.5
0.49666666666666665
0.49666666666666665
0.5
0.49666666666666665
0.5
0.5
0.5
0.49666666666666665
0.5
0.5
0.5
0.49666666666666665
0.5
0.5
0.5
0.5
0.49666666666666665
0.5
0.5
0.49666666666666665
0.49666666666666665
0.49666666666666665
0.49666666666666665
0.5
0.49666666666666665
0.49666666666666665
0.5
0.49666666666666665
0.5
0.49666666666666665
0.5
0.5
0.49666666666666665
0.49666666666666665
0.49666666666666665
0.49666666666666665
0.49666666666666665
0.49829351535836175
0.4965277777777778
0.4979919678714859
0.4928571428571429
0.49356223175965663
0.4980392156862745
0.49321266968325794
0.49295774647887325
0.4873096446700508
0.4925373134328358
0.49282296650717705
0.48677248677248675
0.4896907216494845
0.4857142857142857
0.49122807017543857
0.48633879781420764
0.4891304347826087
0.4911242603550296
0.48936170212765956
0.4853801169590643
0.4857142857142857
0.48484848484848486
0.4885057471264368
0.4876543209876543
0.4858757062146893
0.4860335195530726
0.4880952380952381
0.489247311827957
0.4913294797687861
0.49142857142857144
0.4864864864864865
0.489010989010989
0.4885057471264368
0.489247311827957
0.48314606741573035
0.489010989010989
0.48677248677248675
0.4895833333333333
0.4873096446700508
0.4876847290640394
0.4896907216494845
0.49230769230769234
0.4864864864864865
0.4855769230769231
0.4897959183673469
0.49038461538461536
0.4926829268292683
0.49029126213592233
0.4927536231884058
0.4898989898989899
0.4895833333333333
0.48756218905472637
0.4869109947643979
0.4909090909090909
0.49206349206349204
0.49029126213592233
0.49246231155778897
0.49238578680203043
0.4898989898989899
0.49222797927461137
0.4927536231884058
0.4885844748858447
0.49238578680203043
0.4900990099009901
0.4895833333333333
0.4881516587677725
0.489247311827957
0.49
0.49029126213592233
0.49230769230769234
0.4900990099009901
0.49029126213592233
0.4908256880733945
0.4925373134328358
0.48936170212765956
0.4928909952606635
0.49056603773584906
0.49029126213592233
0.4930875576036866
0.49047619047619045
0.49038461538461536
0.4953271028037383
0.49099099099099097
0.49122807017543857
0.49261083743842365
0.49333333333333335
0.4931506849315068
0.49056603773584906
0.4955357142857143
0.4954954954954955
0.49107142857142855
0.49327354260089684
0.4931506849315068
0.4931506849315068
0.48847926267281105
0.4930875576036866
0.49065420560747663
0.4930232558139535
0.48878923766816146
0.4926829268292683
0.4926829268292683
0.4897959183673469
0.49327354260089684
0.49019607843137253
0.4926829268292683
0.4930875576036866
0.49261083743842365
0.49074074074074076
0.49261083743842365
0.4909090909090909
0.4883720930232558
0.4881516587677725
0.49047619047619045
0.49523809523809526
0.49029126213592233
0.4926829268292683
0.49230769230769234
0.49047619047619045
0.4930232558139535
0.49295774647887325
0.4898989898989899
0.49321266968325794
0.49056603773584906
0.4908256880733945
0.49137931034482757
0.49047619047619045
0.49327354260089684
0.49537037037037035
0.4908256880733945
0.4956521739130435
0.49356223175965663
0.49537037037037035
0.4959677419354839
0.4921875
0.4956140350877193
0.4936708860759494
0.49407114624505927
0.49411764705882355
0.492
0.4921259842519685
0.4961832061068702
0.4945054945054945
0.4963768115942029
0.49612403100775193
0.49473684210526314
0.4962962962962963
0.4927007299270073
0.49429657794676807
0.49814126394052044
0.49433962264150944
0.4944237918215613
0.49640287769784175
0.49242424242424243
0.49429657794676807
0.49466192170818507
0.4945054945054945
0.49808429118773945
0.4962121212121212
0.49230769230769234
0.4943820224719101
0.4961832061068702
0.4942528735632184
0.4962686567164179
0.49609375
0.4942084942084942
0.49372384937238495
0.49606299212598426
0.49416342412451364
0.4939271255060729
0.4959016393442623
0.49356223175965663
0.49130434782608695
0.4936708860759494
0.4872881355932203
0.49783549783549785
0.49344978165938863
0.4930232558139535
0.49327354260089684
0.49074074074074076
0.4930875576036866
0.49321266968325794
0.4931506849315068
0.49504950495049505
0.4930875576036866
0.4930875576036866
0.4908256880733945
0.48878923766816146
0.49122807017543857
0.49074074074074076
0.4930875576036866
0.48868778280542985
0.49327354260089684
0.49122807017543857
0.49387755102040815
0.4979919678714859
0.49130434782608695
0.4921259842519685
0.4959677419354839
0.49416342412451364
0.4944237918215613
0.49473684210526314
0.4931972789115646
0.49666666666666665
0.49666666666666665
0.49666666666666665
0.5
0.49666666666666665
0.49666666666666665
0.49666666666666665
0.49666666666666665
0.49666666666666665
0.5
0.5
0.49666666666666665
0.49666666666666665
0.49666666666666665
0.5
0.5
0.5
0.49666666666666665
0.5
0.49666666666666665
0.49666666666666665
0.5
0.5
0.5
0.5
0.5
0.5
0.49666666666666665
0.49666666666666665
0.5
0.5
0.5
0.49666666666666665
0.5
0.49666666666666665
0.5
0.5
0.49666666666666665
0.49666666666666665
0.49666666666666665
0.49666666666666665
0.49666666666666665
0.5
0.49666666666666665
0.5
0.5
0.49666666666666665
0.5
0.5
0.49666666666666665
0.5
0.49666666666666665
0.5
0.5
0.5
0.49666666666666665
0.49666666666666665
0.49666666666666665
0.49666666666666665
0.5
0.49666666666666665
0.49666666666666665
0.5
0.49666666666666665
0.49666666666666665
0.49666666666666665
0.49666666666666665
0.49666666666666665
0.49666666666666665
0.49666666666666665
0.49666666666666665
0.49666666666666665
0.49666666666666665
0.5
0.49666666666666665
0.49666666666666665
0.49666666666666665
0.49666666666666665
0.49666666666666665
0.49666666666666665
0.49666666666666665
0.5
0.49666666666666665
0.5
0.5
0.5
0.49666666666666665
0.5
0.5
0.49666666666666665
0.5
