0.5
0.49666666666666665
0.5
0.5
0.5
0.5
0.5
0.49666666666666665
0.5
0.5
0.5
0.5
0.5
0.5
0.5
0.5
0.5
0.5
0.5
0.5
0.5
0.5033333333333333
0.5
0.5
0.5
0.5
0.49666666666666665
0.5
0.5
0.49666666666666665
0.5
0.49666666666666665
0.5
0.49666666666666665
0.5
0.5
0.5
0.5
0.49666666666666665
0.5
0.5
0.5
0.49666666666666665
0.5
0.49666666666666665
0.5
0.49666666666666665
0.5
0.49666666666666665
0.5
0.49666666666666665
0.49666666666666665
0.49666666666666665
0.49666666666666665
0.49666666666666665
0.49666666666666665
0.49666666666666665
0.5
0.49666666666666665
0.49666666666666665
0.5
0.49666666666666665
0.49666666666666665
0.5
0.5
0.49333333333333335
0.49666666666666665
0.5
0.5
0.5
0.49666666666666665
0.5
0.5
0.49666666666666665
0.49666666666666665
0.49666666666666665
0.49666666666666665
0.5
0.49666666666666665
0.5
0.49666666666666665
0.49666666666666665
0.5
0.49666666666666665
0.49666666666666665
0.5
0.49666666666666665
0.5
0.5
0.5
0.49666666666666665
0.5
0.49666666666666665
0.5
0.5
0.49666666666666665
0.49666666666666665
0.49666666666666665
0.49666666666666665
0.5
0.49333333333333335
0.49666666666666665
0.49666666666666665
0.5
0.49666666666666665
0.5
0.49666666666666665
0.5
0.49666666666666665
0.5
0.5
0.5
0.5
0.5
0.49666666666666665
0.5
0.49666666666666665
0.49666666666666665
0.5
0.5
0.5
0.5
0.49666666666666665
0.5
0.49666666666666665
0.5
0.5
0.49666666666666665
0.49666666666666665
0.5
0.5
0.49666666666666665
0.5
0.49666666666666665
0.5
0.5
0.49666666666666665
0.5
0.49666666666666665
0.5
0.5
0.5
0.49666666666666665
0.49666666666666665
0.5
0.49666666666666665
0.5033333333333333
0.5
0.5
0.5
0.5
0.5033333333333333
0.49666666666666665
0.5
0.5
0.5
0.5
0.5033333333333333
0.49666666666666665
0.5
0.49666666666666665
0.49666666666666665
0.49666666666666665
0.49666666666666665
0.49666666666666665
0.49666666666666665
0.5
0.49666666666666665
0.49666666666666665
0.49333333333333335
0.5
0.5
0.5
0.5
0.49666666666666665
0.49666666666666665
0.5
0.5
0.49666666666666665
0.49666666666666665
0.49666666666666665
0.5
0.5
0.5
0.5
0.5
0.49666666666666665
0.5
0.49333333333333335
0.5
0.5
0.49666666666666665
0.5
0.5
0.49666666666666665
0.5
0.49666666666666665
0.49666666666666665
0.5
0.5
0.5
0.49666666666666665
0.5
0.49666666666666665
0.49666666666666665
0.49666666666666665
0.5
0.5
0.49666666666666665
0.49666666666666665
0.49666666666666665
0.5
0.49666666666666665
0.5
0.5
0.49333333333333335
0.5
0.49666666666666665
0.49666666666666665
0.49333333333333335
0.49666666666666665
0.49666666666666665
0.5
0.49666666666666665
0.49666666666666665
0.5
0.49666666666666665
0.49666666666666665
0.5
0.5033333333333333
0.49666666666666665
0.5
0.5
0.49666666666666665
0.5
0.5
0.5
0.5
0.49666666666666665
0.49666666666666665
0.5
0.5
0.49666666666666665
0.5
0.49666666666666665
0.49333333333333335
0.5
0.5
0.5
0.5
0.49666666666666665
0.5
0.5
0.5
0.5
0.49666666666666665
0.49666666666666665
0.49666666666666665
0.49666666666666665
0.49666666666666665
0.49666666666666665
0.49666666666666665
0.49666666666666665
0.5033333333333333
0.5
0.49666666666666665
0.5
0.5
0.49666666666666665
0.5
0.49666666666666665
0.49666666666666665
0.5
0.5
0.5
0.49666666666666665
0.49333333333333335
0.49642857142857144
0.49666666666666665
0.4965753424657534
0.4962962962962963
0.4979757085020243
0.49407114624505927
0.49411764705882355
0.49130434782608695
0.49321266968325794
0.49065420560747663
0.4927536231884058
0.49047619047619045
0.484375
0.4880952380952381
0.4835164835164835
0.489010989010989
0.4879518072289157
0.48333333333333334
0.4817073170731707
0.48633879781420764
0.48026315789473684
0.4807692307692308
0.4864864864864865
0.48299319727891155
0.47435897435897434
0.4805194805194805
0.474025974025974
0.4791666666666667
0.47586206896551725
0.48466257668711654
0.475177304964539
0.47651006711409394
0.4785714285714286
0.4740740740740741
0.47761194029850745
0.47368421052631576
0.48201438848920863
0.4791666666666667
0.4701492537313433
0.47183098591549294
0.4722222222222222
0.4744525547445255
0.47586206896551725
0.47368421052631576
0.4791666666666667
0.4744525547445255
0.48484848484848486
0.4755244755244755
0.47333333333333333
0.48175182481751827
0.48091603053435117
0.47794117647058826
0.4714285714285714
0.4744525547445255
0.4765625
0.4732824427480916
0.4797297297297297
0.4728682170542636
0.4701492537313433
0.4666666666666667
0.475177304964539
0.475177304964539
0.46875
0.4696969696969697
0.47368421052631576
0.472
0.475177304964539
0.4772727272727273
0.46875
0.475177304964539
0.4715447154471545
0.46825396825396826
0.47058823529411764
0.4772727272727273
0.4715447154471545
0.47183098591549294
0.4696969696969697
0.4645669291338583
0.46218487394957986
0.46825396825396826
0.4603174603174603
0.46715328467153283
0.4796747967479675
0.47058823529411764
0.46825396825396826
0.46774193548387094
0.4696969696969697
0.46218487394957986
0.46153846153846156
0.4728682170542636
0.45454545454545453
0.472
0.4728682170542636
0.4628099173553719
0.46825396825396826
0.4672131147540984
0.46956521739130436
0.4732824427480916
0.4621212121212121
0.46153846153846156
0.4642857142857143
0.46551724137931033
0.47058823529411764
0.47244094488188976
0.4583333333333333
0.46218487394957986
0.46017699115044247
0.46017699115044247
0.4608695652173913
0.4661016949152542
0.46564885496183206
0.4628099173553719
0.4628099173553719
0.4672131147540984
0.4636363636363636
0.46564885496183206
0.45045045045045046
0.4628099173553719
0.4609375
0.475
0.4661016949152542
0.46551724137931033
0.4690265486725664
0.4645669291338583
0.4634146341463415
0.4594594594594595
0.4645669291338583
0.4628099173553719
0.4661016949152542
0.45901639344262296
0.4732824427480916
0.4576271186440678
0.472
0.46956521739130436
0.4666666666666667
0.4661016949152542
0.47244094488188976
0.46551724137931033
0.4700854700854701
0.4661016949152542
0.4634146341463415
0.4649122807017544
0.46153846153846156
0.45454545454545453
0.4636363636363636
0.4649122807017544
0.47058823529411764
0.45614035087719296
0.46551724137931033
0.4672131147540984
0.47058823529411764
0.4700854700854701
0.47580645161290325
0.46956521739130436
0.45901639344262296
0.4666666666666667
0.46218487394957986
0.4583333333333333
0.4628099173553719
0.4528301886792453
0.46774193548387094
0.4482758620689655
0.4608695652173913
0.46551724137931033
0.4661016949152542
0.4596774193548387
0.4608695652173913
0.4642857142857143
0.4628099173553719
0.46551724137931033
0.46956521739130436
0.45689655172413796
0.4628099173553719
0.4636363636363636
0.4583333333333333
0.4628099173553719
0.4642857142857143
0.46153846153846156
0.46551724137931033
0.4628099173553719
0.4628099173553719
0.45528455284552843
0.45901639344262296
0.46153846153846156
0.47368421052631576
0.46153846153846156
0.46564885496183206
0.46825396825396826
0.46153846153846156
0.4672131147540984
0.46153846153846156
0.4634146341463415
0.4576271186440678
0.4634146341463415
0.46774193548387094
0.4608695652173913
0.46774193548387094
0.46153846153846156
0.46153846153846156
0.4603174603174603
0.4608695652173913
0.46218487394957986
0.45217391304347826
0.4636363636363636
0.4594594594594595
0.45454545454545453
0.46153846153846156
0.4634146341463415
0.45132743362831856
0.46218487394957986
0.4576271186440678
0.4649122807017544
0.46551724137931033
0.45901639344262296
0.46153846153846156
0.45454545454545453
0.46017699115044247
0.46153846153846156
0.4628099173553719
0.46153846153846156
0.46551724137931033
0.46218487394957986
0.45871559633027525
0.4628099173553719
0.4666666666666667
0.45901639344262296
0.44954128440366975
0.46017699115044247
0.45714285714285713
0.453781512605042
0.4596774193548387
0.44954128440366975
0.4636363636363636
0.45535714285714285
0.4636363636363636
0.4583333333333333
0.452991452991453
0.45132743362831856
0.45132743362831856
0.45217391304347826
0.4576271186440678
0.4666666666666667
0.4666666666666667
0.46153846153846156
0.4485981308411215
0.44761904761904764
0.46153846153846156
0.4482758620689655
0.45614035087719296
0.4827586206896552
0.4645669291338583
0.45871559633027525
0.45454545454545453
0.46153846153846156
0.42857142857142855
0.4672131147540984
0.4645669291338583
0.4583333333333333
0.46153846153846156
0.4628099173553719
0.4576271186440678
0.4772727272727273
0.47058823529411764
0.4666666666666667
0.46715328467153283
0.46825396825396826
0.47794117647058826
0.47794117647058826
0.4645669291338583
0.47761194029850745
0.4728682170542636
0.4722222222222222
0.46616541353383456
0.4728682170542636
0.4732824427480916
0.4755244755244755
0.4785714285714286
0.46774193548387094
0.46923076923076923
0.472
0.4649122807017544
0.46808510638297873
0.47244094488188976
0.46923076923076923
0.4603174603174603
0.4715447154471545
0.47368421052631576
0.475
0.46218487394957986
0.47244094488188976
0.46774193548387094
0.4634146341463415
0.46715328467153283
0.4722222222222222
0.4596774193548387
0.472
0.4666666666666667
0.46825396825396826
0.4676258992805755
0.47540983606557374
0.4666666666666667
0.45901639344262296
0.46564885496183206
0.48148148148148145
0.47101449275362317
0.46825396825396826
0.4744525547445255
0.4728682170542636
0.47580645161290325
0.4672131147540984
0.464
0.4634146341463415
0.4626865671641791
0.4666666666666667
0.4672131147540984
0.4714285714285714
0.45689655172413796
0.4765625
0.45901639344262296
0.4628099173553719
0.46564885496183206
0.4634146341463415
0.46774193548387094
0.46956521739130436
0.4661016949152542
0.4715447154471545
0.4573643410852713
0.46825396825396826
0.4580152671755725
0.46956521739130436
0.4636363636363636
0.4634146341463415
0.46923076923076923
0.46825396825396826
0.45901639344262296
0.4583333333333333
0.45454545454545453
0.4661016949152542
0.45689655172413796
0.46774193548387094
0.4645669291338583
0.46551724137931033
0.46774193548387094
0.46825396825396826
0.45689655172413796
0.46218487394957986
0.4621212121212121
0.47368421052631576
0.46875
0.4634146341463415
0.46825396825396826
0.46564885496183206
0.4744525547445255
0.4740740740740741
0.4411764705882353
0.4728682170542636
0.4732824427480916
0.46808510638297873
0.4744525547445255
0.4772727272727273
0.475177304964539
0.4794520547945205
0.474025974025974
0.4755244755244755
0.475177304964539
0.47183098591549294
0.4797297297297297
0.4744525547445255
0.4785714285714286
0.4701492537313433
0.475177304964539
0.4782608695652174
0.4827586206896552
0.47586206896551725
0.4810126582278481
0.4791666666666667
0.47560975609756095
0.4827586206896552
0.475177304964539
0.47619047619047616
0.4791666666666667
0.4791666666666667
0.4810126582278481
0.48201438848920863
0.47619047619047616
0.47435897435897434
0.47619047619047616
0.47183098591549294
0.47183098591549294
0.4794520547945205
0.47904191616766467
0.4748201438848921
0.47183098591549294
0.4825174825174825
0.48026315789473684
0.4755244755244755
0.47761194029850745
0.48
0.4810126582278481
0.477124183006536
0.4794520547945205
0.4810126582278481
0.4807692307692308
0.48226950354609927
0.4868421052631579
0.484472049689441
0.47651006711409394
0.47651006711409394
0.47770700636942676
0.48427672955974843
0.48026315789473684
0.47368421052631576
0.4825174825174825
0.48026315789473684
0.48366013071895425
0.4840764331210191
0.4810126582278481
0.4713375796178344
0.4810126582278481
0.48148148148148145
0.4868421052631579
0.47878787878787876
0.4794520547945205
0.48148148148148145
0.4823529411764706
0.48466257668711654
0.4823529411764706
0.4810126582278481
0.47878787878787876
0.4819277108433735
0.4785276073619632
0.4759036144578313
0.4840764331210191
0.484375
0.4853801169590643
0.4861878453038674
0.483695652173913
0.4869109947643979
0.4838709677419355
0.4887640449438202
0.48295454545454547
0.48514851485148514
0.4898989898989899
0.4896907216494845
0.49344978165938863
0.49
0.49230769230769234
0.49099099099099097
0.49056603773584906
0.48792270531400966
0.49137931034482757
0.49145299145299143
0.49372384937238495
0.49214659685863876
0.49333333333333335
0.4883720930232558
0.48148148148148145
0.4931506849315068
0.48917748917748916
0.4928909952606635
0.49029126213592233
0.4975845410628019
0.49295774647887325
0.49356223175965663
0.49333333333333335
0.4978540772532189
0.4897119341563786
0.49777777777777776
0.48868778280542985
0.49794238683127573
0.49361702127659574
0.49107142857142855
0.496
0.49361702127659574
0.49321266968325794
0.49107142857142855
0.49783549783549785
0.49074074074074076
0.4928909952606635
0.4956140350877193
0.4947916666666667
0.4928909952606635
0.49
0.4945054945054945
0.4896907216494845
0.4895833333333333
0.4895833333333333
0.4860335195530726
0.4887640449438202
0.48936170212765956
0.484472049689441
0.49171270718232046
0.4864864864864865
0.49122807017543857
0.48663101604278075
0.49122807017543857
0.48863636363636365
0.49142857142857144
0.4823529411764706
0.487012987012987
0.4858757062146893
0.484472049689441
0.4875
0.47368421052631576
0.4866666666666667
0.4807692307692308
0.48366013071895425
0.4840764331210191
0.4805194805194805
0.4866666666666667
0.47586206896551725
0.4788732394366197
0.48
0.47794117647058826
0.4748201438848921
0.4772727272727273
0.4791666666666667
0.4744525547445255
0.48872180451127817
0.4728682170542636
0.4728682170542636
0.4748201438848921
0.4857142857142857
0.4748201438848921
0.47244094488188976
0.48
0.475177304964539
0.46511627906976744
0.4748201438848921
0.4827586206896552
0.46923076923076923
0.47058823529411764
0.477124183006536
0.47586206896551725
0.47761194029850745
0.47333333333333333
0.4796747967479675
0.47297297297297297
0.47761194029850745
0.48125
0.48125
0.47368421052631576
0.48148148148148145
0.48344370860927155
0.4755244755244755
0.48322147651006714
0.48214285714285715
0.47368421052631576
0.4827586206896552
0.48
0.474025974025974
0.47183098591549294
0.4755244755244755
0.4785714285714286
0.47586206896551725
0.4840764331210191
0.48125
0.474025974025974
0.4748201438848921
0.47297297297297297
0.475177304964539
0.4748201438848921
0.4794520547945205
0.4726027397260274
0.4755244755244755
0.4785714285714286
0.47468354430379744
0.47619047619047616
0.47435897435897434
0.4791666666666667
0.4744525547445255
0.4714285714285714
0.47368421052631576
0.4797297297297297
0.4785714285714286
0.46825396825396826
0.4728682170542636
0.47058823529411764
0.47368421052631576
0.46853146853146854
0.464
0.4715447154471545
0.47101449275362317
0.46511627906976744
0.47101449275362317
0.47107438016528924
0.4576271186440678
0.46923076923076923
0.45689655172413796
0.47368421052631576
0.46564885496183206
0.46511627906976744
0.4603174603174603
0.45901639344262296
0.45901639344262296
0.45454545454545453
0.46153846153846156
0.4626865671641791
0.46875
0.46875
0.45217391304347826
0.4596774193548387
0.46218487394957986
0.46564885496183206
0.46218487394957986
0.47107438016528924
0.45614035087719296
0.4583333333333333
0.45901639344262296
0.46564885496183206
0.46774193548387094
0.4594594594594595
0.45535714285714285
0.4482758620689655
0.4583333333333333
0.4744525547445255
0.45901639344262296
0.4576271186440678
0.45217391304347826
0.4594594594594595
0.4583333333333333
0.45689655172413796
0.4661016949152542
0.4583333333333333
0.46923076923076923
0.45614035087719296
0.46564885496183206
0.4649122807017544
0.45901639344262296
0.4645669291338583
0.46153846153846156
0.4634146341463415
0.4576271186440678
0.4645669291338583
0.46825396825396826
0.45689655172413796
0.47058823529411764
0.4701492537313433
0.46511627906976744
0.46923076923076923
0.472
0.4728682170542636
0.475177304964539
0.4722222222222222
0.46153846153846156
0.47761194029850745
0.47368421052631576
0.4728682170542636
0.47101449275362317
0.47297297297297297
0.4772727272727273
0.4797297297297297
0.4748201438848921
0.46938775510204084
0.4732824427480916
0.4744525547445255
0.4825174825174825
0.4744525547445255
0.4797297297297297
0.4755244755244755
0.47297297297297297
0.47692307692307695
0.46808510638297873
0.47586206896551725
0.47096774193548385
0.4722222222222222
0.4755244755244755
0.47244094488188976
0.46808510638297873
0.47368421052631576
0.4714285714285714
0.46825396825396826
0.4744525547445255
0.4626865671641791
0.4701492537313433
0.4642857142857143
0.4772727272727273
0.47101449275362317
0.46808510638297873
0.46616541353383456
0.47580645161290325
0.4696969696969697
0.463768115942029
0.4676258992805755
0.4782608695652174
0.47761194029850745
0.4672131147540984
0.46564885496183206
0.4701492537313433
0.475177304964539
0.46564885496183206
0.46875
0.4726027397260274
0.4722222222222222
0.47297297297297297
0.4645669291338583
0.47183098591549294
0.4740740740740741
0.474025974025974
0.475177304964539
0.47333333333333333
0.475177304964539
0.4791666666666667
0.47619047619047616
0.4722222222222222
0.47586206896551725
0.4701492537313433
0.47586206896551725
0.475177304964539
0.4782608695652174
0.4772727272727273
0.4701492537313433
0.47651006711409394
0.48031496062992124
0.47368421052631576
0.47096774193548385
0.47770700636942676
0.4794520547945205
0.4774193548387097
0.47619047619047616
0.47794117647058826
0.47058823529411764
0.47368421052631576
