0.5
0.5
0.5
0.49666666666666665
0.5
0.5033333333333333
0.5
0.5
0.5
0.5
0.5033333333333333
0.5
0.5033333333333333
0.5066666666666667
0.49666666666666665
0.5
0.5
0.5
0.5
0.5
0.5
0.5
0.5
0.5033333333333333
0.5033333333333333
0.5
0.5
0.49666666666666665
0.5
0.5
0.5
0.5
0.5
0.5
0.5
0.5
0.49333333333333335
0.5
0.5033333333333333
0.5
0.5
0.5
0.5
0.49666666666666665
0.5
0.5
0.5
0.5
0.5
0.5033333333333333
0.5
0.5
0.5033333333333333
0.49666666666666665
0.5066666666666667
0.5
0.5
0.49666666666666665
0.5
0.5
0.5033333333333333
0.5
0.5
0.5
0.5
0.5066666666666667
0.49666666666666665
0.5
0.5
0.5
0.5
0.5033333333333333
0.5
0.5033333333333333
0.49666666666666665
0.49666666666666665
0.5066666666666667
0.5
0.5
0.5
0.5
0.49666666666666665
0.5
0.5033333333333333
0.5033333333333333
0.5
0.5
0.49666666666666665
0.5033333333333333
0.5033333333333333
0.5033333333333333
0.49666666666666665
0.5
0.5033333333333333
0.5
0.49666666666666665
0.5033333333333333
0.5
0.49666666666666665
0.5
0.5066666666666667
0.5
0.5033333333333333
0.5
0.5
0.49666666666666665
0.5
0.5
0.5
0.5
0.5033333333333333
0.49666666666666665
0.5
0.5033333333333333
0.49666666666666665
0.49666666666666665
0.5
0.5
0.5033333333333333
0.5
0.5
0.5033333333333333
0.5
0.49666666666666665
0.49666666666666665
0.49666666666666665
0.5
0.49666666666666665
0.5
0.5
0.5033333333333333
0.49666666666666665
0.49666666666666665
0.5
0.49666666666666665
0.49666666666666665
0.5
0.5
0.5033333333333333
0.5
0.5
0.49666666666666665
0.5066666666666667
0.5
0.5
0.5
0.49666666666666665
0.5033333333333333
0.5
0.49333333333333335
0.5
0.5
0.49333333333333335
0.5033333333333333
0.5
0.49666666666666665
0.5
0.5033333333333333
0.5033333333333333
0.5
0.5
0.5
0.5
0.49666666666666665
0.5
0.5
0.49333333333333335
0.5066666666666667
0.5
0.5
0.5
0.49666666666666665
0.49666666666666665
0.5
0.49333333333333335
0.49666666666666665
0.49333333333333335
0.49666666666666665
0.49333333333333335
0.5
0.5
0.5033333333333333
0.49666666666666665
0.49666666666666665
0.49666666666666665
0.5033333333333333
0.49333333333333335
0.49333333333333335
0.5033333333333333
0.49666666666666665
0.49333333333333335
0.5
0.49666666666666665
0.5033333333333333
0.49666666666666665
0.5
0.49666666666666665
0.49333333333333335
0.49666666666666665
0.49666666666666665
0.49333333333333335
0.5
0.5033333333333333
0.5066666666666667
0.5
0.5
0.5066666666666667
0.49666666666666665
0.5
0.49333333333333335
0.5033333333333333
0.5
0.5
0.5
0.5
0.49666666666666665
0.49666666666666665
0.49333333333333335
0.49666666666666665
0.5066666666666667
0.5
0.49666666666666665
0.5033333333333333
0.49
0.49666666666666665
0.5
0.49333333333333335
0.49666666666666665
0.5033333333333333
0.5
0.49
0.5
0.5
0.5
0.49666666666666665
0.49333333333333335
0.49333333333333335
0.49666666666666665
0.49666666666666665
0.4866666666666667
0.49333333333333335
0.49666666666666665
0.49
0.49333333333333335
0.49666666666666665
0.49666666666666665
0.49333333333333335
0.49
0.5
0.49666666666666665
0.5168067226890757
0.49666666666666665
0.49333333333333335
0.5033333333333333
0.49
0.49333333333333335
0.5066666666666667
0.5035714285714286
0.49
0.49333333333333335
0.49333333333333335
0.49666666666666665
0.49333333333333335
0.5125448028673835
0.509090909090909
0.49
0.5095785440613027
0.5
0.5
0.5033333333333333
0.49666666666666665
0.49783549783549785
0.4939759036144578
0.4909090909090909
0.49666666666666665
0.5072463768115942
0.4866666666666667
0.5
0.5
0.49333333333333335
0.49666666666666665
0.49333333333333335
0.5
0.49666666666666665
0.5033333333333333
0.51
0.49
0.49666666666666665
0.5
0.5033333333333333
0.5066666666666667
0.5066666666666667
0.49333333333333335
0.51
0.5017421602787456
0.49666666666666665
0.49333333333333335
0.49
0.5033333333333333
0.5033333333333333
0.5066666666666667
0.5033333333333333
0.5
0.5066666666666667
0.51
0.49666666666666665
0.5066666666666667
0.49333333333333335
0.5033333333333333
0.49
0.5033333333333333
0.5066666666666667
0.5033333333333333
0.49333333333333335
0.5033333333333333
0.49666666666666665
0.49666666666666665
0.4962686567164179
0.49666666666666665
0.49
0.49
0.4977168949771689
0.5066666666666667
0.5
0.5066666666666667
0.49
0.5033333333333333
0.49333333333333335
0.5
0.5033333333333333
0.5
0.5033333333333333
0.5
0.49
0.5033333333333333
0.5
0.5
0.51
0.5066666666666667
0.5066666666666667
0.49333333333333335
0.5
0.49666666666666665
0.49
0.5038167938931297
0.49333333333333335
0.49666666666666665
0.5033333333333333
0.5066666666666667
0.5033333333333333
0.5066666666666667
0.49666666666666665
0.49666666666666665
0.5018181818181818
0.5
0.5066666666666667
0.5033333333333333
0.5
0.49666666666666665
0.51
0.49666666666666665
0.5066666666666667
0.51
0.5
0.5018867924528302
0.49666666666666665
0.49333333333333335
0.5
0.51
0.49666666666666665
0.49
0.5066666666666667
0.49333333333333335
0.51
0.49666666666666665
0.49333333333333335
0.49666666666666665
0.49333333333333335
0.51
0.5033333333333333
0.49
0.503968253968254
0.49
0.5033333333333333
0.5
0.5022421524663677
0.49666666666666665
0.48333333333333334
0.496551724137931
0.49333333333333335
0.49458483754512633
0.5072463768115942
0.5
0.5066666666666667
0.5
0.49666666666666665
0.5
0.5102040816326531
0.49666666666666665
0.5021459227467812
0.49
0.5020576131687243
0.4866666666666667
0.49
0.4866666666666667
0.4977578475336323
0.49
0.4866666666666667
0.5020746887966805
0.49324324324324326
0.5017921146953405
0.5
0.5095238095238095
0.48333333333333334
0.4980392156862745
0.5
0.4866666666666667
0.515695067264574
0.49
0.4866666666666667
0.51440329218107
0.5120967741935484
0.5176991150442478
0.49333333333333335
0.49
0.5078740157480315
0.49
0.4866666666666667
0.4866666666666667
0.49666666666666665
0.49
0.5065502183406113
0.5135135135135135
0.50199203187251
0.49666666666666665
0.4866666666666667
0.5046728971962616
0.4978723404255319
0.49557522123893805
0.5185185185185185
0.5094339622641509
0.5076335877862596
0.504424778761062
0.4978540772532189
0.48333333333333334
0.504
0.49333333333333335
0.5073529411764706
0.48333333333333334
0.4866666666666667
0.5066666666666667
0.5020576131687243
0.5
0.5033333333333333
0.49
0.4866666666666667
0.48333333333333334
0.49666666666666665
0.4947916666666667
0.5
0.4866666666666667
0.4866666666666667
0.49
0.5
0.49333333333333335
0.49333333333333335
0.5038167938931297
0.4959349593495935
0.48333333333333334
0.5138888888888888
0.48333333333333334
0.4866666666666667
0.49586776859504134
0.5024875621890548
0.5033333333333333
0.48333333333333334
0.5033333333333333
0.49800796812749004
0.48333333333333334
0.48
0.5106382978723404
0.5018867924528302
0.5022421524663677
0.4978902953586498
0.5106382978723404
0.5
0.49
0.5151515151515151
0.5203619909502263
0.4979919678714859
0.49333333333333335
0.5126050420168067
0.5
0.51
0.48333333333333334
0.5106382978723404
0.5037878787878788
0.5063291139240507
0.49333333333333335
0.5034013605442177
0.5
0.5212355212355212
0.5067264573991032
0.5067264573991032
0.49
0.4866666666666667
0.4864864864864865
0.5020408163265306
0.5070422535211268
0.5041322314049587
0.49666666666666665
0.5081967213114754
0.5111111111111111
0.4866666666666667
0.5138888888888888
0.48333333333333334
0.5037878787878788
0.4866666666666667
0.5095238095238095
0.4866666666666667
0.49666666666666665
0.49814126394052044
0.4962121212121212
0.5018867924528302
0.5051903114186851
0.5106382978723404
0.5
0.502127659574468
0.5
0.5087719298245614
0.5055350553505535
0.5
0.49333333333333335
0.49333333333333335
0.4866666666666667
0.4866666666666667
0.4866666666666667
0.49714285714285716
0.49333333333333335
0.48333333333333334
0.5066666666666667
0.5073170731707317
0.50187265917603
0.49666666666666665
0.49
0.49333333333333335
0.49666666666666665
0.4866666666666667
0.49
0.4981949458483754
0.5104166666666666
0.4866666666666667
0.49
0.4866666666666667
0.49333333333333335
0.49
0.49
0.4866666666666667
0.49333333333333335
0.49666666666666665
0.49
0.49666666666666665
0.49333333333333335
0.49
0.49
0.5033333333333333
0.49
0.49333333333333335
0.502092050209205
0.49333333333333335
0.48880597014925375
0.49666666666666665
0.49333333333333335
0.49
0.49333333333333335
0.49333333333333335
0.4975609756097561
0.49333333333333335
0.49666666666666665
0.4897260273972603
0.49666666666666665
0.49166666666666664
0.5062240663900415
0.49333333333333335
0.4929078014184397
0.49333333333333335
0.49642857142857144
0.49
0.49666666666666665
0.49333333333333335
0.5
0.49
0.4866666666666667
0.49158249158249157
0.4977168949771689
0.49666666666666665
0.51
0.4931506849315068
0.49333333333333335
0.49333333333333335
0.49666666666666665
0.49666666666666665
0.5
0.5097087378640777
0.49615384615384617
0.49
0.5
0.4866666666666667
0.49333333333333335
0.49666666666666665
0.4966442953020134
0.49333333333333335
0.49666666666666665
0.4866666666666667
0.49
0.4963768115942029
0.5033333333333333
0.49
0.49333333333333335
0.49333333333333335
0.4975124378109453
0.5143884892086331
0.5066666666666667
0.5
0.4954128440366973
0.51
0.5033333333333333
0.4965277777777778
0.51
0.5
0.5027322404371585
0.5078125
0.5
0.5033333333333333
0.51
0.5033333333333333
0.51
0.49019607843137253
0.4965753424657534
0.4973821989528796
0.4948453608247423
0.49666666666666665
0.49477351916376305
0.5166666666666667
0.49
0.5059288537549407
0.49
0.49572649572649574
0.49666666666666665
0.48464163822525597
0.5025906735751295
0.4910394265232975
0.5
0.5
0.4950980392156863
0.48333333333333334
0.49333333333333335
0.4925373134328358
0.5
0.4946236559139785
0.49
0.5066666666666667
0.49666666666666665
0.4863013698630137
0.49666666666666665
0.5
0.49333333333333335
0.49079754601226994
0.5
0.5066666666666667
0.5
0.5033333333333333
0.49666666666666665
0.49
0.5
0.49333333333333335
0.49
0.4866666666666667
0.49333333333333335
0.4888888888888889
0.49666666666666665
0.5033333333333333
0.5042372881355932
0.49
0.5136363636363637
0.5033333333333333
0.49
0.49
0.4912891986062718
0.5066666666666667
0.4866666666666667
0.49666666666666665
0.4944649446494465
0.51
0.5066666666666667
0.5
0.49333333333333335
0.49666666666666665
0.49666666666666665
0.49666666666666665
0.49642857142857144
0.5066666666666667
0.4866666666666667
0.5
0.49666666666666665
0.5033333333333333
0.49433962264150944
0.49333333333333335
0.49333333333333335
0.5033333333333333
0.4921875
0.49333333333333335
0.49666666666666665
0.4929078014184397
0.5033333333333333
0.49666666666666665
0.49333333333333335
0.49666666666666665
0.5055555555555555
0.5
0.4866666666666667
0.5126353790613718
0.4965753424657534
0.4927007299270073
0.49666666666666665
0.49333333333333335
0.49666666666666665
0.506896551724138
0.5033333333333333
0.49333333333333335
0.5066666666666667
0.49
0.5033333333333333
0.5
0.49333333333333335
0.49
0.49666666666666665
0.51
0.49666666666666665
0.49333333333333335
0.5130111524163569
0.49666666666666665
0.49
0.5066666666666667
0.49333333333333335
0.5
0.5
0.5
0.5
0.49666666666666665
0.49333333333333335
0.49333333333333335
0.5
0.5066666666666667
0.4982456140350877
0.5
0.49
0.49
0.5
0.49333333333333335
0.5066666666666667
0.5
0.5066666666666667
0.5
0.49333333333333335
0.49666666666666665
0.5
0.5
0.49
0.51
0.5033333333333333
0.5
0.49666666666666665
0.5
0.5
0.5033333333333333
0.5
0.5
0.51
0.5
0.49666666666666665
0.49666666666666665
0.5
0.49666666666666665
0.49
0.5
0.5
0.5033333333333333
0.49666666666666665
0.5
0.51
0.5066666666666667
0.49666666666666665
0.5033333333333333
0.5033333333333333
0.5033333333333333
0.49666666666666665
0.5066666666666667
0.5033333333333333
0.5033333333333333
0.5033333333333333
0.5
0.5033333333333333
0.5033333333333333
0.49333333333333335
0.5066666666666667
0.5066666666666667
0.49333333333333335
0.5
0.49666666666666665
0.5033333333333333
0.49666666666666665
0.5033333333333333
0.5066666666666667
0.49666666666666665
0.5
0.5
0.49666666666666665
0.5033333333333333
0.5
0.49333333333333335
0.5
0.49666666666666665
0.49666666666666665
0.49666666666666665
0.5
0.49666666666666665
0.5033333333333333
0.5066666666666667
0.49333333333333335
0.49666666666666665
0.49333333333333335
0.5
0.5
0.5
0.49666666666666665
0.5033333333333333
0.5
0.5033333333333333
0.49666666666666665
0.5
0.49666666666666665
0.49666666666666665
0.49
0.49666666666666665
0.5
0.5033333333333333
0.5033333333333333
0.49666666666666665
0.5
0.49333333333333335
0.49666666666666665
0.5
0.5033333333333333
0.5066666666666667
0.5033333333333333
0.5033333333333333
0.5033333333333333
0.49666666666666665
0.5
0.5033333333333333
0.49666666666666665
0.5066666666666667
0.49666666666666665
0.5033333333333333
0.5066666666666667
0.5033333333333333
0.5033333333333333
0.5033333333333333
0.5033333333333333
0.5033333333333333
0.5066666666666667
0.5
0.49666666666666665
0.5
0.5033333333333333
0.5033333333333333
0.5
0.49666666666666665
0.5033333333333333
0.5
0.49
0.5
0.5033333333333333
0.5033333333333333
0.49666666666666665
0.5
0.5033333333333333
0.5066666666666667
0.5033333333333333
0.49333333333333335
0.5
0.5033333333333333
0.51
0.49666666666666665
0.49333333333333335
0.49
0.5
0.5066666666666667
0.49333333333333335
0.49666666666666665
0.5033333333333333
0.5033333333333333
0.5033333333333333
0.5033333333333333
0.5033333333333333
0.5033333333333333
0.49666666666666665
0.49
0.5033333333333333
0.49666666666666665
0.5033333333333333
0.5
0.5
0.5033333333333333
0.49666666666666665
0.5033333333333333
0.5
0.5066666666666667
0.5
0.5
0.49333333333333335
0.5
0.5033333333333333
0.5033333333333333
0.5
0.5
0.5033333333333333
0.5033333333333333
0.49666666666666665
0.5033333333333333
0.49666666666666665
0.49333333333333335
0.5
0.5
0.5
0.5066666666666667
0.5
0.49333333333333335
0.5033333333333333
0.49333333333333335
0.5033333333333333
0.49666666666666665
0.49666666666666665
0.51
0.5
0.5066666666666667
0.5066666666666667
0.5
0.49666666666666665
0.49666666666666665
0.49666666666666665
0.5066666666666667
0.5066666666666667
0.5
0.5033333333333333
0.49333333333333335
0.5
0.5066666666666667
0.5033333333333333
0.5
0.5
0.5033333333333333
0.49333333333333335
0.5066666666666667
0.5066666666666667
0.5038759689922481
0.5
0.5033333333333333
0.5033333333333333
0.5
0.51
0.5
0.5066666666666667
0.5
0.5033333333333333
0.5033333333333333
0.5066666666666667
0.5
0.5033333333333333
0.49333333333333335
0.49666666666666665
0.5033333333333333
0.5033333333333333
0.5
0.5
0.5
0.5033333333333333
0.5033333333333333
0.51
0.5066666666666667
0.51
0.5
0.5066666666666667
0.5066666666666667
0.5033333333333333
0.5
0.5033333333333333
0.5033333333333333
0.5033333333333333
