0.5
0.5
0.5
0.5
0.5033333333333333
0.5
0.5
0.5
0.5033333333333333
0.5
0.5
0.5
0.5
0.5
0.5
0.5
0.5
0.5
0.5
0.5
0.5
0.5
0.5033333333333333
0.5
0.5033333333333333
0.5033333333333333
0.5
0.5
0.5033333333333333
0.5033333333333333
0.5
0.49666666666666665
0.5033333333333333
0.5
0.5
0.5033333333333333
0.5033333333333333
0.5
0.5
0.5
0.5
0.5
0.5
0.5
0.5
0.5
0.5033333333333333
0.5
0.5
0.5
0.5033333333333333
0.5033333333333333
0.5
0.5033333333333333
0.5
0.5
0.5033333333333333
0.5033333333333333
0.5033333333333333
0.5033333333333333
0.5033333333333333
0.5033333333333333
0.5033333333333333
0.5033333333333333
0.5033333333333333
0.5033333333333333
0.5033333333333333
0.5033333333333333
0.5033333333333333
0.5035460992907801
0.5052264808362369
0.5072992700729927
0.5092936802973977
0.5076923076923077
0.5061728395061729
0.5058823529411764
0.5109170305676856
0.5063291139240507
0.5062761506276151
0.5079365079365079
0.5131578947368421
0.5125
0.5098814229249012
0.509090909090909
0.5082644628099173
0.5078125
0.5085324232081911
0.5039370078740157
0.5064377682403434
0.5075757575757576
0.5050167224080268
0.5066666666666667
0.5066666666666667
0.5051194539249146
0.5033333333333333
0.5066666666666667
0.5033333333333333
0.5066666666666667
0.5033333333333333
0.5033333333333333
0.5
0.5033333333333333
0.5033333333333333
0.5
0.5033333333333333
0.5033333333333333
0.5033333333333333
0.5
0.5033333333333333
0.5
0.5033333333333333
0.5
0.5033333333333333
0.5033333333333333
0.5033333333333333
0.5
0.5
0.5
0.5033333333333333
0.5
0.5033333333333333
0.5
0.5
0.5033333333333333
0.5
0.5033333333333333
0.5
0.5033333333333333
0.5
0.5
0.5
0.5
0.5
0.5
0.5
0.5
0.5033333333333333
0.5
0.5
0.5
0.5
0.5033333333333333
0.5
0.5033333333333333
0.5
0.5
0.5
0.5033333333333333
0.5033333333333333
0.5
0.5
0.5
0.5
0.5
0.5
0.5033333333333333
0.5
0.5033333333333333
0.5033333333333333
0.5
0.5
0.5
0.5
0.5033333333333333
0.5
0.5033333333333333
0.5
0.5
0.5033333333333333
0.5
0.5033333333333333
0.5
0.5033333333333333
0.5
0.5
0.5
0.5033333333333333
0.5033333333333333
0.5
0.5
0.5033333333333333
0.5
0.5
0.5033333333333333
0.5
0.5
0.5
0.5033333333333333
0.5
0.5033333333333333
0.5
0.5033333333333333
0.5
0.5
0.5033333333333333
0.5
0.5
0.5
0.5033333333333333
0.5
0.5
0.5
0.5
0.5
0.5
0.5
0.5
0.5
0.5
0.5
0.5
0.5033333333333333
0.5
0.5
0.5
0.5
0.5
0.5
0.5
0.5
0.5
0.5
0.5033333333333333
0.5033333333333333
0.5033333333333333
0.5
0.5
0.5
0.5
0.5
0.5033333333333333
0.5
0.5033333333333333
0.5033333333333333
0.5033333333333333
0.5033333333333333
0.5033333333333333
0.5033333333333333
0.5033333333333333
0.5033333333333333
0.5033333333333333
0.5
0.5033333333333333
0.5
0.5033333333333333
0.5033333333333333
0.5033333333333333
0.5
0.5033333333333333
0.5
0.5
0.49666666666666665
0.5033333333333333
0.5
0.49666666666666665
0.5033333333333333
0.5
0.5033333333333333
0.5033333333333333
0.5
0.49666666666666665
0.5
0.5
0.5
0.5
0.5
0.5
0.5
0.5033333333333333
0.5033333333333333
0.5
0.5
0.5
0.5
0.5
0.5
0.5
0.5
0.49666666666666665
0.5
0.5
0.5
0.5
0.49666666666666665
0.5
0.5
0.5
0.5033333333333333
0.5
0.5
0.5
0.5
0.5
0.5
0.49666666666666665
0.5
0.5
0.5
0.5
0.5
0.5033333333333333
0.5033333333333333
0.5
0.5
0.49666666666666665
0.49666666666666665
0.5
0.5
0.5
0.5
0.5
0.5033333333333333
0.5
0.49666666666666665
0.5
0.5
0.5
0.5
0.49666666666666665
0.5
0.5
0.5
0.5
0.5
0.5
0.5
0.5
0.5033333333333333
0.5
0.5
0.49666666666666665
0.5033333333333333
0.5
0.5
0.5
0.5
0.5
0.5
0.49666666666666665
0.5
0.5
0.49666666666666665
0.5
0.5
0.5
0.5
0.5
0.5
0.49666666666666665
0.5
0.5
0.5
0.5
0.5
0.5033333333333333
0.5
0.5
0.5
0.5
0.5
0.5
0.5
0.5
0.5
0.5
0.5
0.49666666666666665
0.5
0.5
0.5
0.5
0.5033333333333333
0.49666666666666665
0.49666666666666665
0.5
0.5
0.5
0.5033333333333333
0.5033333333333333
0.5033333333333333
0.5
0.5
0.5
0.5033333333333333
0.5
0.5
0.5033333333333333
0.5
0.5
0.5
0.5
0.5
0.5
0.49666666666666665
0.5
0.5033333333333333
0.5
0.49666666666666665
0.5
0.5
0.49666666666666665
0.5
0.5
0.5033333333333333
0.5033333333333333
0.5
0.49666666666666665
0.5
0.5
0.49666666666666665
0.5033333333333333
0.5
0.5
0.5
0.5
0.5
0.5
0.5
0.5033333333333333
0.5
0.5
0.5
0.5033333333333333
0.5
0.5
0.5
0.5033333333333333
0.5
0.5
0.49666666666666665
0.5
0.5
0.49666666666666665
0.5
0.5
0.5
0.5
0.5
0.5033333333333333
0.5
0.5
0.5
0.5
0.49666666666666665
0.5
0.5
0.5
0.5033333333333333
0.5
0.5
0.5
0.5
0.5
0.49666666666666665
0.5
0.5
0.5
0.5
0.5
0.5
0.49666666666666665
0.5033333333333333
0.5033333333333333
0.49666666666666665
0.5
0.5
0.5
0.5
0.49666666666666665
0.5
0.5
0.5
0.5
0.5
0.5
0.5
0.5
0.49666666666666665
0.5
0.5
0.5
0.5
0.5
0.5
0.5
0.5
0.5
0.5
0.5033333333333333
0.5
0.5
0.5
0.5
0.5
0.5
0.5
0.5033333333333333
0.5
0.5
0.5
0.5
0.5
0.5
0.5033333333333333
0.5
0.49666666666666665
0.5
0.5
0.5
0.49666666666666665
0.49666666666666665
0.5
0.5
0.5
0.5
0.5
0.5033333333333333
0.5
0.5033333333333333
0.5033333333333333
0.5
0.5
0.5
0.5033333333333333
0.49666666666666665
0.5
0.5
0.49666666666666665
0.5
0.5
0.5033333333333333
0.5
0.5
0.49666666666666665
0.49666666666666665
0.5
0.49666666666666665
0.49666666666666665
0.5
0.49666666666666665
0.5
0.49666666666666665
0.49666666666666665
0.49666666666666665
0.5
0.5033333333333333
0.49666666666666665
0.49666666666666665
0.49666666666666665
0.49666666666666665
0.5
0.5
0.5
0.5
0.49666666666666665
0.49666666666666665
0.49666666666666665
0.49666666666666665
0.5
0.5
0.5
0.5
0.49666666666666665
0.49666666666666665
0.5033333333333333
0.49666666666666665
0.5
0.49333333333333335
0.5
0.49666666666666665
0.5
0.49666666666666665
0.5
0.5
0.5
0.5
0.49666666666666665
0.49666666666666665
0.49666666666666665
0.49333333333333335
0.5
0.5
0.49666666666666665
0.49666666666666665
0.49666666666666665
0.49666666666666665
0.49666666666666665
0.5
0.5
0.5033333333333333
0.49666666666666665
0.5
0.5
0.5
0.5
0.49666666666666665
0.5033333333333333
0.49666666666666665
0.5
0.5
0.49666666666666665
0.49666666666666665
0.5
0.5
0.5033333333333333
0.5033333333333333
0.5
0.5
0.49666666666666665
0.49666666666666665
0.49666666666666665
0.5
0.5
0.5
0.49666666666666665
0.49666666666666665
0.49333333333333335
0.49666666666666665
0.49666666666666665
0.5
0.5
0.49666666666666665
0.5
0.49666666666666665
0.49666666666666665
0.5
0.5033333333333333
0.5
0.5
0.49333333333333335
0.49666666666666665
0.49666666666666665
0.5
0.5
0.5
0.49666666666666665
0.49666666666666665
0.5
0.49666666666666665
0.49666666666666665
0.49666666666666665
0.49666666666666665
0.5
0.5
0.49666666666666665
0.49666666666666665
0.5
0.5
0.49666666666666665
0.49666666666666665
0.5
0.49666666666666665
0.5
0.5
0.49666666666666665
0.49666666666666665
0.49666666666666665
0.49666666666666665
0.49666666666666665
0.49666666666666665
0.49333333333333335
0.49666666666666665
0.5
0.49666666666666665
0.49666666666666665
0.5
0.49666666666666665
0.5
0.5
0.5
0.5
0.49666666666666665
0.5033333333333333
0.5
0.49666666666666665
0.49666666666666665
0.5033333333333333
0.49666666666666665
0.49666666666666665
0.5
0.5
0.5
0.5
0.5
0.5
0.49333333333333335
0.5
0.5
0.5
0.5
0.5
0.5
0.49666666666666665
0.5
0.5
0.5
0.5
0.5
0.5
0.5
0.5
0.49666666666666665
0.49666666666666665
0.49666666666666665
0.5
0.49666666666666665
0.5
0.5
0.5
0.5
0.5
0.5
0.5
0.49666666666666665
0.5
0.5
0.5
0.5
0.5
0.5
0.49666666666666665
0.5
0.49666666666666665
0.49666666666666665
0.49666666666666665
0.49666666666666665
0.5
0.5
0.49666666666666665
0.5
0.5
0.49666666666666665
0.49666666666666665
0.49666666666666665
0.49666666666666665
0.5
0.5
0.5
0.5033333333333333
0.5
0.5
0.5
0.5
0.49666666666666665
0.5
0.5033333333333333
0.5
0.5
0.49666666666666665
0.5
0.5
0.5033333333333333
0.49666666666666665
0.5033333333333333
0.5033333333333333
0.49666666666666665
0.49666666666666665
0.5033333333333333
0.5
0.5
0.5
0.5033333333333333
0.5
0.5
0.5
0.5
0.5
0.5033333333333333
0.5033333333333333
0.49666666666666665
0.49666666666666665
0.5
0.5033333333333333
0.5066666666666667
0.5
0.5
0.5033333333333333
0.5
0.5
0.5033333333333333
0.49666666666666665
0.5
0.49666666666666665
0.5
0.5033333333333333
0.5033333333333333
0.5
0.5033333333333333
0.5033333333333333
0.5
0.5
0.5033333333333333
0.5
0.5
0.5033333333333333
0.5
0.5033333333333333
0.5
0.5
0.5
0.5033333333333333
0.49666666666666665
0.5033333333333333
0.5033333333333333
0.5
0.5033333333333333
0.5033333333333333
0.5
0.49666666666666665
0.5
0.5
0.5
0.49666666666666665
0.5
0.5
0.5033333333333333
0.49666666666666665
0.5
0.5066666666666667
0.5
0.5033333333333333
0.5033333333333333
0.5033333333333333
0.5066666666666667
0.5
0.5066666666666667
0.5
0.49666666666666665
0.5033333333333333
0.51
0.5033333333333333
0.5066666666666667
0.5033333333333333
0.5033333333333333
0.5066666666666667
0.5066666666666667
0.5033333333333333
0.5066666666666667
0.5033333333333333
0.51
0.5
0.5066666666666667
0.51
0.5
0.5066666666666667
0.5066666666666667
0.5066666666666667
0.5066666666666667
0.51
0.5066666666666667
0.5033333333333333
0.5066666666666667
0.5066666666666667
0.5033333333333333
0.5066666666666667
0.5033333333333333
0.5066666666666667
0.5033333333333333
0.5033333333333333
0.5033333333333333
0.5033333333333333
0.5066666666666667
0.5066666666666667
0.5066666666666667
0.5033333333333333
0.5033333333333333
0.5066666666666667
0.5066666666666667
0.5
0.5
0.5066666666666667
0.5033333333333333
0.5
0.5
0.5033333333333333
0.5033333333333333
0.5033333333333333
0.5033333333333333
0.5
0.5033333333333333
0.5033333333333333
0.5
0.49666666666666665
0.5033333333333333
0.5066666666666667
0.5066666666666667
0.5033333333333333
0.5
0.5
0.5033333333333333
0.5
0.5033333333333333
0.5033333333333333
0.5033333333333333
0.5
0.5033333333333333
0.5033333333333333
0.5
0.5033333333333333
0.5
0.5
0.5066666666666667
0.5033333333333333
0.49666666666666665
0.5
0.5033333333333333
0.5
0.5066666666666667
0.5
0.5033333333333333
0.5
0.5
0.5
0.5
0.5
0.5
0.5
0.5
0.5
0.5
0.5
0.5
0.49666666666666665
0.5033333333333333
0.5
0.5033333333333333
0.5
0.5033333333333333
0.5033333333333333
0.5033333333333333
0.5033333333333333
0.5033333333333333
0.5033333333333333
0.5033333333333333
0.49666666666666665
0.5066666666666667
0.5033333333333333
0.5
0.49603174603174605
0.5066666666666667
0.5
0.4957627118644068
0.5
0.5
0.5
0.5032679738562091
0.5
0.5066666666666667
0.5066666666666667
0.5029940119760479
0.5066666666666667
0.5
0.49523809523809526
0.5
0.5
0.5033333333333333
0.49666666666666665
0.5066666666666667
0.5
0.5
0.5066666666666667
0.5033333333333333
0.49666666666666665
0.5
0.5033333333333333
0.49666666666666665
0.5
0.4895833333333333
0.5033333333333333
0.5
0.5017064846416383
0.51
0.5
0.5
0.5033333333333333
0.5033333333333333
0.5
0.5
0.5
0.5033333333333333
0.5
0.5
0.5033333333333333
0.5
0.5033333333333333
0.5
0.5
0.49333333333333335
0.5
0.5033333333333333
0.5
0.49333333333333335
0.49666666666666665
0.49333333333333335
0.49333333333333335
0.5
0.5033333333333333
0.49666666666666665
0.5033333333333333
0.5
