0.5033333333333333
0.49666666666666665
0.49666666666666665
0.5
0.49666666666666665
0.5
0.49666666666666665
0.5
0.49666666666666665
0.5
0.49666666666666665
0.49666666666666665
0.49666666666666665
0.49666666666666665
0.5
0.49666666666666665
0.49666666666666665
0.49666666666666665
0.5
0.49666666666666665
0.5
0.5
0.49666666666666665
0.5
0.5
0.5
0.49666666666666665
0.5
0.5
0.5
0.5
0.49666666666666665
0.5
0.5
0.5
0.5
0.49666666666666665
0.5
0.49666666666666665
0.49666666666666665
0.5
0.5
0.5
0.5
0.5
0.5033333333333333
0.5
0.5
0.5
0.5
0.5033333333333333
0.5
0.49666666666666665
0.5
0.5
0.5
0.5
0.5033333333333333
0.49666666666666665
0.5
0.5
0.5
0.5
0.5033333333333333
0.5033333333333333
0.5
0.5
0.5
0.5
0.5033333333333333
0.5
0.5
0.5
0.5033333333333333
0.5033333333333333
0.5
0.5
0.5
0.5
0.49666666666666665
0.5
0.49666666666666665
0.5
0.5
0.5
0.5
0.5
0.5
0.5
0.5
0.5
0.5
0.5
0.5
0.5
0.5
0.49666666666666665
0.5
0.5033333333333333
0.5
0.5
0.49666666666666665
0.5
0.5
0.5
0.5
0.49666666666666665
0.5
0.5
0.5
0.5
0.5
0.5
0.5
0.5
0.5
0.5
0.5
0.5033333333333333
0.5
0.5
0.5
0.5
0.5
0.5
0.5
0.5
0.5
0.5
0.5
0.5
0.5
0.5
0.5
0.5
0.49666666666666665
0.5
0.5
0.5
0.5
0.5
0.5
0.5
0.5
0.5
0.5
0.5
0.49666666666666665
0.5
0.49666666666666665
0.5
0.5
0.5
0.5
0.5
0.5
0.5
0.5
0.49666666666666665
0.5
0.5033333333333333
0.5
0.5
0.5
0.5
0.5
0.5
0.5
0.5
0.5
0.5
0.5
0.5
0.5
0.5
0.49666666666666665
0.5
0.5
0.5
0.5033333333333333
0.5
0.5
0.5
0.5
0.5
0.5
0.5
0.5
0.5
0.5
0.5
0.5
0.5
0.5
0.5
0.5
0.5
0.5033333333333333
0.5
0.5033333333333333
0.5
0.5
0.5033333333333333
0.5
0.5
0.5
0.5
0.49666666666666665
0.5
0.49666666666666665
0.5033333333333333
0.5
0.5
0.5
0.5
0.5
0.5
0.5
0.5
0.5
0.49666666666666665
0.5
0.5
0.5
0.5
0.5
0.5
0.5
0.5
0.5033333333333333
0.5
0.5
0.5
0.5
0.5
0.5033333333333333
0.5
0.5
0.5
0.5
0.5
0.5
0.5
0.5
0.5
0.5
0.5
0.5
0.5
0.5
0.5
0.5033333333333333
0.5
0.5
0.5033333333333333
0.5
0.5
0.5
0.49666666666666665
0.5033333333333333
0.5033333333333333
0.5
0.5
0.5033333333333333
0.5
0.5
0.5
0.5033333333333333
0.5033333333333333
0.5033333333333333
0.5033333333333333
0.5033333333333333
0.5033333333333333
0.5033333333333333
0.5
0.5
0.5
0.5
0.5
0.5
0.5033333333333333
0.5
0.5
0.5033333333333333
0.5
0.5
0.5033333333333333
0.5
0.5033333333333333
0.5
0.5
0.5
0.5033333333333333
0.5033333333333333
0.5033333333333333
0.5
0.5
0.5033333333333333
0.5033333333333333
0.5033333333333333
0.5
0.5033333333333333
0.5033333333333333
0.5
0.5
0.5
0.5033333333333333
0.5033333333333333
0.5
0.5
0.5
0.5033333333333333
0.5033333333333333
0.5033333333333333
0.5
0.5033333333333333
0.5
0.5
0.5
0.5
0.5
0.5
0.5
0.5
0.5
0.5
0.5
0.5
0.5
0.5033333333333333
0.5
0.5
0.5
0.5
0.5033333333333333
0.5
0.5
0.5
0.5
0.5033333333333333
0.5033333333333333
0.5
0.5
0.5
0.5033333333333333
0.5
0.5
0.5
0.5
0.5
0.5
0.5
0.5
0.5033333333333333
0.5033333333333333
0.5033333333333333
0.5
0.5
0.5
0.49666666666666665
0.5
0.5
0.5
0.5
0.5
0.49666666666666665
0.5
0.5
0.5
0.5
0.5
0.5
0.5
0.5
0.5
0.5
0.5
0.5
0.5
0.5
0.5
0.5033333333333333
0.5
0.5
0.5
0.5033333333333333
0.5
0.49666666666666665
0.5
0.5033333333333333
0.5
0.5
0.5
0.5
0.5
0.5
0.5033333333333333
0.5033333333333333
0.5
0.5
0.5
0.5
0.5
0.5
0.5
0.5
0.5033333333333333
0.5
0.5
0.5033333333333333
0.5
0.5
0.5
0.5
0.5033333333333333
0.5
0.5
0.5
0.5033333333333333
0.5
0.5
0.5
0.5033333333333333
0.5033333333333333
0.5
0.5033333333333333
0.5
0.5033333333333333
0.5033333333333333
0.5
0.5033333333333333
0.5
0.5033333333333333
0.5
0.5033333333333333
0.5
0.5033333333333333
0.5033333333333333
0.5
0.5
0.5
0.5033333333333333
0.5
0.5
0.5033333333333333
0.5033333333333333
0.5
0.5033333333333333
0.5033333333333333
0.5033333333333333
0.5033333333333333
0.5033333333333333
0.5033333333333333
0.5016835016835017
0.5066666666666667
0.5054945054945055
0.5057471264367817
0.5037037037037037
0.5056179775280899
0.5088495575221239
0.5063829787234042
0.5065502183406113
0.509090909090909
0.508130081300813
0.5120772946859904
0.5091743119266054
0.5047619047619047
0.5104166666666666
0.5095238095238095
0.5144230769230769
0.5099009900990099
0.51
0.5119617224880383
0.5125628140703518
0.5126903553299492
0.5118483412322274
0.5128205128205128
0.5102040816326531
0.5105263157894737
0.5154639175257731
0.5125628140703518
0.5174129353233831
0.5151515151515151
0.518918918918919
0.5130890052356021
0.5147058823529411
0.5164835164835165
0.5157894736842106
0.5163043478260869
0.5135135135135135
0.5185185185185185
0.5154639175257731
0.5142857142857142
0.5114942528735632
0.5166666666666667
0.5113636363636364
0.5176470588235295
0.5174418604651163
0.5170068027210885
0.5229885057471264
0.5170454545454546
0.5174418604651163
0.5193370165745856
0.5212121212121212
0.5153374233128835
0.5202312138728323
0.5176470588235295
0.5182926829268293
0.5234899328859061
0.524390243902439
0.5161290322580645
0.5212121212121212
0.5209580838323353
0.5202312138728323
0.52046783625731
0.5172413793103449
0.5136612021857924
0.5176470588235295
0.51875
0.5238095238095238
0.5178571428571429
0.525
0.5170454545454546
0.515527950310559
0.5180722891566265
0.5174418604651163
0.5144508670520231
0.5207100591715976
0.5172413793103449
0.5178571428571429
0.52
0.5229885057471264
0.5209580838323353
0.5197368421052632
0.5217391304347826
0.5207100591715976
0.5163043478260869
0.5240963855421686
0.5212121212121212
0.51875
0.5195530726256983
0.52046783625731
0.5232558139534884
0.5246913580246914
0.5214723926380368
0.5217391304347826
0.5185185185185185
0.515527950310559
0.5202312138728323
0.5161290322580645
0.5232558139534884
0.52046783625731
0.525974025974026
0.5256410256410257
0.5225806451612903
0.5234899328859061
0.525974025974026
0.5251798561151079
0.527027027027027
0.5289855072463768
0.5310344827586206
0.5228758169934641
0.525974025974026
0.5285714285714286
0.5277777777777778
0.527027027027027
0.528169014084507
0.5294117647058824
0.5244755244755245
0.5231788079470199
0.5273972602739726
0.5277777777777778
0.527027027027027
0.5238095238095238
0.5302013422818792
0.5302013422818792
0.5306122448979592
0.5266666666666666
0.5238095238095238
0.5319148936170213
0.524822695035461
0.5310344827586206
0.528169014084507
0.5328467153284672
0.527027027027027
0.5314685314685315
0.5298013245033113
0.5234899328859061
0.5244755244755245
0.5273972602739726
0.5285714285714286
0.5294117647058824
0.5319148936170213
0.5338345864661654
0.5294117647058824
0.5267175572519084
0.5294117647058824
0.5357142857142857
0.5319148936170213
0.5285714285714286
0.5303030303030303
0.5294117647058824
0.5323741007194245
0.5338345864661654
0.5323741007194245
0.5323741007194245
0.5328467153284672
0.5367647058823529
0.5314685314685315
0.5352112676056338
0.5273972602739726
0.5255474452554745
0.5303030303030303
0.5419847328244275
0.5307692307692308
0.5277777777777778
0.5294117647058824
0.5354330708661418
0.524822695035461
0.5343511450381679
0.5333333333333333
0.5343511450381679
0.5373134328358209
0.5303030303030303
0.53125
0.5333333333333333
0.5416666666666666
0.5365853658536586
0.5403225806451613
0.5373134328358209
0.536
0.5378151260504201
0.536
0.5423728813559322
0.543859649122807
0.5409836065573771
0.5378151260504201
0.544
0.5526315789473685
0.5416666666666666
0.5446428571428571
0.5431034482758621
0.5454545454545454
0.5470085470085471
0.5514018691588785
0.5462184873949579
0.5535714285714286
0.5486725663716814
0.5566037735849056
0.5625
0.5619047619047619
0.5545454545454546
0.5603448275862069
0.5625
0.5567010309278351
0.5517241379310345
0.5588235294117647
0.5675675675675675
0.5566037735849056
0.5757575757575758
0.5576923076923077
0.5789473684210527
0.5648148148148148
0.5757575757575758
0.5729166666666666
0.5714285714285714
0.5714285714285714
0.5333333333333333
0.5714285714285714
0.5555555555555556
0.5888888888888889
0.5714285714285714
0.5588235294117647
0.5851063829787234
0.5742574257425742
0.5217391304347826
0.5851063829787234
0.5742574257425742
0.5888888888888889
0.5833333333333334
0.56
0.5666666666666667
0.5483870967741935
0.5784313725490197
0.574468085106383
0.5416666666666666
0.5806451612903226
0.5918367346938775
0.5841584158415841
0.5894736842105263
0.5777777777777777
0.5714285714285714
0.5555555555555556
0.5714285714285714
0.5894736842105263
0.5851063829787234
0.56
0.5897435897435898
0.5816326530612245
0.5806451612903226
0.55
0.5806451612903226
0.5773195876288659
0.5789473684210527
0.5851063829787234
0.5769230769230769
0.5869565217391305
0.5666666666666667
0.5851063829787234
0.5517241379310345
0.5789473684210527
0.5806451612903226
0.5833333333333334
0.5833333333333334
0.5742574257425742
0.5833333333333334
0.5688073394495413
0.5769230769230769
0.5740740740740741
0.5773195876288659
0.5714285714285714
0.5757575757575758
0.5765765765765766
0.57
0.5757575757575758
0.5757575757575758
0.5742574257425742
0.5660377358490566
0.5728155339805825
0.5869565217391305
0.5728155339805825
0.5806451612903226
0.5757575757575758
0.5663716814159292
0.5675675675675675
0.5757575757575758
0.5585585585585585
0.5675675675675675
0.5728155339805825
0.5636363636363636
0.57
0.5675675675675675
0.5688073394495413
0.5648148148148148
0.5757575757575758
0.5625
0.5714285714285714
0.5688073394495413
0.57
0.5614035087719298
0.5663716814159292
0.5596330275229358
0.5625
0.5575221238938053
0.5656565656565656
0.5555555555555556
0.5585585585585585
0.5619047619047619
0.5619047619047619
0.5596330275229358
0.5555555555555556
0.559322033898305
0.5603448275862069
0.5619047619047619
0.5555555555555556
0.5619047619047619
0.5526315789473685
0.5583333333333333
0.5565217391304348
0.5625
0.5564516129032258
0.5585585585585585
0.5526315789473685
0.5660377358490566
0.5614035087719298
0.5607476635514018
0.57
0.5526315789473685
0.5565217391304348
0.5607476635514018
0.5607476635514018
0.5526315789473685
0.5486725663716814
0.5555555555555556
0.5648148148148148
0.5546218487394958
0.5528455284552846
0.5545454545454546
0.5537190082644629
0.5508474576271186
0.5517241379310345
0.5564516129032258
0.55
0.5555555555555556
0.5517241379310345
0.5454545454545454
0.5526315789473685
0.5454545454545454
0.552
0.5535714285714286
0.5454545454545454
0.5625
0.5575221238938053
0.5648148148148148
0.5526315789473685
0.5555555555555556
0.5476190476190477
0.5528455284552846
0.5614035087719298
0.5517241379310345
0.5565217391304348
0.5596330275229358
0.5546218487394958
0.552
0.5630252100840336
0.5517241379310345
0.5478260869565217
0.5476190476190477
0.5603448275862069
0.5545454545454546
0.5565217391304348
0.5555555555555556
0.5517241379310345
0.5575221238938053
0.5585585585585585
0.5537190082644629
0.5537190082644629
0.5526315789473685
0.5588235294117647
0.5585585585585585
0.5575221238938053
0.5528455284552846
0.5535714285714286
0.5585585585585585
0.5607476635514018
0.5575221238938053
0.5625
0.5585585585585585
0.5544554455445545
0.5528455284552846
0.5607476635514018
0.5625
0.5673076923076923
0.5660377358490566
0.5619047619047619
0.5728155339805825
0.5714285714285714
0.5607476635514018
0.5660377358490566
0.5663716814159292
0.5648148148148148
0.5673076923076923
0.5555555555555556
0.5742574257425742
0.5688073394495413
0.5603448275862069
0.5533980582524272
0.5675675675675675
0.5585585585585585
0.5619047619047619
0.5636363636363636
0.5483870967741935
0.5607476635514018
0.5555555555555556
0.5636363636363636
0.5575221238938053
0.5476190476190477
0.5491803278688525
0.5517241379310345
0.5462184873949579
0.5565217391304348
0.5565217391304348
0.5535714285714286
0.5546218487394958
0.5517241379310345
0.5447761194029851
0.5508474576271186
0.5528455284552846
0.5517241379310345
0.544
0.5495495495495496
0.5546218487394958
0.5483870967741935
0.5555555555555556
0.5478260869565217
0.5535714285714286
0.5517241379310345
0.5431034482758621
0.5537190082644629
0.5478260869565217
0.5528455284552846
0.5478260869565217
0.5486725663716814
0.5596330275229358
0.546875
0.5447154471544715
0.544
0.5426356589147286
0.5447761194029851
0.5575221238938053
0.5470085470085471
0.5546218487394958
0.5461538461538461
0.5565217391304348
0.544
0.5528455284552846
0.5546218487394958
0.5454545454545454
0.5486725663716814
0.5426356589147286
0.55
0.5454545454545454
0.5462184873949579
0.544
0.5564516129032258
0.5503875968992248
0.5461538461538461
0.55
0.552
0.5526315789473685
0.5447154471544715
0.5462184873949579
0.5423728813559322
0.55
0.5454545454545454
0.5461538461538461
0.55
0.539568345323741
0.5476190476190477
0.5447154471544715
0.5461538461538461
0.5478260869565217
0.5441176470588235
0.5508474576271186
0.5413533834586466
0.5413533834586466
0.5367647058823529
0.5401459854014599
0.5422535211267606
0.546875
0.5378787878787878
0.5384615384615384
0.5384615384615384
0.5461538461538461
0.544
0.5416666666666666
0.5491803278688525
0.5378787878787878
0.544
0.5470085470085471
0.5323741007194245
0.5491803278688525
0.5511811023622047
0.5396825396825397
0.5390070921985816
0.5407407407407407
0.5403225806451613
0.539568345323741
0.5462184873949579
0.5362318840579711
0.5357142857142857
0.5367647058823529
0.5373134328358209
0.5413533834586466
0.539568345323741
0.5373134328358209
0.5403225806451613
0.5433070866141733
0.5384615384615384
0.5390070921985816
0.5352112676056338
0.5357142857142857
0.5343511450381679
0.5354330708661418
0.5396825396825397
0.536
0.5367647058823529
0.5306122448979592
0.5390070921985816
0.5426356589147286
0.5367647058823529
0.536
0.5390625
0.5328467153284672
0.5462184873949579
0.5384615384615384
0.5378787878787878
0.5426356589147286
0.5373134328358209
0.5373134328358209
0.5396825396825397
0.5310344827586206
0.5367647058823529
0.5378787878787878
0.5396825396825397
0.5434782608695652
0.5348837209302325
0.5367647058823529
0.536
0.5433070866141733
