0.5033333333333333
0.5
0.5033333333333333
0.5
0.5
0.5
0.5
0.5033333333333333
0.5033333333333333
0.5
0.49666666666666665
0.5
0.5
0.5
0.5
0.49666666666666665
0.5
0.5
0.5033333333333333
0.5
0.5
0.5033333333333333
0.49666666666666665
0.5
0.5
0.5
0.49666666666666665
0.5
0.5033333333333333
0.5
0.5
0.5
0.5033333333333333
0.5
0.49666666666666665
0.5033333333333333
0.5
0.5
0.5
0.5033333333333333
0.5
0.5
0.5
0.5
0.5
0.5033333333333333
0.5
0.5
0.5
0.5033333333333333
0.5
0.5
0.49666666666666665
0.5
0.5033333333333333
0.5
0.5
0.5
0.5033333333333333
0.5033333333333333
0.5
0.5
0.5
0.5
0.5
0.49666666666666665
0.5
0.5033333333333333
0.5
0.5
0.5
0.5033333333333333
0.5033333333333333
0.5
0.5
0.5
0.5
0.5
0.5033333333333333
0.5
0.5
0.49666666666666665
0.5
0.5
0.49666666666666665
0.5
0.5
0.5
0.49666666666666665
0.5033333333333333
0.5
0.5
0.49666666666666665
0.5
0.49666666666666665
0.5
0.5
0.5
0.5
0.5
0.5
0.5
0.49666666666666665
0.5
0.5
0.5
0.5
0.5
0.5
0.5033333333333333
0.5
0.49666666666666665
0.5033333333333333
0.5
0.5033333333333333
0.5
0.5033333333333333
0.5
0.5
0.5033333333333333
0.5033333333333333
0.5
0.5033333333333333
0.5
0.5
0.49666666666666665
0.5
0.5
0.5033333333333333
0.5033333333333333
0.5
0.49666666666666665
0.5
0.5
0.5033333333333333
0.5
0.5
0.5
0.5
0.5
0.49666666666666665
0.5
0.5
0.5
0.5033333333333333
0.5
0.5
0.5
0.5
0.5033333333333333
0.5
0.49666666666666665
0.5033333333333333
0.5
0.5
0.49666666666666665
0.5
0.5
0.5033333333333333
0.5
0.5
0.49666666666666665
0.49666666666666665
0.5033333333333333
0.5033333333333333
0.5066666666666667
0.5
0.49666666666666665
0.49666666666666665
0.5
0.5
0.49666666666666665
0.5
0.5
0.49666666666666665
0.4983164983164983
0.49666666666666665
0.49466192170818507
0.4956896551724138
0.49321266968325794
0.49411764705882355
0.49586776859504134
0.4972972972972973
0.5
0.4956896551724138
0.49377593360995853
0.4956521739130435
0.49795918367346936
0.49222797927461137
0.48704663212435234
0.49746192893401014
0.49327354260089684
0.4928909952606635
0.489247311827957
0.4945054945054945
0.4925373134328358
0.49171270718232046
0.4878048780487805
0.48466257668711654
0.49047619047619045
0.48427672955974843
0.4840764331210191
0.4876543209876543
0.4864864864864865
0.4883720930232558
0.4868421052631579
0.4858757062146893
0.4906832298136646
0.4876543209876543
0.48026315789473684
0.48466257668711654
0.4876543209876543
0.4876543209876543
0.4879518072289157
0.472
0.49079754601226994
0.48502994011976047
0.48299319727891155
0.47619047619047616
0.4838709677419355
0.4864864864864865
0.4744525547445255
0.46875
0.48201438848920863
0.48344370860927155
0.48484848484848486
0.4765625
0.47619047619047616
0.4726027397260274
0.47101449275362317
0.47878787878787876
0.48026315789473684
0.4726027397260274
0.4744525547445255
0.4810126582278481
0.47368421052631576
0.4744525547445255
0.4772727272727273
0.48
0.4726027397260274
0.47586206896551725
0.48520710059171596
0.47297297297297297
0.4732824427480916
0.48299319727891155
0.4666666666666667
0.4768211920529801
0.48344370860927155
0.48175182481751827
0.47368421052631576
0.47107438016528924
0.4825174825174825
0.48125
0.48148148148148145
0.47368421052631576
0.4785714285714286
0.48214285714285715
0.47333333333333333
0.4838709677419355
0.4765625
0.4868421052631579
0.48633879781420764
0.4768211920529801
0.47794117647058826
0.4859154929577465
0.48520710059171596
0.4785714285714286
0.4785714285714286
0.4838709677419355
0.48299319727891155
0.48366013071895425
0.48175182481751827
0.48125
0.4805194805194805
0.48427672955974843
0.4853801169590643
0.48214285714285715
0.4768211920529801
0.4774193548387097
0.484472049689441
0.4868421052631579
0.4774193548387097
0.4791666666666667
0.4879518072289157
0.484472049689441
0.48226950354609927
0.4810126582278481
0.4807692307692308
0.4791666666666667
0.48554913294797686
0.48502994011976047
0.48148148148148145
0.4838709677419355
0.4765625
0.4879518072289157
0.4875
0.48175182481751827
0.49079754601226994
0.4876543209876543
0.4805194805194805
0.47619047619047616
0.48366013071895425
0.48366013071895425
0.4838709677419355
0.4807692307692308
0.4880952380952381
0.4840764331210191
0.4732824427480916
0.4827586206896552
0.4840764331210191
0.4855072463768116
0.48427672955974843
0.4875
0.4782608695652174
0.4866666666666667
0.48344370860927155
0.48344370860927155
0.4868421052631579
0.48148148148148145
0.4791666666666667
0.4876543209876543
0.48484848484848486
0.4855072463768116
0.4794520547945205
0.4740740740740741
0.48026315789473684
0.4817073170731707
0.4791666666666667
0.4868421052631579
0.47770700636942676
0.48175182481751827
0.48299319727891155
0.48520710059171596
0.48322147651006714
0.4791666666666667
0.4791666666666667
0.47368421052631576
0.4861111111111111
0.4873417721518987
0.48148148148148145
0.48502994011976047
0.4864864864864865
0.4779874213836478
0.4857142857142857
0.4852941176470588
0.4880952380952381
0.48366013071895425
0.4913294797687861
0.4840764331210191
0.49122807017543857
0.4823529411764706
0.4918032786885246
0.489247311827957
0.4891304347826087
0.4887640449438202
0.4919786096256685
0.49162011173184356
0.48704663212435234
0.495
0.49282296650717705
0.49356223175965663
0.4925373134328358
0.49107142857142855
0.4889867841409692
0.49795918367346936
0.498220640569395
0.49557522123893805
0.49264705882352944
0.49606299212598426
0.5
0.4965277777777778
0.5
0.49666666666666665
0.49666666666666665
0.5
0.5
0.5
0.49666666666666665
0.5
0.5
0.49666666666666665
0.5
0.5
0.49666666666666665
0.49666666666666665
0.5
0.49666666666666665
0.49666666666666665
0.5
0.49666666666666665
0.5
0.5033333333333333
0.5
0.5
0.5
0.5
0.5
0.5
0.5
0.5
0.5
0.5
0.5
0.5
0.5
0.49666666666666665
0.5
0.49666666666666665
0.5
0.5
0.49666666666666665
0.49666666666666665
0.49666666666666665
0.5
0.5
0.5
0.49666666666666665
0.5
0.5
0.5
0.5
0.5033333333333333
0.5
0.5
0.5
0.5
0.5
0.49666666666666665
0.49666666666666665
0.49666666666666665
0.5
0.5
0.5
0.5033333333333333
0.5
0.49666666666666665
0.49666666666666665
0.49666666666666665
0.5
0.49666666666666665
0.5
0.49666666666666665
0.5033333333333333
0.49666666666666665
0.5
0.5
0.49666666666666665
0.49666666666666665
0.5
0.5
0.5
0.49666666666666665
0.5
0.5
0.5
0.5
0.5033333333333333
0.49666666666666665
0.5
0.5
0.5
0.5
0.5
0.5
0.49666666666666665
0.5
0.5
0.5033333333333333
0.5033333333333333
0.49666666666666665
0.5
0.5
0.5
0.49666666666666665
0.49666666666666665
0.5
0.5
0.49666666666666665
0.49666666666666665
0.49666666666666665
0.5
0.49333333333333335
0.49666666666666665
0.5
0.5
0.5
0.5
0.49666666666666665
0.5
0.5
0.5
0.5
0.5
0.5
0.5
0.5
0.5
0.49666666666666665
0.5
0.49333333333333335
0.5
0.5
0.5
0.5
0.49666666666666665
0.49666666666666665
0.49491525423728816
0.49666666666666665
0.5
0.49666666666666665
0.5
0.49666666666666665
0.49666666666666665
0.49666666666666665
0.49666666666666665
0.5
0.5
0.5
0.5
0.5
0.49666666666666665
0.5
0.49666666666666665
0.49666666666666665
0.5033333333333333
0.5
0.5
0.5
0.5
0.5
0.5033333333333333
0.5
0.5
0.5
0.5
0.5
0.5
0.5
0.5
0.49666666666666665
0.5
0.5
0.5
0.49666666666666665
0.5
0.5033333333333333
0.5
0.5033333333333333
0.5
0.5
0.5
0.5
0.5
0.49666666666666665
0.49666666666666665
0.5
0.5
0.5
0.5
0.5
0.5033333333333333
0.5033333333333333
0.49666666666666665
0.5
0.49666666666666665
0.5
0.5
0.5
0.5
0.5033333333333333
0.5
0.5033333333333333
0.5033333333333333
0.5
0.5033333333333333
0.5
0.5
0.5
0.5
0.5
0.5
0.5
0.5033333333333333
0.5
0.5
0.49666666666666665
0.5
0.5
0.5
0.5
0.5
0.49666666666666665
0.5033333333333333
0.5
0.4983277591973244
0.5
0.4956521739130435
0.49829351535836175
0.4957627118644068
0.4959016393442623
0.4930875576036866
0.4956521739130435
0.4954954954954955
0.49377593360995853
0.4956521739130435
0.4956521739130435
0.4956521739130435
0.4962686567164179
0.49783549783549785
0.4965986394557823
0.5
0.49829351535836175
0.4983277591973244
0.5
0.5033333333333333
0.5
0.49666666666666665
0.49666666666666665
0.49666666666666665
0.49666666666666665
0.49666666666666665
0.5
0.5
0.5
0.49666666666666665
0.5
0.49666666666666665
0.5
0.5
0.49666666666666665
0.5
0.49666666666666665
0.49666666666666665
0.49666666666666665
0.5033333333333333
0.49666666666666665
0.49333333333333335
0.5
0.5
0.49666666666666665
0.49666666666666665
0.49666666666666665
0.49666666666666665
0.5
0.49666666666666665
0.5
0.49333333333333335
0.5
0.49666666666666665
0.5
0.5
0.49666666666666665
0.5
0.5
0.5
0.49666666666666665
0.49666666666666665
0.5
0.5
0.49666666666666665
0.5
0.49666666666666665
0.5
0.49666666666666665
0.5
0.5
0.49666666666666665
0.5
0.49666666666666665
0.5
0.49666666666666665
0.5
0.49666666666666665
0.5
0.5
0.49666666666666665
0.5033333333333333
0.5
0.49666666666666665
0.5
0.49666666666666665
0.49666666666666665
0.49666666666666665
0.5
0.49666666666666665
0.49666666666666665
0.5
0.5
0.5
0.5
0.5
0.49666666666666665
0.5
0.49666666666666665
0.5
0.5
0.5
0.5
0.49666666666666665
0.5
0.49666666666666665
0.49666666666666665
0.5
0.49666666666666665
0.49666666666666665
0.5
0.5
0.5
0.5
0.5
0.5
0.49666666666666665
0.5
0.5
0.5
0.5
0.49666666666666665
0.49666666666666665
0.5033333333333333
0.49666666666666665
0.5
0.49666666666666665
0.5
0.5033333333333333
0.5
0.49666666666666665
0.5
0.5
0.49666666666666665
0.5
0.5
0.5
0.5
0.5
0.5
0.49666666666666665
0.5
0.5
0.49666666666666665
0.5
0.49666666666666665
0.5
0.5
0.5
0.49666666666666665
0.5
0.5
0.5
0.5
0.5
0.5
0.5
0.5
0.5033333333333333
0.5
0.49666666666666665
0.5
0.49666666666666665
0.5
0.5
0.5
0.5
0.5
0.5
0.5
0.5
0.5
0.5
0.5
0.5
0.49666666666666665
0.49666666666666665
0.49666666666666665
0.49666666666666665
0.5
0.49666666666666665
0.49666666666666665
0.5033333333333333
0.5
0.49666666666666665
0.5033333333333333
0.49666666666666665
0.49666666666666665
0.49666666666666665
0.5
0.5
0.49666666666666665
0.5
0.5
0.49666666666666665
0.5
0.5
0.49666666666666665
0.5
0.5
0.5
0.5
0.5
0.5
0.5033333333333333
0.5
0.49666666666666665
0.5033333333333333
0.5
0.5
0.5
0.49666666666666665
0.5
0.5033333333333333
0.49666666666666665
0.5
0.5
0.49666666666666665
0.5
0.5
0.5
0.5
0.5
0.5
0.5
0.5
0.5
0.5033333333333333
0.5
0.5
0.5
0.5
0.49666666666666665
0.5
0.5
0.5033333333333333
0.5
0.5
0.5
0.5
0.5
0.49666666666666665
0.5
0.5
0.5
0.5033333333333333
0.5
0.5033333333333333
0.49666666666666665
0.49666666666666665
0.5033333333333333
0.5
0.49666666666666665
0.5
0.5
0.49666666666666665
0.5
0.49666666666666665
0.5
0.5
0.49666666666666665
0.5
0.49666666666666665
0.5
0.5
0.5
0.5
0.49666666666666665
0.5
0.49666666666666665
0.5
0.49666666666666665
0.49666666666666665
0.5
0.5
0.5
0.5
0.49666666666666665
0.5
0.5
0.5033333333333333
0.5033333333333333
0.5
0.49666666666666665
0.5
0.5
0.5
0.49666666666666665
0.5
0.5
0.5
0.49666666666666665
0.5
0.5
0.5033333333333333
0.5
0.5
0.5
0.5
0.5033333333333333
0.5033333333333333
0.5
0.5
0.5
0.5
0.5033333333333333
0.49666666666666665
0.5066666666666667
0.5033333333333333
0.5
0.5
0.5033333333333333
0.49666666666666665
0.5033333333333333
0.49666666666666665
0.5
0.5033333333333333
0.49666666666666665
0.5033333333333333
0.5
0.5
0.5
0.5
0.5
0.49666666666666665
0.49666666666666665
0.5
0.5033333333333333
0.49666666666666665
0.5
0.5
0.49666666666666665
0.5
0.5
0.49666666666666665
0.5
0.5
0.5
0.5
0.5
0.5
0.5
0.5
0.5033333333333333
0.49666666666666665
0.5033333333333333
0.49666666666666665
0.49666666666666665
0.5
0.5033333333333333
0.5
0.5
0.5
0.5033333333333333
0.5
0.5
0.5
0.5
0.5033333333333333
0.5033333333333333
0.5
0.5
0.5033333333333333
0.5033333333333333
0.5
0.5
0.5033333333333333
0.49666666666666665
0.5
0.5033333333333333
0.5
0.5
0.5033333333333333
0.5
0.5
0.5033333333333333
0.49666666666666665
0.49666666666666665
0.49666666666666665
0.5
0.49666666666666665
0.49666666666666665
0.5
0.5033333333333333
0.5
0.5
0.5
0.5
0.5
0.5
0.5
0.5
0.5
0.5
0.5033333333333333
0.5
0.5
0.5
0.5033333333333333
0.5
0.5
0.5
0.5
0.49666666666666665
0.5033333333333333
