0.6666666666666666
0.5714285714285714
0.4666666666666667
0.47619047619047616
0.4166666666666667
0.7
0.36363636363636365
0.5
0.5714285714285714
0.52
0.3793103448275862
0.7692307692307693
0.5675675675675675
0.8181818181818182
0.6
0.5319148936170213
0.5789473684210527
0.36363636363636365
0.5
0.5909090909090909
0.5789473684210527
0.5098039215686274
0.5714285714285714
0.5882352941176471
0.56
0.5416666666666666
0.6111111111111112
0.5238095238095238
0.47619047619047616
0.4878048780487805
0.4375
0.5789473684210527
0.48148148148148145
0.42857142857142855
0.5714285714285714
0.5
0.5384615384615384
0.5777777777777777
0.6153846153846154
0.4864864864864865
0.5416666666666666
0.5909090909090909
0.5555555555555556
0.5714285714285714
0.46774193548387094
0.631578947368421
0.4878048780487805
0.6470588235294118
0.4666666666666667
0.48
0.5111111111111111
0.5217391304347826
0.4942528735632184
0.45161290322580644
0.53125
0.47058823529411764
0.5238095238095238
0.42857142857142855
0.5294117647058824
0.48
0.5294117647058824
0.46774193548387094
0.5316455696202531
0.5
0.5416666666666666
0.48717948717948717
0.45454545454545453
0.45161290322580644
0.4601226993865031
0.48484848484848486
0.5238095238095238
0.43902439024390244
0.5106382978723404
0.4888888888888889
0.4883720930232558
0.47706422018348627
0.5454545454545454
0.5391304347826087
0.4434782608695652
0.4658385093167702
0.5116279069767442
0.5250836120401338
0.44366197183098594
0.4901185770750988
0.5072463768115942
0.45
0.4678362573099415
0.4642857142857143
0.4883720930232558
0.4909090909090909
0.48360655737704916
0.47619047619047616
0.47
0.47023809523809523
0.45588235294117646
0.4409448818897638
0.4727272727272727
0.46153846153846156
0.4788732394366197
0.49056603773584906
0.46808510638297873
0.4536082474226804
0.45038167938931295
0.44642857142857145
0.46808510638297873
0.4696969696969697
0.42857142857142855
0.4772727272727273
0.4453125
0.5
0.4794520547945205
0.4329896907216495
0.4583333333333333
0.43859649122807015
0.4714285714285714
0.45081967213114754
0.45
0.42045454545454547
0.44155844155844154
0.4540229885057471
0.4888888888888889
0.47619047619047616
0.45569620253164556
0.42857142857142855
0.43434343434343436
0.45161290322580644
0.46551724137931033
0.4745762711864407
0.4406779661016949
0.43902439024390244
0.4444444444444444
0.47058823529411764
0.4523809523809524
0.43243243243243246
0.48663101604278075
0.41975308641975306
0.4375
0.45614035087719296
0.4492753623188406
0.42857142857142855
0.4807692307692308
0.45528455284552843
0.43564356435643564
0.4563106796116505
0.47058823529411764
0.4520547945205479
0.45689655172413796
0.4563758389261745
0.4580152671755725
0.47058823529411764
0.4358974358974359
0.4578313253012048
0.4782608695652174
0.45132743362831856
0.45217391304347826
0.49122807017543857
0.44936708860759494
0.46
0.45390070921985815
0.484472049689441
0.4326923076923077
0.48333333333333334
0.4453125
0.4842105263157895
0.47752808988764045
0.45255474452554745
0.45
0.45774647887323944
0.45588235294117646
0.4632768361581921
0.47577092511013214
0.43636363636363634
0.4406779661016949
0.4722222222222222
0.4717948717948718
0.4785276073619632
0.4336283185840708
0.46153846153846156
0.4426229508196721
0.45098039215686275
0.47596153846153844
0.46923076923076923
0.46601941747572817
0.47863247863247865
0.46846846846846846
0.5142857142857142
0.45864661654135336
0.43333333333333335
0.463768115942029
0.452991452991453
0.45454545454545453
0.4732824427480916
0.4722222222222222
0.44339622641509435
0.4787234042553192
0.4742268041237113
0.45121951219512196
0.45614035087719296
0.42718446601941745
0.46153846153846156
0.4700854700854701
0.4444444444444444
0.46296296296296297
0.46218487394957986
0.4461538461538462
0.46846846846846846
0.44642857142857145
0.43956043956043955
0.4523809523809524
0.4724770642201835
0.45217391304347826
0.449438202247191
0.46564885496183206
0.47863247863247865
0.45614035087719296
0.46511627906976744
0.4444444444444444
0.4573643410852713
0.44642857142857145
0.4603174603174603
0.44545454545454544
0.45132743362831856
0.4782608695652174
0.4496124031007752
0.45652173913043476
0.44881889763779526
0.44036697247706424
0.47058823529411764
0.4690265486725664
0.477124183006536
0.42105263157894735
0.4782608695652174
0.43859649122807015
0.4418604651162791
0.44036697247706424
0.4473684210526316
0.4725274725274725
0.43119266055045874
0.45
0.42990654205607476
0.4563106796116505
0.4423076923076923
0.4457831325301205
0.45454545454545453
0.43617021276595747
0.453125
0.43373493975903615
0.45918367346938777
0.4666666666666667
0.4392523364485981
0.4528301886792453
0.4583333333333333
0.46153846153846156
0.45901639344262296
0.5
0.44680851063829785
0.46153846153846156
0.4421052631578947
0.4406779661016949
0.4444444444444444
0.44642857142857145
0.4375
0.4375
0.4594594594594595
0.4444444444444444
0.4473684210526316
0.4566929133858268
0.4318181818181818
0.45
0.4387755102040816
0.4367816091954023
0.4716981132075472
0.4444444444444444
0.45528455284552843
0.4631578947368421
0.4351851851851852
0.44144144144144143
0.44776119402985076
0.43434343434343436
0.4444444444444444
0.4380165289256198
0.4489795918367347
0.4396551724137931
0.4375
0.4491525423728814
0.45544554455445546
0.43010752688172044
0.4489795918367347
0.4444444444444444
0.46564885496183206
0.4482758620689655
0.45569620253164556
0.463768115942029
0.4583333333333333
0.4675324675324675
0.4479166666666667
0.43023255813953487
0.45394736842105265
0.46153846153846156
0.4268292682926829
0.4268292682926829
0.45985401459854014
0.4430379746835443
0.4336283185840708
0.44086021505376344
0.44660194174757284
0.4444444444444444
0.46464646464646464
0.43617021276595747
0.452991452991453
0.46153846153846156
0.4566929133858268
0.45045045045045046
0.44537815126050423
0.47435897435897434
0.45454545454545453
0.460431654676259
0.44
0.47058823529411764
0.4411764705882353
0.46296296296296297
0.47513812154696133
0.4794520547945205
0.4406779661016949
0.5166666666666667
0.46153846153846156
0.47161572052401746
0.467005076142132
0.47717842323651455
0.47058823529411764
0.4875
0.4603174603174603
0.448
0.4594594594594595
0.4689265536723164
0.45985401459854014
0.4496124031007752
0.45588235294117646
0.4528301886792453
0.4536082474226804
0.460431654676259
0.4727272727272727
0.4444444444444444
0.4603174603174603
0.43478260869565216
0.45864661654135336
0.42391304347826086
0.47413793103448276
0.45652173913043476
0.45161290322580644
0.4473684210526316
0.45454545454545453
0.46808510638297873
0.44642857142857145
0.43617021276595747
0.44642857142857145
0.4318181818181818
0.46153846153846156
0.44
0.45535714285714285
0.45185185185185184
0.45454545454545453
0.44776119402985076
0.4519230769230769
0.4528301886792453
0.4387755102040816
0.4563106796116505
0.4380952380952381
0.4805194805194805
0.46017699115044247
0.46226415094339623
0.45
0.46875
0.4696969696969697
0.4520547945205479
0.43478260869565216
0.4489795918367347
0.4367816091954023
0.4636363636363636
0.4578313253012048
0.43617021276595747
0.45454545454545453
0.448
0.44554455445544555
0.4519230769230769
0.45161290322580644
0.4411764705882353
0.4358974358974359
0.4444444444444444
0.45794392523364486
0.4444444444444444
0.4578313253012048
0.4563106796116505
0.4714285714285714
0.45544554455445546
0.44086021505376344
0.44954128440366975
0.44565217391304346
0.463768115942029
0.45714285714285713
0.4368932038834951
0.44660194174757284
0.4609375
0.43478260869565216
0.43119266055045874
0.46296296296296297
0.4536082474226804
0.45528455284552843
0.4367816091954023
0.4444444444444444
0.4444444444444444
0.45161290322580644
0.4435483870967742
0.43820224719101125
0.4368932038834951
0.4528301886792453
0.43902439024390244
0.4406779661016949
0.45588235294117646
0.4444444444444444
0.43
0.43564356435643564
0.45098039215686275
0.449438202247191
0.45
0.4444444444444444
0.44761904761904764
0.44
0.4383561643835616
0.44086021505376344
0.44680851063829785
0.4298245614035088
0.4485981308411215
0.45454545454545453
0.4574468085106383
0.45794392523364486
0.45714285714285713
0.4375
0.43010752688172044
0.45454545454545453
0.44047619047619047
0.4594594594594595
0.4444444444444444
0.45348837209302323
0.4329896907216495
0.4298245614035088
0.44
0.42857142857142855
0.43333333333333335
0.475
0.4435483870967742
0.4351851851851852
0.44155844155844154
0.4375
0.43333333333333335
0.43
0.44
0.4380952380952381
0.4576271186440678
0.42990654205607476
0.43333333333333335
0.4523809523809524
0.42424242424242425
0.42201834862385323
0.4411764705882353
0.43636363636363634
0.4411764705882353
0.4358974358974359
0.44
0.4406779661016949
0.43103448275862066
0.42857142857142855
0.46153846153846156
0.4166666666666667
0.43859649122807015
0.44
0.45
0.46153846153846156
0.42990654205607476
0.46153846153846156
0.4189189189189189
0.4322033898305085
0.42592592592592593
0.4482758620689655
0.4411764705882353
0.41904761904761906
0.4594594594594595
0.4444444444444444
0.4266666666666667
0.4392523364485981
0.41818181818181815
0.4215686274509804
0.4351851851851852
0.44680851063829785
0.45454545454545453
0.43119266055045874
0.4583333333333333
0.42
0.4791666666666667
0.42857142857142855
0.42424242424242425
0.4444444444444444
0.43119266055045874
0.45161290322580644
0.43010752688172044
0.4594594594594595
0.4387755102040816
0.44642857142857145
0.4583333333333333
0.4358974358974359
0.45098039215686275
0.43333333333333335
0.4473684210526316
0.42857142857142855
0.4722222222222222
0.45
0.48
0.42857142857142855
0.44642857142857145
0.43243243243243246
0.4423076923076923
0.42424242424242425
0.45161290322580644
0.4594594594594595
0.4772727272727273
0.4329896907216495
0.4411764705882353
0.4329896907216495
0.4567901234567901
0.43243243243243246
0.4594594594594595
0.4782608695652174
0.4375
0.4642857142857143
0.4444444444444444
0.43859649122807015
0.4318181818181818
0.421875
0.4489795918367347
0.45714285714285713
0.46153846153846156
0.46153846153846156
0.45454545454545453
0.43478260869565216
0.43119266055045874
0.45
0.42105263157894735
0.42
0.4528301886792453
0.4166666666666667
0.45161290322580644
0.4634146341463415
0.43333333333333335
0.43661971830985913
0.4177215189873418
0.4642857142857143
0.4166666666666667
0.4482758620689655
0.41836734693877553
0.4482758620689655
0.44
0.4523809523809524
0.41836734693877553
0.4358974358974359
0.4358974358974359
0.4423076923076923
0.4411764705882353
0.4473684210526316
0.4230769230769231
0.46938775510204084
0.42424242424242425
0.4148936170212766
0.42028985507246375
0.43902439024390244
0.43243243243243246
0.4264705882352941
0.40816326530612246
0.43243243243243246
0.42
0.4423076923076923
0.42727272727272725
0.4634146341463415
0.45454545454545453
0.41904761904761906
0.45454545454545453
0.45
0.44
0.45652173913043476
0.45161290322580644
0.47368421052631576
0.47058823529411764
0.44
0.4186046511627907
0.425
0.46296296296296297
0.45714285714285713
0.43209876543209874
0.4411764705882353
0.44680851063829785
0.425531914893617
0.4444444444444444
0.4423076923076923
0.46808510638297873
0.4444444444444444
0.4523809523809524
0.425
0.4262295081967213
0.43137254901960786
0.425
0.43010752688172044
0.43243243243243246
0.42857142857142855
0.4166666666666667
0.4230769230769231
0.4222222222222222
0.42857142857142855
0.42857142857142855
0.4461538461538462
0.4583333333333333
0.4175824175824176
0.43478260869565216
0.425531914893617
0.45
0.4177215189873418
0.43902439024390244
0.43137254901960786
0.4418604651162791
0.43373493975903615
0.4782608695652174
0.45714285714285713
0.4358974358974359
0.43902439024390244
0.42424242424242425
0.41964285714285715
0.4482758620689655
0.42452830188679247
0.4418604651162791
0.4444444444444444
0.43119266055045874
0.42045454545454547
0.45652173913043476
0.42045454545454547
0.425531914893617
0.4339622641509434
0.4482758620689655
0.43243243243243246
0.4444444444444444
0.4482758620689655
0.4318181818181818
0.45714285714285713
0.44642857142857145
0.45
0.4482758620689655
0.44
0.4444444444444444
0.44
0.45098039215686275
0.45454545454545453
0.43902439024390244
0.45161290322580644
0.4305555555555556
0.46153846153846156
0.43661971830985913
0.4634146341463415
0.43283582089552236
0.43157894736842106
0.45714285714285713
0.4423076923076923
0.43478260869565216
0.42
0.43636363636363634
0.4375
0.4411764705882353
0.4166666666666667
0.44
0.423728813559322
0.4380952380952381
0.42
0.4358974358974359
0.4230769230769231
0.423728813559322
0.41935483870967744
0.43373493975903615
0.41304347826086957
0.4117647058823529
0.4342105263157895
0.42857142857142855
0.41975308641975306
0.42391304347826086
0.43478260869565216
0.44
0.4594594594594595
0.4473684210526316
0.425531914893617
0.42105263157894735
0.4305555555555556
0.4318181818181818
0.4266666666666667
0.42696629213483145
0.42574257425742573
0.4473684210526316
0.4230769230769231
0.4158415841584158
0.43243243243243246
0.4148936170212766
0.42
0.43243243243243246
0.45
0.43333333333333335
0.41237113402061853
0.4444444444444444
0.4666666666666667
0.41414141414141414
0.41836734693877553
0.43902439024390244
0.42857142857142855
0.41904761904761906
0.4230769230769231
0.4473684210526316
0.4375
0.4482758620689655
0.4642857142857143
0.42
0.4583333333333333
0.4153846153846154
0.42857142857142855
0.43137254901960786
0.5
0.4270833333333333
0.4528301886792453
0.43478260869565216
0.4444444444444444
0.4642857142857143
0.42105263157894735
0.4351851851851852
0.46875
0.43
0.42574257425742573
0.4473684210526316
0.4380952380952381
0.4368932038834951
0.4174757281553398
0.42857142857142855
0.45
0.45454545454545453
0.4583333333333333
0.422680412371134
0.43478260869565216
0.42105263157894735
0.4473684210526316
0.42696629213483145
0.43636363636363634
0.4444444444444444
0.42857142857142855
0.43902439024390244
0.4225352112676056
0.43478260869565216
0.4358974358974359
0.425
0.4583333333333333
0.4642857142857143
0.4642857142857143
0.42168674698795183
0.43478260869565216
0.42857142857142855
0.48
0.43243243243243246
0.43023255813953487
0.42857142857142855
0.42201834862385323
0.42718446601941745
0.42424242424242425
0.42045454545454547
0.42574257425742573
0.422680412371134
0.41975308641975306
0.421875
0.4375
0.42424242424242425
0.4153846153846154
0.42857142857142855
0.42857142857142855
0.4482758620689655
0.4166666666666667
0.42028985507246375
0.425531914893617
0.4426229508196721
0.47368421052631576
0.4642857142857143
0.42424242424242425
0.45
0.4411764705882353
0.48
0.4642857142857143
0.4838709677419355
0.4482758620689655
0.4375
0.4186046511627907
0.46875
0.4583333333333333
0.4444444444444444
0.46875
0.4482758620689655
0.43243243243243246
0.43478260869565216
0.43902439024390244
0.43478260869565216
0.43243243243243246
0.4642857142857143
0.4107142857142857
0.45454545454545453
0.4418604651162791
0.46153846153846156
0.5
0.4444444444444444
0.43902439024390244
0.42857142857142855
0.4375
0.42857142857142855
0.4482758620689655
0.4583333333333333
0.45161290322580644
0.4375
0.43283582089552236
0.42857142857142855
0.48
0.45
0.4318181818181818
0.45454545454545453
0.4444444444444444
0.4642857142857143
0.42857142857142855
0.45
0.42592592592592593
0.4375
0.5
0.4146341463414634
0.43902439024390244
0.44
0.4482758620689655
0.4642857142857143
0.4411764705882353
0.42105263157894735
0.43478260869565216
0.4411764705882353
0.5625
0.4222222222222222
0.45454545454545453
0.4339622641509434
0.4782608695652174
0.4375
0.46153846153846156
0.43902439024390244
0.425531914893617
0.4418604651162791
0.44680851063829785
0.43478260869565216
0.42105263157894735
0.5
0.45
0.4230769230769231
0.4186046511627907
0.4642857142857143
0.4782608695652174
0.43209876543209874
0.422680412371134
0.4166666666666667
0.43
0.4444444444444444
0.4444444444444444
0.4235294117647059
0.4375
0.43333333333333335
0.4482758620689655
0.4270833333333333
0.4342105263157895
0.4642857142857143
0.42696629213483145
0.45161290322580644
0.43037974683544306
0.46153846153846156
0.42045454545454547
0.4235294117647059
0.43243243243243246
0.42696629213483145
0.4166666666666667
0.4166666666666667
0.41379310344827586
0.45454545454545453
0.4473684210526316
0.4642857142857143
0.4827586206896552
0.46153846153846156
0.45
0.44
0.43548387096774194
0.42857142857142855
0.4318181818181818
0.43636363636363634
0.45454545454545453
0.4375
0.42857142857142855
0.45
0.4642857142857143
0.4375
0.42857142857142855
0.48
0.4264705882352941
0.43478260869565216
0.43902439024390244
0.44
0.45454545454545453
0.5
0.4307692307692308
0.43283582089552236
0.45714285714285713
0.47619047619047616
0.4523809523809524
0.42857142857142855
0.45454545454545453
0.4358974358974359
0.4473684210526316
0.4222222222222222
0.42857142857142855
0.42424242424242425
0.42424242424242425
0.5
0.4262295081967213
0.4230769230769231
0.4262295081967213
0.4166666666666667
0.4473684210526316
0.4305555555555556
0.42857142857142855
0.4375
0.4225352112676056
0.425
0.45714285714285713
0.46153846153846156
0.43478260869565216
0.44871794871794873
0.43478260869565216
0.46153846153846156
0.42105263157894735
0.43859649122807015
0.4262295081967213
0.42857142857142855
0.42105263157894735
0.43902439024390244
0.45161290322580644
0.4375
0.4642857142857143
0.4782608695652174
0.417910447761194
0.4583333333333333
0.45454545454545453
0.45454545454545453
0.5
0.43661971830985913
0.45454545454545453
0.4722222222222222
0.421875
0.46875
0.42857142857142855
0.410958904109589
0.4222222222222222
0.43902439024390244
0.4246575342465753
0.42857142857142855
0.42105263157894735
0.4782608695652174
0.42857142857142855
0.4375
0.46153846153846156
0.41935483870967744
0.425531914893617
0.4268292682926829
0.45161290322580644
0.4418604651162791
0.4426229508196721
0.43333333333333335
0.42857142857142855
0.4583333333333333
0.4126984126984127
0.41935483870967744
0.4367816091954023
0.45454545454545453
0.4358974358974359
0.45454545454545453
0.43333333333333335
0.4146341463414634
0.42105263157894735
0.47619047619047616
0.43243243243243246
0.45
0.42424242424242425
0.43478260869565216
0.42045454545454547
0.42857142857142855
0.42105263157894735
