0.5
0.5
0.5033333333333333
0.5
0.5
0.5033333333333333
0.5
0.5
0.5
0.5
0.5
0.5
0.5
0.5033333333333333
0.5033333333333333
0.5
0.5
0.5
0.5033333333333333
0.5
0.5033333333333333
0.5
0.5
0.5
0.5033333333333333
0.49666666666666665
0.5
0.5
0.5
0.5033333333333333
0.5
0.5
0.5
0.5
0.5
0.5
0.5
0.5
0.5
0.5
0.5
0.5033333333333333
0.5
0.5
0.5
0.5
0.5
0.49666666666666665
0.5
0.5
0.5033333333333333
0.5
0.5
0.5
0.5
0.5
0.5033333333333333
0.5
0.5
0.5
0.5
0.49666666666666665
0.5
0.5
0.5
0.49666666666666665
0.5
0.5
0.5
0.5
0.5
0.5
0.5
0.5
0.5
0.5
0.5033333333333333
0.49666666666666665
0.5033333333333333
0.5
0.49666666666666665
0.5
0.5
0.5
0.5
0.5
0.49666666666666665
0.5
0.5033333333333333
0.5033333333333333
0.5033333333333333
0.5
0.5033333333333333
0.5
0.5033333333333333
0.5
0.5
0.5
0.5
0.5
0.5
0.5
0.49666666666666665
0.5033333333333333
0.49666666666666665
0.5
0.49666666666666665
0.5
0.5
0.5
0.5
0.5033333333333333
0.49666666666666665
0.5033333333333333
0.5
0.5
0.5
0.5
0.5
0.5033333333333333
0.5033333333333333
0.5
0.5033333333333333
0.5
0.5
0.5
0.49666666666666665
0.5
0.5
0.5
0.49666666666666665
0.5
0.5
0.49666666666666665
0.5
0.5
0.5
0.5
0.5
0.5
0.5033333333333333
0.5
0.49666666666666665
0.49666666666666665
0.5
0.5
0.5
0.5
0.5
0.5
0.49666666666666665
0.5
0.49666666666666665
0.5
0.5
0.5
0.5
0.49666666666666665
0.5
0.5033333333333333
0.5
0.5
0.5
0.5
0.5
0.49666666666666665
0.49666666666666665
0.5
0.49666666666666665
0.5033333333333333
0.5033333333333333
0.5
0.5
0.5
0.49666666666666665
0.5033333333333333
0.5
0.5033333333333333
0.5
0.5
0.5
0.5
0.5
0.5
0.49666666666666665
0.5
0.5
0.5
0.5033333333333333
0.5033333333333333
0.5
0.5
0.5
0.5
0.49666666666666665
0.5
0.5033333333333333
0.5
0.5033333333333333
0.49666666666666665
0.49666666666666665
0.49666666666666665
0.5
0.49666666666666665
0.5
0.5
0.5
0.5033333333333333
0.49666666666666665
0.5
0.49666666666666665
0.49666666666666665
0.5
0.49666666666666665
0.49666666666666665
0.5
0.5033333333333333
0.5
0.5
0.5
0.5
0.5
0.49666666666666665
0.5
0.5
0.5
0.49666666666666665
0.5
0.5
0.5
0.49666666666666665
0.5
0.5033333333333333
0.5033333333333333
0.5
0.5
0.5033333333333333
0.5
0.5
0.5
0.49666666666666665
0.5033333333333333
0.5
0.5033333333333333
0.5033333333333333
0.5
0.5033333333333333
0.5
0.5
0.5033333333333333
0.5
0.5033333333333333
0.49666666666666665
0.5
0.5
0.5
0.5
0.5
0.5033333333333333
0.5
0.5
0.5
0.5
0.5033333333333333
0.5
0.5033333333333333
0.5033333333333333
0.5033333333333333
0.5033333333333333
0.5
0.5
0.49666666666666665
0.5033333333333333
0.5
0.5
0.5
0.5
0.49666666666666665
0.5
0.5
0.5
0.5033333333333333
0.5033333333333333
0.5
0.5033333333333333
0.5
0.49666666666666665
0.5
0.5
0.5
0.5
0.5033333333333333
0.5
0.5
0.5
0.5
0.5
0.5
0.5
0.5
0.5
0.5
0.5
0.5
0.5
0.5033333333333333
0.5
0.5
0.5
0.5033333333333333
0.5033333333333333
0.5
0.5
0.49666666666666665
0.5033333333333333
0.5059288537549407
0.5020080321285141
0.5021645021645021
0.5064935064935064
0.509009009009009
0.5077720207253886
0.5106382978723404
0.5055555555555555
0.5094339622641509
0.5083798882681564
0.5052631578947369
0.5063291139240507
0.5125
0.5096774193548387
0.5163398692810458
0.5056818181818182
0.5179856115107914
0.5123456790123457
0.5144927536231884
0.5180722891566265
0.5163398692810458
0.5208333333333334
0.5284552845528455
0.5163398692810458
0.5147058823529411
0.5167785234899329
0.5223880597014925
0.5192307692307693
0.5159235668789809
0.5223880597014925
0.5220588235294118
0.518796992481203
0.5128205128205128
0.5190839694656488
0.5174825174825175
0.5263157894736842
0.5161290322580645
0.5211267605633803
0.5182481751824818
0.5205479452054794
0.5217391304347826
0.5135135135135135
0.5231788079470199
0.5220588235294118
0.5223880597014925
0.5149253731343284
0.5208333333333334
0.5135135135135135
0.5259259259259259
0.5161290322580645
0.5067567567567568
0.5106382978723404
0.5251798561151079
0.5131578947368421
0.5165562913907285
0.5144508670520231
0.5126582278481012
0.5167785234899329
0.5142857142857142
0.5225806451612903
0.512987012987013
0.5133333333333333
0.514792899408284
0.515527950310559
0.5189873417721519
0.5163398692810458
0.5103448275862069
0.5163398692810458
0.5133333333333333
0.5125
0.5131578947368421
0.5223880597014925
0.5208333333333334
0.5202702702702703
0.5170068027210885
0.5167785234899329
0.5193798449612403
0.5354330708661418
0.5263157894736842
0.5208333333333334
0.5208333333333334
0.5172413793103449
0.5223880597014925
0.5185185185185185
0.5255474452554745
0.5267175572519084
0.53125
0.5190839694656488
0.5227272727272727
0.5271317829457365
0.5241935483870968
0.5259259259259259
0.5284552845528455
0.5299145299145299
0.5338345864661654
0.5267175572519084
0.5217391304347826
0.5172413793103449
0.5384615384615384
0.5284552845528455
0.5267175572519084
0.5338983050847458
0.5289256198347108
0.5238095238095238
0.5327868852459017
0.5354330708661418
0.5223880597014925
0.5354330708661418
0.5328467153284672
0.5363636363636364
0.5378151260504201
0.5348837209302325
0.5284552845528455
0.528
0.5391304347826087
0.5317460317460317
0.5416666666666666
0.5338983050847458
0.5365853658536586
0.5409836065573771
0.5428571428571428
0.5327868852459017
0.5259259259259259
0.532258064516129
0.5378151260504201
0.5480769230769231
0.5409836065573771
0.5495495495495496
0.5431034482758621
0.5454545454545454
0.543859649122807
0.5409836065573771
0.5478260869565217
0.5495495495495496
0.5423728813559322
0.5504587155963303
0.5486725663716814
0.56
0.5391304347826087
0.5526315789473685
0.55
0.5576923076923077
0.5391304347826087
0.5486725663716814
0.5517241379310345
0.5575221238938053
0.5470085470085471
0.5486725663716814
0.5446428571428571
0.5545454545454546
0.5567010309278351
0.5462962962962963
0.543859649122807
0.5508474576271186
0.543859649122807
0.5508474576271186
0.5643564356435643
0.5504587155963303
0.5454545454545454
0.544
0.546875
0.5471698113207547
0.5504587155963303
0.5478260869565217
0.5416666666666666
0.5486725663716814
0.5517241379310345
0.5486725663716814
0.5423728813559322
0.5454545454545454
0.543859649122807
0.5454545454545454
0.5384615384615384
0.5416666666666666
0.5398230088495575
0.5446428571428571
0.5555555555555556
0.5447154471544715
0.536
0.5317460317460317
0.5486725663716814
0.544
0.543859649122807
0.5378151260504201
0.5446428571428571
0.536
0.5431034482758621
0.5327868852459017
0.5378151260504201
0.5431034482758621
0.5371900826446281
0.5391304347826087
0.5412844036697247
0.5348837209302325
0.5486725663716814
0.5350877192982456
0.5431034482758621
0.536
0.5575221238938053
0.544
0.5405405405405406
0.5462184873949579
0.5391304347826087
0.5447154471544715
0.5431034482758621
0.5476190476190477
0.5565217391304348
0.5462962962962963
0.5446428571428571
0.5545454545454546
0.55
0.5636363636363636
0.5526315789473685
0.5535714285714286
0.56
0.5686274509803921
0.5656565656565656
0.5714285714285714
0.5596330275229358
0.5688073394495413
0.5625
0.5675675675675675
0.5663716814159292
0.5686274509803921
0.5700934579439252
0.5784313725490197
0.5625
0.5728155339805825
0.5757575757575758
0.5841584158415841
0.5742574257425742
0.58
0.5526315789473685
0.5769230769230769
0.5833333333333334
0.5851063829787234
0.5784313725490197
0.5784313725490197
0.5645161290322581
0.5769230769230769
0.5688073394495413
0.5816326530612245
0.5816326530612245
0.58
0.5876288659793815
0.5754716981132075
0.5757575757575758
0.5688073394495413
0.5675675675675675
0.580952380952381
0.5757575757575758
0.5673076923076923
0.5714285714285714
0.5675675675675675
0.5686274509803921
0.5754716981132075
0.5816326530612245
0.5636363636363636
0.5729166666666666
0.5784313725490197
0.5566037735849056
0.5648148148148148
0.5660377358490566
0.559322033898305
0.5631067961165048
0.5660377358490566
0.5742574257425742
0.5673076923076923
0.5689655172413793
0.5686274509803921
0.58
0.5641025641025641
0.5714285714285714
0.5742574257425742
0.5648148148148148
0.559322033898305
0.5673076923076923
0.5673076923076923
0.5614035087719298
0.5619047619047619
0.5673076923076923
0.5576923076923077
0.5656565656565656
0.5740740740740741
0.5565217391304348
0.5625
0.5673076923076923
0.5648148148148148
0.5555555555555556
0.5555555555555556
0.5625
0.5656565656565656
0.57
0.56
0.5660377358490566
0.5631067961165048
0.5596330275229358
0.5555555555555556
0.559322033898305
0.5596330275229358
0.5508474576271186
0.5660377358490566
0.5648148148148148
0.5588235294117647
0.5508474576271186
0.5544554455445545
0.5504587155963303
0.5585585585585585
0.5660377358490566
0.5555555555555556
0.5431034482758621
0.5491803278688525
0.5607476635514018
0.5660377358490566
0.5631067961165048
0.5607476635514018
0.5545454545454546
0.5656565656565656
0.5565217391304348
0.5575221238938053
0.5555555555555556
0.5566037735849056
0.5526315789473685
0.5614035087719298
0.5454545454545454
0.5575221238938053
0.5714285714285714
0.5447154471544715
0.5631067961165048
0.5478260869565217
0.5596330275229358
0.5517241379310345
0.55
0.5535714285714286
0.5555555555555556
0.5405405405405406
0.5545454545454546
0.5486725663716814
0.5454545454545454
0.5607476635514018
0.5446428571428571
0.5350877192982456
0.5486725663716814
0.5575221238938053
0.5656565656565656
0.5396825396825397
0.5486725663716814
0.5504587155963303
0.5619047619047619
0.5660377358490566
0.5535714285714286
0.5576923076923077
0.5504587155963303
0.5486725663716814
0.5576923076923077
0.5535714285714286
0.5517241379310345
0.5585585585585585
0.5643564356435643
0.5607476635514018
0.5566037735849056
0.5566037735849056
0.5607476635514018
0.5566037735849056
0.5555555555555556
0.5504587155963303
0.5686274509803921
0.5660377358490566
0.5523809523809524
0.5566037735849056
0.5686274509803921
0.5535714285714286
0.5535714285714286
0.5545454545454546
0.5588235294117647
0.5566037735849056
0.5588235294117647
0.5517241379310345
0.5643564356435643
0.5555555555555556
0.5486725663716814
0.5585585585585585
0.5504587155963303
0.5607476635514018
0.5656565656565656
0.543859649122807
0.5478260869565217
0.5565217391304348
0.5470085470085471
0.5416666666666666
0.5631067961165048
0.5391304347826087
0.5565217391304348
0.5566037735849056
0.5523809523809524
0.5333333333333333
0.5566037735849056
0.5533980582524272
0.5478260869565217
0.5454545454545454
0.5333333333333333
0.5405405405405406
0.5462962962962963
0.5504587155963303
0.5533980582524272
0.5384615384615384
0.5350877192982456
0.5535714285714286
0.5486725663716814
0.5363636363636364
0.5470085470085471
0.5333333333333333
0.5377358490566038
0.5486725663716814
0.5391304347826087
0.543859649122807
0.5398230088495575
0.5391304347826087
0.5363636363636364
0.5486725663716814
0.5446428571428571
0.5384615384615384
0.5423728813559322
0.5431034482758621
0.5333333333333333
0.5420560747663551
0.5321100917431193
0.5321100917431193
0.5446428571428571
0.5420560747663551
0.5363636363636364
0.528
0.5398230088495575
0.5445544554455446
0.5378151260504201
0.5409836065573771
0.5412844036697247
0.5357142857142857
0.5371900826446281
0.5350877192982456
0.5462962962962963
0.5344827586206896
0.5398230088495575
0.5391304347826087
0.5423728813559322
0.5344827586206896
0.5338983050847458
0.5344827586206896
0.5405405405405406
0.5431034482758621
0.5420560747663551
0.5436893203883495
0.5480769230769231
0.5480769230769231
0.5350877192982456
0.5486725663716814
0.5504587155963303
0.5363636363636364
0.5631067961165048
0.5495495495495496
0.5423728813559322
0.5462962962962963
0.5384615384615384
0.5576923076923077
0.5566037735849056
0.5405405405405406
0.56
0.5446428571428571
0.5656565656565656
0.5544554455445545
0.5535714285714286
0.5471698113207547
0.5462962962962963
0.5555555555555556
0.5576923076923077
0.5729166666666666
0.5588235294117647
0.5567010309278351
0.5504587155963303
0.5612244897959183
0.5670103092783505
0.5607476635514018
0.5588235294117647
0.5504587155963303
0.5504587155963303
0.5544554455445545
0.5588235294117647
0.5514018691588785
0.5535714285714286
0.5612244897959183
0.5446428571428571
0.5533980582524272
0.5480769230769231
0.5631067961165048
0.5555555555555556
0.5495495495495496
0.5480769230769231
0.5517241379310345
0.5535714285714286
0.5490196078431373
0.5596330275229358
0.55
0.5625
0.5471698113207547
0.5625
0.5625
0.5670103092783505
0.5504587155963303
0.5412844036697247
0.5555555555555556
0.5533980582524272
0.5555555555555556
0.5495495495495496
0.5714285714285714
0.5533980582524272
0.5523809523809524
0.5567010309278351
0.5670103092783505
0.5471698113207547
0.5514018691588785
0.5576923076923077
0.57
0.5656565656565656
0.5686274509803921
0.5535714285714286
0.55
0.5625
0.5510204081632653
0.5619047619047619
0.5607476635514018
0.5588235294117647
0.5454545454545454
0.5555555555555556
0.5480769230769231
0.5504587155963303
0.5619047619047619
0.5517241379310345
0.5533980582524272
0.5495495495495496
0.5398230088495575
0.5526315789473685
0.5555555555555556
0.5480769230769231
0.5576923076923077
0.5446428571428571
0.5391304347826087
0.5423728813559322
0.5544554455445545
0.5471698113207547
0.5471698113207547
0.5412844036697247
0.5398230088495575
0.5495495495495496
0.5471698113207547
0.5412844036697247
0.5462962962962963
0.5398230088495575
0.55
0.536
0.5462962962962963
0.5423728813559322
0.5344827586206896
0.5391304347826087
0.5333333333333333
0.536
0.5514018691588785
0.5405405405405406
0.5409836065573771
0.5431034482758621
0.5384615384615384
0.5391304347826087
0.5391304347826087
0.5471698113207547
0.5566037735849056
0.5409836065573771
0.5545454545454546
0.5371900826446281
0.5588235294117647
0.5462184873949579
0.5535714285714286
0.5478260869565217
0.5631067961165048
0.5446428571428571
0.5495495495495496
0.5470085470085471
0.5504587155963303
0.5478260869565217
0.5454545454545454
0.5508474576271186
0.5514018691588785
0.5555555555555556
0.5517241379310345
0.5495495495495496
0.5588235294117647
0.5471698113207547
0.5486725663716814
0.5535714285714286
0.5619047619047619
0.5619047619047619
0.5544554455445545
0.5526315789473685
0.5514018691588785
0.5471698113207547
0.5576923076923077
0.5619047619047619
0.5596330275229358
0.5566037735849056
0.5585585585585585
0.5607476635514018
0.5478260869565217
0.5670103092783505
0.5533980582524272
0.5673076923076923
0.5588235294117647
0.5714285714285714
0.5631067961165048
0.5660377358490566
0.5555555555555556
0.5673076923076923
0.5619047619047619
0.5686274509803921
0.5588235294117647
0.5670103092783505
0.5619047619047619
0.5714285714285714
0.5555555555555556
0.5631067961165048
0.5769230769230769
0.5714285714285714
0.5636363636363636
0.5769230769230769
0.5619047619047619
0.5729166666666666
0.57
0.5686274509803921
0.5769230769230769
0.5714285714285714
0.57
0.5784313725490197
0.5714285714285714
0.57
0.5700934579439252
0.57
0.5806451612903226
0.5757575757575758
0.5757575757575758
0.5714285714285714
0.5675675675675675
0.5728155339805825
0.5673076923076923
0.5728155339805825
0.5686274509803921
0.5545454545454546
0.5631067961165048
0.5660377358490566
0.5575221238938053
0.5643564356435643
0.57
0.5576923076923077
0.57
0.5670103092783505
0.5660377358490566
0.5631067961165048
0.5555555555555556
0.5625
0.5566037735849056
0.5656565656565656
0.5656565656565656
0.5462184873949579
0.5660377358490566
0.5566037735849056
0.5648148148148148
0.5607476635514018
0.5462184873949579
0.543859649122807
0.5544554455445545
0.5462962962962963
0.5576923076923077
0.5431034482758621
0.5504587155963303
0.5462962962962963
0.5423728813559322
0.5431034482758621
0.5420560747663551
0.5533980582524272
