0.47368421052631576
0.4117647058823529
0.3684210526315789
0.4230769230769231
0.4166666666666667
0.4594594594594595
0.6097560975609756
0.4745762711864407
0.25
0.5384615384615384
0.52
0.6666666666666666
0.35
0.35294117647058826
0.4782608695652174
0.48148148148148145
0.3333333333333333
0.45454545454545453
0.5833333333333334
0.6
0.5
0.23076923076923078
0.4642857142857143
0.43243243243243246
0.4117647058823529
0.52
0.5675675675675675
0.375
0.49056603773584906
0.4166666666666667
0.42857142857142855
0.5333333333333333
0.4358974358974359
0.4583333333333333
0.375
0.47058823529411764
0.3333333333333333
0.48
0.3333333333333333
0.475
0.5
0.6111111111111112
0.4444444444444444
0.5
0.3333333333333333
0.4423076923076923
0.527027027027027
0.3333333333333333
0.5
0.5517241379310345
0.48484848484848486
0.5
0.46464646464646464
0.4716981132075472
0.4444444444444444
0.5254237288135594
0.42857142857142855
0.46153846153846156
0.46153846153846156
0.47619047619047616
0.46875
0.5086705202312138
0.5294117647058824
0.5217391304347826
0.5633802816901409
0.49137931034482757
0.5198019801980198
0.5084745762711864
0.4796747967479675
0.5423728813559322
0.5185185185185185
0.4897959183673469
0.4583333333333333
0.49056603773584906
0.47530864197530864
0.496551724137931
0.47533632286995514
0.4972067039106145
0.44
0.4809688581314879
0.48226950354609927
0.4722222222222222
0.4424778761061947
0.49206349206349204
0.4860557768924303
0.4552238805970149
0.4797687861271676
0.4689655172413793
0.47115384615384615
0.47783251231527096
0.448
0.47282608695652173
0.4642857142857143
0.45323741007194246
0.46107784431137727
0.45528455284552843
0.45774647887323944
0.46153846153846156
0.4632352941176471
0.44696969696969696
0.4666666666666667
0.48333333333333334
0.44785276073619634
0.4696132596685083
0.45038167938931295
0.4491525423728814
0.45394736842105265
0.43859649122807015
0.45384615384615384
0.46236559139784944
0.4634146341463415
0.4426229508196721
0.45517241379310347
0.4634146341463415
0.4418604651162791
0.45652173913043476
0.4666666666666667
0.448
0.45930232558139533
0.45161290322580644
0.4634146341463415
0.45528455284552843
0.456
0.47
0.4393939393939394
0.4496124031007752
0.45454545454545453
0.4426229508196721
0.44715447154471544
0.48148148148148145
0.44537815126050423
0.4339622641509434
0.42857142857142855
0.4473684210526316
0.4351851851851852
0.44360902255639095
0.4230769230769231
0.4431818181818182
0.4857142857142857
0.4230769230769231
0.43410852713178294
0.42857142857142855
0.43283582089552236
0.4153846153846154
0.48484848484848486
0.42
0.43119266055045874
0.44642857142857145
0.46511627906976744
0.4444444444444444
0.45098039215686275
0.46153846153846156
0.44680851063829785
0.45
0.42592592592592593
0.42990654205607476
0.46
0.4462809917355372
0.4444444444444444
0.4369747899159664
0.43119266055045874
0.452991452991453
0.45
0.44680851063829785
0.47619047619047616
0.47928994082840237
0.4666666666666667
0.4473684210526316
0.46511627906976744
0.4810126582278481
0.48255813953488375
0.49246231155778897
0.46774193548387094
0.4880952380952381
0.4924812030075188
0.49
0.5
0.4931506849315068
0.49107142857142855
0.49333333333333335
0.4971751412429379
0.5033333333333333
0.5025125628140703
0.5
0.5
0.5033333333333333
0.4975845410628019
0.5066666666666667
0.49333333333333335
0.5033333333333333
0.49
0.5
0.49333333333333335
0.46938775510204084
0.49666666666666665
0.49666666666666665
0.5066666666666667
0.5033333333333333
0.49666666666666665
0.49666666666666665
0.5
0.5
0.49333333333333335
0.49666666666666665
0.49333333333333335
0.49333333333333335
0.49
0.5033333333333333
0.5033333333333333
0.49
0.5033333333333333
0.49333333333333335
0.49
0.49333333333333335
0.49666666666666665
0.5033333333333333
0.49333333333333335
0.49333333333333335
0.5033333333333333
0.5033333333333333
0.49
0.49333333333333335
0.49
0.5066666666666667
0.5035714285714286
0.5033333333333333
0.48333333333333334
0.5072463768115942
0.5
0.49666666666666665
0.5102040816326531
0.49666666666666665
0.508833922261484
0.5166666666666667
0.5166666666666667
0.49411764705882355
0.5105633802816901
0.51
0.4858757062146893
0.49375
0.47668393782383417
0.5
0.5
0.5166666666666667
0.51
0.49624060150375937
0.5166666666666667
0.51
0.47761194029850745
0.5066666666666667
0.49666666666666665
0.5
0.5066666666666667
0.51
0.49333333333333335
0.51
0.51
0.5033333333333333
0.5066666666666667
0.5066666666666667
0.5
0.5033333333333333
0.49666666666666665
0.5033333333333333
0.5033333333333333
0.5
0.5
0.49666666666666665
0.5133333333333333
0.5033333333333333
0.51
0.5033333333333333
0.51
0.5
0.5
0.5033333333333333
0.5033333333333333
0.5133333333333333
0.5066666666666667
0.49038461538461536
0.5
0.49748743718592964
0.4946236559139785
0.51
0.49032258064516127
0.47643979057591623
0.49491525423728816
0.49635036496350365
0.484472049689441
0.4861878453038674
0.49666666666666665
0.47183098591549294
0.47878787878787876
0.4954954954954955
0.49224806201550386
0.4909090909090909
0.48148148148148145
0.5
0.46368715083798884
0.5
0.4957983193277311
0.5
0.4873096446700508
0.49122807017543857
0.5033333333333333
0.5033333333333333
0.5
0.497737556561086
0.5033333333333333
0.5
0.5033333333333333
0.49666666666666665
0.5
0.4897959183673469
0.4785276073619632
0.49666666666666665
0.48554913294797686
0.4873417721518987
0.5066666666666667
0.4860335195530726
0.4921259842519685
0.48717948717948717
0.49333333333333335
0.49099099099099097
0.49361702127659574
0.49333333333333335
0.5
0.49666666666666665
0.5033333333333333
0.49458483754512633
0.49666666666666665
0.49222797927461137
0.49666666666666665
0.5066666666666667
0.5
0.49666666666666665
0.49586776859504134
0.5
0.5066666666666667
0.49333333333333335
0.49666666666666665
0.49
0.49333333333333335
0.49666666666666665
0.49
0.5
0.49666666666666665
0.49666666666666665
0.5026178010471204
0.5066666666666667
0.5
0.5033333333333333
0.49
0.49333333333333335
0.49333333333333335
0.5033333333333333
0.49666666666666665
0.5033333333333333
0.5066666666666667
0.5066666666666667
0.5
0.49333333333333335
0.5
0.49333333333333335
0.49666666666666665
0.49666666666666665
0.49666666666666665
0.49666666666666665
0.49666666666666665
0.5
0.5033333333333333
0.49333333333333335
0.5066666666666667
0.49
0.49645390070921985
0.5033333333333333
0.4900662251655629
0.5
0.49333333333333335
0.5
0.4888888888888889
0.49333333333333335
0.5066666666666667
0.475177304964539
0.5
0.4594594594594595
0.46835443037974683
0.48031496062992124
0.46923076923076923
0.48633879781420764
0.46218487394957986
0.49390243902439024
0.492
0.47058823529411764
0.4519230769230769
0.45384615384615384
0.48201438848920863
0.48917748917748916
0.48
0.4393939393939394
0.47019867549668876
0.46218487394957986
0.4462809917355372
0.4785714285714286
0.4728682170542636
0.4700854700854701
0.4868421052631579
0.47058823529411764
0.4666666666666667
0.47692307692307695
0.46938775510204084
0.4444444444444444
0.49572649572649574
0.45925925925925926
0.4528301886792453
0.44660194174757284
0.4666666666666667
0.46153846153846156
0.47619047619047616
0.48466257668711654
0.4523809523809524
0.4628099173553719
0.46825396825396826
0.47107438016528924
0.45871559633027525
0.47058823529411764
0.47953216374269003
0.4672131147540984
0.45454545454545453
0.42727272727272725
0.45454545454545453
0.44537815126050423
0.4580152671755725
0.46715328467153283
0.4714285714285714
0.4714285714285714
0.4649122807017544
0.47058823529411764
0.46511627906976744
0.44537815126050423
0.4375
0.45614035087719296
0.4444444444444444
0.4520547945205479
0.453781512605042
0.4566929133858268
0.4603174603174603
0.46
0.45714285714285713
0.45901639344262296
0.45864661654135336
0.4424778761061947
0.4444444444444444
0.43478260869565216
0.47953216374269003
0.4583333333333333
0.4392523364485981
0.4491525423728814
0.46774193548387094
0.45714285714285713
0.46153846153846156
0.45535714285714285
0.4583333333333333
0.4583333333333333
0.4785714285714286
0.45454545454545453
0.45689655172413796
0.453781512605042
0.47928994082840237
0.4523809523809524
0.4632352941176471
0.48466257668711654
0.48148148148148145
0.49044585987261147
0.4424778761061947
0.49390243902439024
0.477124183006536
0.49523809523809526
0.46511627906976744
0.48366013071895425
0.4740740740740741
0.4968152866242038
0.4642857142857143
0.4765625
0.49193548387096775
0.48120300751879697
0.4779874213836478
0.49333333333333335
0.493006993006993
0.497737556561086
0.5
0.4807692307692308
0.5033333333333333
0.49666666666666665
0.5033333333333333
0.51
0.4968944099378882
0.502262443438914
0.4864864864864865
0.49433962264150944
0.5033333333333333
0.49333333333333335
0.5144230769230769
0.5
0.5116279069767442
0.5
0.5033333333333333
0.4896551724137931
0.5033333333333333
0.49666666666666665
0.5058365758754864
0.5
0.48333333333333334
0.49333333333333335
0.5
0.49666666666666665
0.49666666666666665
0.49
0.5
0.5
0.48091603053435117
0.5
0.5033333333333333
0.49333333333333335
0.49
0.5033333333333333
0.4634146341463415
0.49666666666666665
0.49333333333333335
0.49666666666666665
0.48255813953488375
0.49333333333333335
0.49333333333333335
0.49666666666666665
0.49333333333333335
0.49666666666666665
0.5
0.5066666666666667
0.4772727272727273
0.5035460992907801
0.5066666666666667
0.46153846153846156
0.5033333333333333
0.5
0.5033333333333333
0.5
0.49333333333333335
0.49666666666666665
0.5
0.5
0.51
0.49666666666666665
0.5
0.49
0.49333333333333335
0.5033333333333333
0.49666666666666665
0.5033333333333333
0.51
0.49333333333333335
0.5
0.5
0.5
0.4810126582278481
0.5
0.5
0.5033333333333333
0.49666666666666665
0.51
0.49333333333333335
0.5
0.5033333333333333
0.49666666666666665
0.49666666666666665
0.5033333333333333
0.49666666666666665
0.5
0.49666666666666665
0.5
0.49666666666666665
0.49666666666666665
0.5
0.5033333333333333
0.5
0.49666666666666665
0.5
0.49333333333333335
0.5033333333333333
0.49666666666666665
0.5
0.5033333333333333
0.5
0.5033333333333333
0.49666666666666665
0.5
0.5033333333333333
0.49666666666666665
0.49666666666666665
0.5
0.5066666666666667
0.49666666666666665
0.5
0.5033333333333333
0.5066666666666667
0.5033333333333333
0.5
0.5
0.49666666666666665
0.5033333333333333
0.5066666666666667
0.5
0.51
0.5
0.5
0.5033333333333333
0.49666666666666665
0.49666666666666665
0.5
0.5
0.49666666666666665
0.49666666666666665
0.51
0.5033333333333333
0.5
0.5033333333333333
0.5
0.49666666666666665
0.5
0.5033333333333333
0.5066666666666667
0.5033333333333333
0.5033333333333333
0.5033333333333333
0.5066666666666667
0.49333333333333335
0.5033333333333333
0.5033333333333333
0.49666666666666665
0.49333333333333335
0.49666666666666665
0.49666666666666665
0.5
0.49666666666666665
0.49666666666666665
0.5
0.5066666666666667
0.5
0.5066666666666667
0.49333333333333335
0.5033333333333333
0.49666666666666665
0.5
0.5
0.5
0.49666666666666665
0.5033333333333333
0.5
0.5033333333333333
0.49666666666666665
0.5
0.5
0.5033333333333333
0.49666666666666665
0.5
0.5033333333333333
0.5
0.5033333333333333
0.5033333333333333
0.49666666666666665
0.5066666666666667
0.5033333333333333
0.49666666666666665
0.49333333333333335
0.49333333333333335
0.5033333333333333
0.5
0.49666666666666665
0.5033333333333333
0.49666666666666665
0.5066666666666667
0.5
0.49333333333333335
0.49666666666666665
0.5033333333333333
0.5033333333333333
0.49666666666666665
0.5
0.5033333333333333
0.5033333333333333
0.5
0.49666666666666665
0.5066666666666667
0.49666666666666665
0.5094339622641509
0.5033333333333333
0.49666666666666665
0.5033333333333333
0.5033333333333333
0.5066666666666667
0.5033333333333333
0.5033333333333333
0.5
0.5
0.5166666666666667
0.5033333333333333
0.5033333333333333
0.5033333333333333
0.51
0.5033333333333333
0.51
0.4900662251655629
0.5066666666666667
0.51
0.5066666666666667
0.5066666666666667
0.4810126582278481
0.49666666666666665
0.5
0.5
0.5
0.5
0.5
0.48175182481751827
0.51
0.4885057471264368
0.5066666666666667
0.5033333333333333
0.5066666666666667
0.51
0.5066666666666667
0.5066666666666667
0.5033333333333333
0.49666666666666665
0.51
0.49710982658959535
0.49666666666666665
0.5033333333333333
0.49333333333333335
0.5
0.49
0.51
0.5
0.5
0.5133333333333333
0.49666666666666665
0.5
0.49666666666666665
0.49666666666666665
0.49666666666666665
0.49333333333333335
0.5033333333333333
0.5033333333333333
0.5
0.5
0.49666666666666665
0.49333333333333335
0.49333333333333335
0.49333333333333335
0.49333333333333335
0.5
0.49666666666666665
0.5
0.5
0.49666666666666665
0.49666666666666665
0.49666666666666665
0.4866666666666667
0.5066666666666667
0.5
0.5
0.49333333333333335
0.5
0.49333333333333335
0.5
0.5026737967914439
0.49666666666666665
0.49666666666666665
0.49333333333333335
0.49
0.5
0.49333333333333335
0.5
0.49333333333333335
0.5033333333333333
0.49333333333333335
0.5033333333333333
0.49333333333333335
0.5
0.49666666666666665
0.49333333333333335
0.49333333333333335
0.5033333333333333
0.5
0.5
0.49333333333333335
0.49666666666666665
0.5
0.49
0.5
0.49
0.5
0.5033333333333333
0.49666666666666665
0.5033333333333333
0.5
0.5033333333333333
0.5
0.5
0.5
0.5
0.5
0.49333333333333335
0.5
0.5
0.5
0.5033333333333333
0.5
0.5
0.5
0.49666666666666665
0.5
0.5
0.5
0.5033333333333333
0.5
0.49828178694158076
0.49321266968325794
0.4979757085020243
0.4897959183673469
0.4945054945054945
0.49361702127659574
0.49079754601226994
0.4864864864864865
0.49056603773584906
0.48633879781420764
0.4954545454545455
0.48633879781420764
0.48322147651006714
0.49130434782608695
0.49375
0.48
0.4915254237288136
0.49
0.49612403100775193
0.49107142857142855
0.4946236559139785
0.49122807017543857
0.49808429118773945
0.4959349593495935
0.5
0.4939759036144578
0.49666666666666665
0.5
0.49666666666666665
0.49666666666666665
0.5
0.49666666666666665
0.5033333333333333
0.5
0.5033333333333333
0.49666666666666665
0.5
0.5
0.49666666666666665
0.5
0.5
0.49666666666666665
0.49666666666666665
0.49333333333333335
0.49333333333333335
0.49666666666666665
0.5033333333333333
0.49333333333333335
0.5033333333333333
0.5
0.49
0.5
0.49333333333333335
0.49
0.5033333333333333
0.49666666666666665
0.49666666666666665
0.49666666666666665
0.49666666666666665
0.49333333333333335
0.49
0.49
0.49666666666666665
0.49333333333333335
0.49666666666666665
0.5
0.5
0.49666666666666665
0.49333333333333335
0.49
0.49666666666666665
0.5
0.49666666666666665
0.49333333333333335
0.5
0.49666666666666665
0.5033333333333333
0.49666666666666665
0.49333333333333335
0.49666666666666665
0.49333333333333335
0.49666666666666665
0.49333333333333335
0.5
0.49666666666666665
0.5
0.49
0.49
0.49
0.49333333333333335
0.49333333333333335
0.49
0.498220640569395
0.5
0.4866666666666667
0.5054151624548736
0.48333333333333334
0.49333333333333335
0.49
0.4866666666666667
0.5066666666666667
0.49333333333333335
0.5
0.4866666666666667
0.515
0.5033557046979866
0.49032258064516127
0.4961832061068702
0.49382716049382713
0.5033333333333333
0.506993006993007
0.510752688172043
0.5066666666666667
0.49079754601226994
0.5087719298245614
0.4972677595628415
0.5150501672240803
0.49382716049382713
0.48322147651006714
0.4727272727272727
0.484472049689441
0.4596774193548387
0.51
0.46710526315789475
0.4726027397260274
0.46153846153846156
0.4744525547445255
0.48366013071895425
0.46875
0.4942528735632184
0.46715328467153283
0.4768211920529801
0.4675324675324675
0.4895833333333333
0.47183098591549294
0.46218487394957986
0.4676258992805755
0.48322147651006714
0.464
0.475
0.48366013071895425
0.48520710059171596
0.49162011173184356
0.46511627906976744
0.4788732394366197
0.463768115942029
0.4696969696969697
0.48148148148148145
0.4605263157894737
0.48314606741573035
0.45390070921985815
0.4689655172413793
0.4701492537313433
0.49444444444444446
0.47333333333333333
0.46153846153846156
0.4722222222222222
0.4645669291338583
0.4807692307692308
0.4580152671755725
0.4434782608695652
0.46511627906976744
0.47435897435897434
0.4645669291338583
0.45925925925925926
0.464
0.46794871794871795
0.4626865671641791
0.4552238805970149
0.4697986577181208
0.46511627906976744
0.44715447154471544
0.46715328467153283
0.45985401459854014
0.44537815126050423
