0.6111111111111112
0.42857142857142855
0.6538461538461539
0.6666666666666666
0.5277777777777778
0.5217391304347826
0.47368421052631576
0.8333333333333334
0.75
0.5
0.9
0.5882352941176471
0.5882352941176471
0.48484848484848486
0.631578947368421
0.5333333333333333
0.6
0.4166666666666667
0.6
0.5833333333333334
0.5
0.46938775510204084
0.47058823529411764
0.5185185185185185
0.5172413793103449
0.5
0.6363636363636364
0.5535714285714286
0.59375
0.5232558139534884
0.5238095238095238
0.5689655172413793
0.5
0.6111111111111112
0.4666666666666667
0.49230769230769234
0.38461538461538464
0.5555555555555556
0.5510204081632653
0.5263157894736842
0.4
0.5238095238095238
0.5263157894736842
0.5151515151515151
0.45454545454545453
0.525
0.49122807017543857
0.4827586206896552
0.5517241379310345
0.45454545454545453
0.5652173913043478
0.4696969696969697
0.5
0.5
0.5230769230769231
0.53125
0.43478260869565216
0.5423728813559322
0.42105263157894735
0.5538461538461539
0.5
0.5
0.5161290322580645
0.48936170212765956
0.5172413793103449
0.5111111111111111
0.5206611570247934
0.46296296296296297
0.4888888888888889
0.5454545454545454
0.4782608695652174
0.5142857142857142
0.46153846153846156
0.4892086330935252
0.4838709677419355
0.509090909090909
0.45098039215686275
0.4745762711864407
0.4444444444444444
0.4716981132075472
0.4880952380952381
0.46296296296296297
0.5057471264367817
0.48717948717948717
0.47540983606557374
0.5033333333333333
0.5263157894736842
0.5529411764705883
0.48
0.5119047619047619
0.5398773006134969
0.4807692307692308
0.5392156862745098
0.4744186046511628
0.5111111111111111
0.5443037974683544
0.4383561643835616
0.5675675675675675
0.5555555555555556
0.46540880503144655
0.4470588235294118
0.45517241379310347
0.5240641711229946
0.5367647058823529
0.5473684210526316
0.48507462686567165
0.4626865671641791
0.5686274509803921
0.463768115942029
0.4782608695652174
0.4527027027027027
0.45161290322580644
0.5211864406779662
0.47715736040609136
0.5220883534136547
0.4714285714285714
0.4567901234567901
0.46236559139784944
0.5343137254901961
0.5307262569832403
0.5333333333333333
0.5116279069767442
0.5357142857142857
0.46405228758169936
0.5275229357798165
0.5372340425531915
0.51
0.5221674876847291
0.5596330275229358
0.5066666666666667
0.51
0.484472049689441
0.45112781954887216
0.46258503401360546
0.47619047619047616
0.47096774193548385
0.45
0.4444444444444444
0.4609375
0.4883720930232558
0.45454545454545453
0.48148148148148145
0.4383561643835616
0.46153846153846156
0.47619047619047616
0.5111111111111111
0.4405594405594406
0.4672131147540984
0.4358974358974359
0.4528301886792453
0.47619047619047616
0.4645669291338583
0.4424778761061947
0.4628099173553719
0.47029702970297027
0.4742857142857143
0.46511627906976744
0.4838709677419355
0.4731182795698925
0.48221343873517786
0.4768211920529801
0.49162011173184356
0.4861111111111111
0.4930875576036866
0.475
0.49666666666666665
0.48375451263537905
0.4866666666666667
0.48148148148148145
0.4875
0.49666666666666665
0.49666666666666665
0.4782608695652174
0.5
0.5066666666666667
0.49333333333333335
0.5066666666666667
0.512987012987013
0.5066666666666667
0.49
0.48333333333333334
0.5037593984962406
0.50390625
0.5147679324894515
0.49666666666666665
0.5130434782608696
0.47619047619047616
0.4965034965034965
0.49333333333333335
0.4851063829787234
0.48221343873517786
0.4826254826254826
0.5
0.4891304347826087
0.5118110236220472
0.47619047619047616
0.4928909952606635
0.4864864864864865
0.4759036144578313
0.47619047619047616
0.48201438848920863
0.45652173913043476
0.46923076923076923
0.4748201438848921
0.5357142857142857
0.5
0.4782608695652174
0.46153846153846156
0.48175182481751827
0.47580645161290325
0.46153846153846156
0.47368421052631576
0.4482758620689655
0.4634146341463415
0.47413793103448276
0.4634146341463415
0.475
0.4609375
0.4838709677419355
0.47761194029850745
0.48
0.4375
0.4375
0.45161290322580644
0.4621212121212121
0.4482758620689655
0.5384615384615384
0.45528455284552843
0.4666666666666667
0.5161290322580645
0.5116279069767442
0.4700854700854701
0.46825396825396826
0.4563106796116505
0.4552238805970149
0.4772727272727273
0.44086021505376344
0.4722222222222222
0.45081967213114754
0.4519230769230769
0.46153846153846156
0.475
0.4473684210526316
0.4482758620689655
0.4423076923076923
0.4444444444444444
0.4375
0.4482758620689655
0.4424778761061947
0.5384615384615384
0.44144144144144143
0.45161290322580644
0.4339622641509434
0.44715447154471544
0.4411764705882353
0.4576271186440678
0.45454545454545453
0.4411764705882353
0.44036697247706424
0.4888888888888889
0.4714285714285714
0.4609375
0.4573643410852713
0.4578313253012048
0.4496124031007752
0.45901639344262296
0.4645669291338583
0.4744525547445255
0.464
0.4566929133858268
0.47685185185185186
0.4740740740740741
0.46938775510204084
0.46835443037974683
0.47674418604651164
0.4748603351955307
0.49666666666666665
0.4798387096774194
0.48314606741573035
0.5219123505976095
0.48134328358208955
0.513986013986014
0.5170940170940171
0.5111111111111111
0.5186567164179104
0.5204918032786885
0.5
0.51
0.5294117647058824
0.5186915887850467
0.5352941176470588
0.5209302325581395
0.5229885057471264
0.5254237288135594
0.531578947368421
0.5298013245033113
0.5364238410596026
0.5546875
0.5220588235294118
0.5344827586206896
0.5259259259259259
0.5302013422818792
0.5507246376811594
0.5384615384615384
0.5481481481481482
0.5333333333333333
0.5462184873949579
0.5488721804511278
0.5486111111111112
0.5197368421052632
0.5319148936170213
0.5422535211267606
0.5441176470588235
0.5433070866141733
0.5294117647058824
0.5367647058823529
0.5306122448979592
0.5301204819277109
0.5347222222222222
0.526595744680851
0.5317919075144508
0.527027027027027
0.5294117647058824
0.5297619047619048
0.5329341317365269
0.5240641711229946
0.5324675324675324
0.5352112676056338
0.5260869565217391
0.5384615384615384
0.5221674876847291
0.5337078651685393
0.525
0.5351351351351351
0.5235294117647059
0.5161290322580645
0.5333333333333333
0.5496688741721855
0.527027027027027
0.5208333333333334
0.5326633165829145
0.5183823529411765
0.53125
0.5375
0.5066666666666667
0.5268817204301075
0.5223214285714286
0.5290322580645161
0.5033333333333333
0.525
0.5147679324894515
0.5208333333333334
0.5284974093264249
0.5240174672489083
0.5145631067961165
0.5340909090909091
0.5260115606936416
0.5251396648044693
0.5209302325581395
0.5351351351351351
0.5304878048780488
0.5175879396984925
0.524390243902439
0.5280898876404494
0.5279187817258884
0.5294117647058824
0.5276073619631901
0.5352941176470588
0.5319148936170213
0.5436241610738255
0.539568345323741
0.5390625
0.5379746835443038
0.5228758169934641
0.5307692307692308
0.5253164556962026
0.532051282051282
0.535031847133758
0.5212765957446809
0.5173913043478261
0.5329341317365269
0.5167464114832536
0.5159817351598174
0.5245098039215687
0.5243243243243243
0.5135135135135135
0.5217391304347826
0.5098039215686274
0.5169811320754717
0.5152838427947598
0.5233160621761658
0.5113636363636364
0.5125
0.5069124423963134
0.518324607329843
0.5112781954887218
0.51440329218107
0.5173913043478261
0.5188679245283019
0.5076335877862596
0.5086206896551724
0.5151515151515151
0.5109489051094891
0.5107913669064749
0.5150214592274678
0.5131578947368421
0.5174129353233831
0.5238095238095238
0.5198019801980198
0.5129533678756477
0.5257142857142857
0.5174129353233831
0.5170454545454546
0.5227272727272727
0.5297297297297298
0.5151515151515151
0.5168539325842697
0.5172413793103449
0.5205479452054794
0.5224719101123596
0.5266272189349113
0.525974025974026
0.5142857142857142
0.527027027027027
0.5304878048780488
0.5244755244755245
0.5222929936305732
0.5180722891566265
0.5220588235294118
0.5256410256410257
0.5112781954887218
0.5214285714285715
0.5238095238095238
0.532051282051282
0.5214285714285715
0.5151515151515151
0.52
0.5337837837837838
0.528169014084507
0.5222929936305732
0.5181347150259067
0.5217391304347826
0.5324675324675324
0.521978021978022
0.5232558139534884
0.5174418604651163
0.518324607329843
0.52
0.5224719101123596
0.5205479452054794
0.5138888888888888
0.5109489051094891
0.5076923076923077
0.5196078431372549
0.5067873303167421
0.5096153846153846
0.5086206896551724
0.5113636363636364
0.51
0.5033333333333333
0.5056603773584906
0.503731343283582
0.5156794425087108
0.5033333333333333
0.5
0.5066666666666667
0.5107142857142857
0.515748031496063
0.5093632958801498
0.5066666666666667
0.5062240663900415
0.5035971223021583
0.5066666666666667
0.5066666666666667
0.49666666666666665
0.5104166666666666
0.5666666666666667
0.5033333333333333
0.5066666666666667
0.5
0.5
0.5027322404371585
0.5076923076923077
0.5033333333333333
0.5066666666666667
0.5066666666666667
0.5319148936170213
0.49666666666666665
0.509090909090909
0.49666666666666665
0.5
0.5066666666666667
0.49666666666666665
0.49193548387096775
0.4976958525345622
0.51875
0.5
0.5185185185185185
0.5033333333333333
0.49
0.5017182130584192
0.5073529411764706
0.4957627118644068
0.5
0.5
0.505338078291815
0.5066666666666667
0.5033333333333333
0.49666666666666665
0.5018315018315018
0.5033333333333333
0.5092250922509225
0.49333333333333335
0.5133333333333333
0.5
0.5066666666666667
0.5
0.5033333333333333
0.5
0.49
0.49666666666666665
0.5
0.5033333333333333
0.5
0.49333333333333335
0.5066666666666667
0.49333333333333335
0.4973821989528796
0.5066666666666667
0.4927536231884058
0.5
0.5033333333333333
0.49333333333333335
0.5
0.4939759036144578
0.4943820224719101
0.5067114093959731
0.5033333333333333
0.5
0.5033333333333333
0.49666666666666665
0.49666666666666665
0.5033333333333333
0.4945652173913043
0.49333333333333335
0.49666666666666665
0.49666666666666665
0.5
0.5066666666666667
0.49
0.5033333333333333
0.49333333333333335
0.49666666666666665
0.51
0.5066666666666667
0.5
0.49666666666666665
0.5033333333333333
0.5
0.5
0.5
0.5
0.5033333333333333
0.5
0.5033333333333333
0.5033333333333333
0.49666666666666665
0.5
0.5
0.5
0.5
0.5066666666666667
0.5033333333333333
0.49666666666666665
0.5066666666666667
0.49666666666666665
0.49333333333333335
0.5
0.5066666666666667
0.5033333333333333
0.49333333333333335
0.5
0.49666666666666665
0.49333333333333335
0.5066666666666667
0.5
0.49666666666666665
0.5033333333333333
0.49333333333333335
0.5
0.49666666666666665
0.49666666666666665
0.5033333333333333
0.5
0.49
0.49333333333333335
0.5
0.4875
0.4925373134328358
0.49
0.488135593220339
0.49666666666666665
0.4904214559386973
0.5033333333333333
0.5033333333333333
0.49333333333333335
0.5033333333333333
0.5
0.49666666666666665
0.4805194805194805
0.49333333333333335
0.475
0.4965986394557823
0.49333333333333335
0.49666666666666665
0.48148148148148145
0.5
0.5
0.49333333333333335
0.4930875576036866
0.49333333333333335
0.49666666666666665
0.4824120603015075
0.5
0.5
0.49666666666666665
0.49666666666666665
0.45714285714285713
0.5
0.5033333333333333
0.5
0.5033333333333333
0.49666666666666665
0.5033333333333333
0.5066666666666667
0.49666666666666665
0.49666666666666665
0.5
0.5
0.5033333333333333
0.49666666666666665
0.5
0.49586776859504134
0.5
0.5
0.5
0.5033333333333333
0.5
0.49666666666666665
0.49666666666666665
0.5033333333333333
0.51
0.5033333333333333
0.5
0.49333333333333335
0.49666666666666665
0.5
0.5033333333333333
0.5033333333333333
0.5033333333333333
0.5033333333333333
0.49101796407185627
0.49666666666666665
0.49666666666666665
0.5
0.5
0.5
0.5
0.5
0.5
0.5033333333333333
0.5
0.49666666666666665
0.5033333333333333
0.5033333333333333
0.5033333333333333
0.5066666666666667
0.49333333333333335
0.5
0.5033333333333333
0.5
0.49666666666666665
0.5
0.5
0.5033333333333333
0.49666666666666665
0.49666666666666665
0.49666666666666665
0.5
0.49666666666666665
0.5033333333333333
0.5
0.5
0.5
0.49666666666666665
0.49333333333333335
0.5
0.49666666666666665
0.5066666666666667
0.5
0.5033333333333333
0.5
0.49333333333333335
0.49666666666666665
0.5
0.49666666666666665
0.5033333333333333
0.5
0.5
0.4982456140350877
0.5
0.5
0.5033333333333333
0.5033333333333333
0.5
0.49666666666666665
0.5
0.5066666666666667
0.49666666666666665
0.5
0.5
0.49333333333333335
0.5033333333333333
0.49666666666666665
0.5066666666666667
0.5033333333333333
0.5033333333333333
0.5
0.5066666666666667
0.5
0.5033333333333333
0.5033333333333333
0.5
0.5033333333333333
0.49333333333333335
0.4966216216216216
0.5066666666666667
0.49
0.5066666666666667
0.5
0.5
0.49666666666666665
0.5017064846416383
0.49666666666666665
0.5033333333333333
0.5020576131687243
0.5033333333333333
0.5
0.5033333333333333
0.5033333333333333
0.5033333333333333
0.5066666666666667
0.49333333333333335
0.49666666666666665
0.5
0.5033333333333333
0.5
0.5033333333333333
0.5033333333333333
0.5033333333333333
0.5066666666666667
0.5
0.5
0.49333333333333335
0.5033333333333333
0.49333333333333335
0.49666666666666665
0.5066666666666667
0.5
0.5
0.5
0.5
0.49333333333333335
0.49666666666666665
0.4966216216216216
0.5066666666666667
0.4957627118644068
0.5
0.5033333333333333
0.49333333333333335
0.49666666666666665
0.49666666666666665
0.5033333333333333
0.49666666666666665
0.5033333333333333
0.49264705882352944
0.49666666666666665
0.49666666666666665
0.5020408163265306
0.5033333333333333
0.49666666666666665
0.49333333333333335
0.49666666666666665
0.49333333333333335
0.5
0.49666666666666665
0.49666666666666665
0.5
0.4962686567164179
0.5017301038062284
0.49333333333333335
0.5035460992907801
0.5
0.5
0.5
0.5
0.49666666666666665
0.5
0.49
0.5033333333333333
0.5
0.5033333333333333
0.5
0.5
0.49193548387096775
0.49666666666666665
0.5
0.5033333333333333
0.49666666666666665
0.5
0.5033333333333333
0.49666666666666665
0.5033333333333333
0.5
0.49666666666666665
0.5
0.49666666666666665
0.49666666666666665
0.5
0.49666666666666665
0.5
0.49666666666666665
0.5
0.49666666666666665
0.5033333333333333
0.5
0.5066666666666667
0.5
0.5033333333333333
0.5
0.49666666666666665
0.5
0.5
0.5
0.5
0.5033333333333333
0.5033333333333333
0.5033333333333333
0.5
0.49666666666666665
0.5
0.5
0.5
0.5033333333333333
0.5
0.5033333333333333
0.5033333333333333
0.5
0.5033333333333333
0.5
0.5033333333333333
0.5033333333333333
0.5066666666666667
0.49666666666666665
0.5
0.5
0.49666666666666665
0.5
0.5033333333333333
0.49666666666666665
0.5
0.5189873417721519
0.5
0.5
0.5714285714285714
0.49666666666666665
0.5033333333333333
0.49666666666666665
0.5
0.5
0.5
0.5205479452054794
0.5
0.5141242937853108
0.5
0.5066666666666667
0.5066666666666667
0.5028901734104047
0.49666666666666665
0.5033333333333333
0.5
0.5033333333333333
0.5
0.49666666666666665
0.5066666666666667
0.5
0.5066666666666667
0.5125
0.5033333333333333
0.5033333333333333
0.51
0.5
0.5
0.5
0.5070422535211268
0.5071942446043165
0.5054945054945055
0.5081967213114754
0.504424778761062
0.5119617224880383
0.5166666666666667
0.5022026431718062
0.5121951219512195
0.5128205128205128
0.5126903553299492
0.5081967213114754
0.5072463768115942
0.5077720207253886
0.5104166666666666
0.5053191489361702
0.5048543689320388
0.504950495049505
0.5051020408163265
0.5139664804469274
0.5384615384615384
0.507537688442211
0.5132275132275133
0.51010101010101
0.5133689839572193
0.518918918918919
0.5164835164835165
0.5126903553299492
0.5144508670520231
0.5483870967741935
0.5193370165745856
0.51875
0.52
0.5079365079365079
0.5180722891566265
0.5276073619631901
0.5182926829268293
0.5202312138728323
0.5157232704402516
0.5652173913043478
0.5209580838323353
0.5135135135135135
0.5119047619047619
0.5149700598802395
0.5153374233128835
0.51875
0.5094339622641509
0.51875
0.5172413793103449
0.5098039215686274
0.5128205128205128
0.5119047619047619
0.5131578947368421
0.5208333333333334
0.525974025974026
0.5555555555555556
0.5182481751824818
0.5159235668789809
0.5714285714285714
0.5161290322580645
0.5205479452054794
0.5100671140939598
0.5099337748344371
0.5149253731343284
0.5144927536231884
0.5163398692810458
0.5174825174825175
0.5179856115107914
0.5112781954887218
0.5073529411764706
0.5208333333333334
0.5174825174825175
0.5107913669064749
0.5217391304347826
0.5095541401273885
0.5193798449612403
0.518796992481203
0.5177304964539007
0.512987012987013
0.5167785234899329
0.5251798561151079
0.5202702702702703
0.5220588235294118
0.5140845070422535
0.5174825174825175
0.5208333333333334
0.5238095238095238
0.52
0.51875
0.5149700598802395
0.5189873417721519
0.5157232704402516
0.5151515151515151
0.5151515151515151
0.514792899408284
0.5135135135135135
