0.5161290322580645
0.56
0.4117647058823529
0.5882352941176471
0.5526315789473685
0.4827586206896552
0.4857142857142857
0.48148148148148145
0.5
0.5
0.5714285714285714
0.39285714285714285
0.5185185185185185
0.5
0.5714285714285714
0.5277777777777778
0.5806451612903226
0.5294117647058824
0.4
0.5052631578947369
0.6153846153846154
0.47368421052631576
0.5555555555555556
0.5263157894736842
0.47368421052631576
0.5
0.4666666666666667
0.5
0.5454545454545454
0.45977011494252873
0.4782608695652174
0.5121951219512195
0.5
0.5
0.6666666666666666
0.5
0.4523809523809524
0.5
0.5
0.5454545454545454
0.45454545454545453
0.5142857142857142
0.4954128440366973
0.5454545454545454
0.55
0.42105263157894735
0.4722222222222222
0.47368421052631576
0.4788732394366197
0.5
0.5172413793103449
0.4523809523809524
0.5263157894736842
0.4715447154471545
0.46296296296296297
0.46153846153846156
0.475
0.5098039215686274
0.4583333333333333
0.460431654676259
0.49295774647887325
0.4666666666666667
0.42990654205607476
0.47058823529411764
0.5147058823529411
0.5357142857142857
0.49206349206349204
0.5051546391752577
0.4918032786885246
0.49333333333333335
0.5555555555555556
0.5454545454545454
0.5225806451612903
0.5096774193548387
0.4864864864864865
0.5566037735849056
0.5476190476190477
0.5673076923076923
0.5681818181818182
0.5297619047619048
0.5185185185185185
0.5420560747663551
0.5048543689320388
0.5546218487394958
0.5203252032520326
0.5323383084577115
0.532258064516129
0.5540540540540541
0.5666666666666667
0.5217391304347826
0.5526315789473685
0.5413533834586466
0.5483870967741935
0.5396825396825397
0.5426829268292683
0.5290322580645161
0.5141242937853108
0.5
0.524822695035461
0.5185185185185185
0.5139664804469274
0.5154639175257731
0.5433070866141733
0.5214285714285715
0.5128205128205128
0.5086505190311419
0.5018450184501845
0.5212121212121212
0.5338345864661654
0.5145228215767634
0.5117370892018779
0.51
0.5217391304347826
0.5280898876404494
0.5033333333333333
0.5474452554744526
0.5195530726256983
0.5270935960591133
0.5219298245614035
0.532967032967033
0.5609756097560976
0.5355191256830601
0.5255102040816326
0.5263157894736842
0.5328947368421053
0.5240384615384616
0.5357142857142857
0.5333333333333333
0.5688073394495413
0.5254237288135594
0.5234042553191489
0.5244444444444445
0.5224719101123596
0.5340314136125655
0.5325443786982249
0.5276595744680851
0.5189873417721519
0.5263157894736842
0.5182926829268293
0.5182186234817814
0.5317073170731708
0.48132780082987553
0.5230769230769231
0.5354330708661418
0.5297619047619048
0.5202020202020202
0.5263157894736842
0.5155038759689923
0.5311004784688995
0.5247524752475248
0.5242290748898678
0.525
0.5066666666666667
0.5265486725663717
0.5133333333333333
0.524390243902439
0.5254237288135594
0.49666666666666665
0.5333333333333333
0.5304878048780488
0.5252100840336135
0.48698884758364314
0.5246913580246914
0.5133333333333333
0.5215311004784688
0.521978021978022
0.5294117647058824
0.5205479452054794
0.5169811320754717
0.5
0.515748031496063
0.4896551724137931
0.49264705882352944
0.5151515151515151
0.49333333333333335
0.51
0.494949494949495
0.4864864864864865
0.48727272727272725
0.484375
0.48695652173913045
0.51
0.488
0.4835164835164835
0.4846938775510204
0.4857142857142857
0.47878787878787876
0.4854368932038835
0.484375
0.48372093023255813
0.478494623655914
0.48128342245989303
0.4869109947643979
0.47953216374269003
0.47593582887700536
0.48514851485148514
0.47368421052631576
0.4726027397260274
0.47783251231527096
0.4740740740740741
0.47560975609756095
0.456
0.45081967213114754
0.46923076923076923
0.461038961038961
0.46987951807228917
0.4375
0.45217391304347826
0.4596774193548387
0.4603174603174603
0.45
0.45901639344262296
0.4566929133858268
0.45161290322580644
0.42857142857142855
0.44545454545454544
0.4462809917355372
0.4657534246575342
0.45454545454545453
0.46017699115044247
0.4473684210526316
0.4461538461538462
0.4594594594594595
0.4603174603174603
0.4406779661016949
0.4626865671641791
0.4435483870967742
0.4696132596685083
0.4507042253521127
0.45
0.45864661654135336
0.45588235294117646
0.4573643410852713
0.4594594594594595
0.4645161290322581
0.4444444444444444
0.44537815126050423
0.4527027027027027
0.46153846153846156
0.45985401459854014
0.46153846153846156
0.4573643410852713
0.45695364238410596
0.4625
0.4461538461538462
0.461038961038961
0.44537815126050423
0.4626865671641791
0.44537815126050423
0.4657534246575342
0.4573643410852713
0.4662576687116564
0.44537815126050423
0.4583333333333333
0.45390070921985815
0.46107784431137727
0.453781512605042
0.4695121951219512
0.46308724832214765
0.4715909090909091
0.45925925925925926
0.4634146341463415
0.4666666666666667
0.45864661654135336
0.47333333333333333
0.47058823529411764
0.4583333333333333
0.47706422018348627
0.46938775510204084
0.4756756756756757
0.4713375796178344
0.4722222222222222
0.47435897435897434
0.47126436781609193
0.4666666666666667
0.47337278106508873
0.4739583333333333
0.47305389221556887
0.4810126582278481
0.4742268041237113
0.4759036144578313
0.4811320754716981
0.4810126582278481
0.4817813765182186
0.46853146853146854
0.47761194029850745
0.4788732394366197
0.4834710743801653
0.48518518518518516
0.48292682926829267
0.4785276073619632
0.4801980198019802
0.4723926380368098
0.47701149425287354
0.4782608695652174
0.4854368932038835
0.47752808988764045
0.4791666666666667
0.47878787878787876
0.4868913857677903
0.4748603351955307
0.483695652173913
0.47305389221556887
0.4797687861271676
0.48497854077253216
0.47398843930635837
0.47783251231527096
0.481981981981982
0.4838709677419355
0.48295454545454547
0.484375
0.48660714285714285
0.48292682926829267
0.48095238095238096
0.48828125
0.4870689655172414
0.48044692737430167
0.4866666666666667
0.4892703862660944
0.4904214559386973
0.4888888888888889
0.49333333333333335
0.49454545454545457
0.4899328859060403
0.49070631970260226
0.4911660777385159
0.49666666666666665
0.49333333333333335
0.49
0.49666666666666665
0.49666666666666665
0.49666666666666665
0.49666666666666665
0.49666666666666665
0.5
0.5
0.5
0.5066666666666667
0.5033333333333333
0.5
0.5
0.5
0.5
0.5033333333333333
0.5
0.5
0.5
0.5
0.5033333333333333
0.49666666666666665
0.5
0.5033333333333333
0.5033333333333333
0.5
0.5
0.5033333333333333
0.5
0.49666666666666665
0.5033333333333333
0.5
0.5
0.5
0.5
0.5
0.5033333333333333
0.49333333333333335
0.49666666666666665
0.5033333333333333
0.49666666666666665
0.5033333333333333
0.5
0.49666666666666665
0.5
0.49666666666666665
0.49333333333333335
0.5
0.49666666666666665
0.5
0.5
0.49666666666666665
0.49666666666666665
0.5
0.5033333333333333
0.5033333333333333
0.49666666666666665
0.49333333333333335
0.49666666666666665
0.49333333333333335
0.5
0.5
0.5
0.5033333333333333
0.5
0.5
0.5033333333333333
0.5
0.5
0.5033333333333333
0.5
0.49666666666666665
0.5
0.49666666666666665
0.49666666666666665
0.5
0.5
0.5
0.5066666666666667
0.49666666666666665
0.5
0.5033333333333333
0.5
0.5033333333333333
0.5033333333333333
0.5033333333333333
0.5
0.5066666666666667
0.5033333333333333
0.5033333333333333
0.5
0.5033333333333333
0.5
0.5
0.5
0.5066666666666667
0.5
0.5033333333333333
0.51
0.5033333333333333
0.5043859649122807
0.5055762081784386
0.5033333333333333
0.5051546391752577
0.5126050420168067
0.514018691588785
0.5112781954887218
0.5100401606425703
0.5095057034220533
0.5094339622641509
0.5066666666666667
0.5119047619047619
0.5172413793103449
0.5098039215686274
0.5129310344827587
0.51440329218107
0.5124378109452736
0.5076923076923077
0.5135135135135135
0.5066666666666667
0.5095057034220533
0.5116279069767442
0.5138888888888888
0.5057471264367817
0.5144230769230769
0.5121951219512195
0.5119617224880383
0.508695652173913
0.5097087378640777
0.508
0.517948717948718
0.5052631578947369
0.5122950819672131
0.5066079295154186
0.5113636363636364
0.5107296137339056
0.5075187969924813
0.5120772946859904
0.5060240963855421
0.5105633802816901
0.5054151624548736
0.5071090047393365
0.5089605734767025
0.508130081300813
0.5121951219512195
0.5061224489795918
0.5065502183406113
0.5108225108225108
0.5121951219512195
0.510989010989011
0.5125
0.5109170305676856
0.5154639175257731
0.5121951219512195
0.5126903553299492
0.5177664974619289
0.517948717948718
0.5121951219512195
0.5141242937853108
0.512396694214876
0.5251396648044693
0.5105263157894737
0.5159574468085106
0.5231788079470199
0.5151515151515151
0.5231788079470199
0.5135135135135135
0.5205479452054794
0.5174129353233831
0.524822695035461
0.528
0.5263157894736842
0.5323741007194245
0.5225806451612903
0.5224719101123596
0.5298013245033113
0.5192307692307693
0.5333333333333333
0.5238095238095238
0.5276073619631901
0.5234899328859061
0.528169014084507
0.5357142857142857
0.5279503105590062
0.5123152709359606
0.5337837837837838
0.524390243902439
0.5212765957446809
0.5286624203821656
0.52046783625731
0.5314685314685315
0.5202312138728323
0.5319148936170213
0.5185185185185185
0.5178571428571429
0.5138121546961326
0.525
0.5246913580246914
0.5180722891566265
0.5197368421052632
0.5197368421052632
0.5136612021857924
0.5153061224489796
0.5212121212121212
0.5129533678756477
0.5176470588235295
0.5078534031413613
0.5138121546961326
0.5123456790123457
0.5098039215686274
0.51
0.5133928571428571
0.5091743119266054
0.5194805194805194
0.5109170305676856
0.5070422535211268
0.5112107623318386
0.504
0.5047619047619047
0.5146443514644351
0.5068027210884354
0.508
0.5059760956175299
0.5068027210884354
0.512280701754386
0.5
0.5066666666666667
0.5017921146953405
0.5
0.5
0.5033333333333333
0.5033333333333333
0.5
0.5033333333333333
0.5033333333333333
0.49666666666666665
0.5033333333333333
0.5033333333333333
0.49666666666666665
0.5033333333333333
0.5
0.49666666666666665
0.5033333333333333
0.5
0.5
0.5
0.5066666666666667
0.5
0.5055762081784386
0.49666666666666665
0.51
0.5033333333333333
0.49666666666666665
0.5066666666666667
0.5
0.49173553719008267
0.5066666666666667
0.4866666666666667
0.4977973568281938
0.5033333333333333
0.5
0.5
0.5033333333333333
0.5033333333333333
0.49333333333333335
0.5033333333333333
0.49
0.49333333333333335
0.5
0.49333333333333335
0.5033333333333333
0.5
0.5
0.49344978165938863
0.5145631067961165
0.49333333333333335
0.4980544747081712
0.5
0.49
0.49666666666666665
0.49333333333333335
0.49808429118773945
0.5033333333333333
0.5033333333333333
0.5
0.5033333333333333
0.49
0.49666666666666665
0.49666666666666665
0.51
0.5
0.5
0.484304932735426
0.49333333333333335
0.4948453608247423
0.5
0.49333333333333335
0.5051546391752577
0.4965986394557823
0.5
0.5020576131687243
0.5066666666666667
0.49333333333333335
0.49333333333333335
0.49433962264150944
0.5
0.51
0.49333333333333335
0.5033333333333333
0.51
0.49
0.5042372881355932
0.5
0.5066666666666667
0.5
0.49666666666666665
0.4947916666666667
0.5040650406504065
0.51
0.5033333333333333
0.5066666666666667
0.49411764705882355
0.49
0.5133333333333333
0.48792270531400966
0.5033333333333333
0.5033333333333333
0.5053191489361702
0.5133333333333333
0.5133333333333333
0.49
0.48427672955974843
0.5036231884057971
0.5066666666666667
0.4866666666666667
0.5
0.4921875
0.49328859060402686
0.506896551724138
0.49333333333333335
0.49666666666666665
0.49586776859504134
0.49666666666666665
0.5066666666666667
0.5133333333333333
0.4921875
0.5066666666666667
0.49523809523809526
0.51
0.49666666666666665
0.4866666666666667
0.5033333333333333
0.4895833333333333
0.5066666666666667
0.49
0.51
0.4879725085910653
0.49333333333333335
0.4979919678714859
0.5017182130584192
0.5
0.5
0.49666666666666665
0.5
0.5133333333333333
0.5
0.5054151624548736
0.48717948717948717
0.5127272727272727
0.48333333333333334
0.49666666666666665
0.5
0.49
0.5033333333333333
0.5
0.5021097046413502
0.49333333333333335
0.49333333333333335
0.5190476190476191
0.49333333333333335
0.5
0.49666666666666665
0.5
0.5078125
0.5
0.5053003533568905
0.5141700404858299
0.5164319248826291
0.48333333333333334
0.516
0.4866666666666667
0.5132743362831859
0.5167464114832536
0.515695067264574
0.510548523206751
0.5217391304347826
0.5034013605442177
0.5163934426229508
0.5137254901960784
0.5240384615384616
0.48760330578512395
0.4965986394557823
0.4888888888888889
0.48936170212765956
0.49
0.5120772946859904
0.49
0.5213270142180095
0.516260162601626
0.5138888888888888
0.49344978165938863
0.47651006711409394
0.5231481481481481
0.5107296137339056
0.5020746887966805
0.5151515151515151
0.5147058823529411
0.5066079295154186
0.49333333333333335
0.51010101010101
0.49673202614379086
0.5038759689922481
0.514018691588785
0.5064935064935064
0.5202020202020202
0.4981949458483754
0.5223880597014925
0.48109965635738833
0.4866666666666667
0.49
0.5076923076923077
0.5235849056603774
0.5062761506276151
0.5180180180180181
0.5037593984962406
0.5075757575757576
0.49333333333333335
0.5226130653266332
0.5176991150442478
0.510752688172043
0.4897959183673469
0.4866666666666667
0.504
0.5112781954887218
0.4866666666666667
0.5021459227467812
0.4965986394557823
0.5063829787234042
0.5
0.4966442953020134
0.5022222222222222
0.5040983606557377
0.49333333333333335
0.518324607329843
0.4866666666666667
0.516245487364621
0.48333333333333334
0.5102880658436214
0.5039370078740157
0.4981549815498155
0.49333333333333335
0.5025380710659898
0.5023255813953489
0.4968553459119497
0.5034722222222222
0.502127659574468
0.5059288537549407
0.4866666666666667
0.49537037037037035
0.5119047619047619
0.49333333333333335
0.5127272727272727
0.49264705882352944
0.5034965034965035
0.49666666666666665
0.4866666666666667
0.4944649446494465
0.5064377682403434
0.4866666666666667
0.49
0.49333333333333335
0.49333333333333335
0.5104602510460251
0.5048543689320388
0.48333333333333334
0.5
0.512
0.5028571428571429
0.49
0.5093457943925234
0.49333333333333335
0.4954128440366973
0.49333333333333335
0.49333333333333335
0.5038759689922481
0.5042735042735043
0.49333333333333335
0.4980237154150198
0.49830508474576274
0.5033333333333333
0.4866666666666667
0.5192307692307693
0.49666666666666665
0.49333333333333335
0.5112107623318386
0.5
0.49666666666666665
0.488135593220339
0.49333333333333335
0.49
0.5066666666666667
0.49
0.5066666666666667
0.5136612021857924
0.49333333333333335
0.49333333333333335
0.5
0.5066666666666667
0.5
0.51
0.51
0.5
0.49666666666666665
0.49333333333333335
0.49666666666666665
0.5091575091575091
0.4927536231884058
0.49
0.49666666666666665
0.5018867924528302
0.49333333333333335
0.5033333333333333
0.5033333333333333
0.49666666666666665
0.5
0.5066666666666667
0.49
0.5
0.5
0.51
0.5033333333333333
0.49612403100775193
0.5033333333333333
0.5066666666666667
0.49666666666666665
0.5
0.5133333333333333
0.49333333333333335
0.49666666666666665
0.5066666666666667
0.5
0.5
0.49666666666666665
0.5066666666666667
0.49333333333333335
0.5066666666666667
0.5033333333333333
0.49333333333333335
0.5033333333333333
0.51
0.5
0.5033333333333333
0.49666666666666665
0.49666666666666665
0.5033333333333333
0.51
0.5066666666666667
0.5033333333333333
0.5066666666666667
0.5052631578947369
0.49666666666666665
0.5066666666666667
0.5066666666666667
0.5066666666666667
0.5
0.51
0.5033333333333333
0.5
0.5033333333333333
0.5033333333333333
0.5066666666666667
0.5066666666666667
0.5066666666666667
0.5133333333333333
0.5
0.5066666666666667
0.4899598393574297
0.5
0.5
0.5066666666666667
0.5066666666666667
0.5033333333333333
0.51
0.51
0.5
0.5033333333333333
0.5066666666666667
0.5033333333333333
0.49666666666666665
0.5
0.5
0.496
0.51
0.5033333333333333
0.51
0.5031446540880503
0.5033333333333333
0.5033333333333333
0.49666666666666665
0.5033333333333333
0.5066666666666667
0.49666666666666665
0.5066666666666667
0.5
0.5033333333333333
0.5033333333333333
0.5033333333333333
0.5033333333333333
0.49333333333333335
0.49666666666666665
0.5
0.5033333333333333
0.5066666666666667
0.5033333333333333
0.49666666666666665
0.5
0.5
0.49666666666666665
0.5
0.5033333333333333
0.5033333333333333
0.5
0.5033333333333333
0.5
0.5033333333333333
0.5033333333333333
0.5
0.5
0.5
0.5
0.5033333333333333
0.5
0.49666666666666665
0.5
0.5033333333333333
0.5
0.5
0.5
0.5033333333333333
0.5
0.49333333333333335
0.51
0.5066666666666667
0.5
0.51
0.5
0.5
0.49666666666666665
0.5033333333333333
0.5033333333333333
0.5
0.5066666666666667
0.5
0.5
0.5033333333333333
0.5033333333333333
0.5066666666666667
0.51
0.5
0.5033333333333333
0.5033333333333333
0.5033333333333333
