0.5
0.5
0.5
0.5
0.5
0.5
0.49666666666666665
0.5
0.5
0.5
0.5
0.49666666666666665
0.5
0.5
0.5
0.5
0.5
0.5
0.5
0.49666666666666665
0.5
0.5
0.5
0.5
0.49666666666666665
0.5
0.5
0.5
0.5
0.5
0.49666666666666665
0.5
0.49666666666666665
0.5
0.49666666666666665
0.49666666666666665
0.49666666666666665
0.49458483754512633
0.4965034965034965
0.496
0.4911504424778761
0.49074074074074076
0.49029126213592233
0.4878048780487805
0.48826291079812206
0.4887640449438202
0.485
0.4861878453038674
0.48520710059171596
0.4817073170731707
0.47878787878787876
0.47305389221556887
0.47953216374269003
0.48148148148148145
0.47297297297297297
0.4785714285714286
0.47297297297297297
0.47297297297297297
0.47333333333333333
0.4728682170542636
0.4666666666666667
0.4647887323943662
0.4626865671641791
0.4621212121212121
0.4666666666666667
0.4583333333333333
0.4603174603174603
0.4576271186440678
0.45652173913043476
0.456
0.45454545454545453
0.448
0.4609375
0.4351851851851852
0.45217391304347826
0.453125
0.4380952380952381
0.4444444444444444
0.44537815126050423
0.44545454545454544
0.448
0.43859649122807015
0.4336283185840708
0.43859649122807015
0.4396551724137931
0.4424778761061947
0.43243243243243246
0.43902439024390244
0.44715447154471544
0.4380165289256198
0.4396551724137931
0.42592592592592593
0.42592592592592593
0.4339622641509434
0.43243243243243246
0.4424778761061947
0.4369747899159664
0.42718446601941745
0.4336283185840708
0.4380165289256198
0.42990654205607476
0.42592592592592593
0.4369747899159664
0.42592592592592593
0.4375
0.41904761904761906
0.43333333333333335
0.41836734693877553
0.4215686274509804
0.43478260869565216
0.42990654205607476
0.42718446601941745
0.43
0.4270833333333333
0.43434343434343436
0.4358974358974359
0.4344262295081967
0.43010752688172044
0.43
0.43
0.4431818181818182
0.42718446601941745
0.42857142857142855
0.43564356435643564
0.43023255813953487
0.42857142857142855
0.43023255813953487
0.42574257425742573
0.42857142857142855
0.42857142857142855
0.43636363636363634
0.42
0.43023255813953487
0.4329896907216495
0.43564356435643564
0.43373493975903615
0.43
0.4318181818181818
0.43373493975903615
0.43373493975903615
0.42857142857142855
0.42528735632183906
0.43617021276595747
0.43010752688172044
0.43010752688172044
0.4235294117647059
0.43157894736842106
0.42857142857142855
0.43157894736842106
0.43434343434343436
0.4268292682926829
0.4268292682926829
0.4225352112676056
0.4375
0.44329896907216493
0.43373493975903615
0.4329896907216495
0.4318181818181818
0.43037974683544306
0.42696629213483145
0.42528735632183906
0.43010752688172044
0.4358974358974359
0.4268292682926829
0.4387755102040816
0.44047619047619047
0.4411764705882353
0.4342105263157895
0.43434343434343436
0.44086021505376344
0.43478260869565216
0.42105263157894735
0.43157894736842106
0.4375
0.4358974358974359
0.44047619047619047
0.43661971830985913
0.4246575342465753
0.4375
0.44
0.43820224719101125
0.43023255813953487
0.43283582089552236
0.42424242424242425
0.44086021505376344
0.43373493975903615
0.43037974683544306
0.4230769230769231
0.4461538461538462
0.44047619047619047
0.43243243243243246
0.4246575342465753
0.4225352112676056
0.4307692307692308
0.4375
0.42424242424242425
0.4375
0.4266666666666667
0.43243243243243246
0.4262295081967213
0.43037974683544306
0.4406779661016949
0.4305555555555556
0.4393939393939394
0.4246575342465753
0.4305555555555556
0.4342105263157895
0.43209876543209874
0.4444444444444444
0.42857142857142855
0.4230769230769231
0.4358974358974359
0.43137254901960786
0.417910447761194
0.4426229508196721
0.423728813559322
0.4305555555555556
0.43902439024390244
0.42857142857142855
0.42857142857142855
0.4482758620689655
0.4411764705882353
0.4264705882352941
0.43243243243243246
0.43333333333333335
0.43548387096774194
0.44
0.41975308641975306
0.4393939393939394
0.4461538461538462
0.4305555555555556
0.423728813559322
0.4264705882352941
0.45161290322580644
0.43859649122807015
0.43636363636363634
0.423728813559322
0.4375
0.42857142857142855
0.4367816091954023
0.44
0.42857142857142855
0.4342105263157895
0.423728813559322
0.4375
0.4426229508196721
0.4262295081967213
0.4393939393939394
0.43333333333333335
0.4230769230769231
0.4406779661016949
0.4339622641509434
0.43636363636363634
0.4246575342465753
0.4444444444444444
0.43283582089552236
0.44155844155844154
0.43137254901960786
0.4383561643835616
0.43333333333333335
0.43283582089552236
0.43283582089552236
0.4166666666666667
0.43243243243243246
0.42857142857142855
0.43478260869565216
0.4262295081967213
0.43037974683544306
0.45454545454545453
0.42857142857142855
0.423728813559322
0.4230769230769231
0.4444444444444444
0.4305555555555556
0.43859649122807015
0.43103448275862066
0.4411764705882353
0.4358974358974359
0.43859649122807015
0.4264705882352941
0.4339622641509434
0.43478260869565216
0.4444444444444444
0.42857142857142855
0.423728813559322
0.417910447761194
0.42857142857142855
0.4393939393939394
0.4444444444444444
0.42857142857142855
0.42857142857142855
0.4246575342465753
0.4098360655737705
0.42857142857142855
0.43037974683544306
0.4375
0.41379310344827586
0.43037974683544306
0.42857142857142855
0.4339622641509434
0.42592592592592593
0.42857142857142855
0.43283582089552236
0.42592592592592593
0.4423076923076923
0.4246575342465753
0.4264705882352941
0.42857142857142855
0.43209876543209874
0.42857142857142855
0.4482758620689655
0.4444444444444444
0.4444444444444444
0.4262295081967213
0.4153846153846154
0.43478260869565216
0.43333333333333335
0.42105263157894735
0.4307692307692308
0.4246575342465753
0.42857142857142855
0.42424242424242425
0.4358974358974359
0.4117647058823529
0.4225352112676056
0.4523809523809524
0.4305555555555556
0.42105263157894735
0.42
0.42
0.42592592592592593
0.42857142857142855
0.4375
0.43478260869565216
0.4375
0.43243243243243246
0.43103448275862066
0.42592592592592593
0.4339622641509434
0.43902439024390244
0.4266666666666667
0.4444444444444444
0.4358974358974359
0.4126984126984127
0.4098360655737705
0.43333333333333335
0.42857142857142855
0.4444444444444444
0.4473684210526316
0.4444444444444444
0.4222222222222222
0.4318181818181818
0.43103448275862066
0.43902439024390244
0.43333333333333335
0.425
0.42857142857142855
0.45
0.4339622641509434
0.43478260869565216
0.4358974358974359
0.4473684210526316
0.45
0.43636363636363634
0.417910447761194
0.42105263157894735
0.43478260869565216
0.4318181818181818
0.425
0.43636363636363634
0.42857142857142855
0.46511627906976744
0.4230769230769231
0.42105263157894735
0.43333333333333335
0.42857142857142855
0.423728813559322
0.42857142857142855
0.4262295081967213
0.4142857142857143
0.43243243243243246
0.4153846153846154
0.4523809523809524
0.425531914893617
0.42028985507246375
0.43902439024390244
0.4230769230769231
0.42857142857142855
0.4246575342465753
0.4473684210526316
0.42028985507246375
0.4358974358974359
0.417910447761194
0.42105263157894735
0.4225352112676056
0.4473684210526316
0.42424242424242425
0.41304347826086957
0.4444444444444444
0.41304347826086957
0.4411764705882353
0.42857142857142855
0.42
0.4444444444444444
0.4090909090909091
0.43478260869565216
0.425531914893617
0.42857142857142855
0.4444444444444444
0.42
0.4444444444444444
0.4222222222222222
0.45161290322580644
0.4375
0.4418604651162791
0.425
0.44
0.4339622641509434
0.4126984126984127
0.42857142857142855
0.4222222222222222
0.4230769230769231
0.4444444444444444
0.421875
0.4318181818181818
0.4358974358974359
0.4146341463414634
0.45161290322580644
0.4444444444444444
0.42105263157894735
0.41379310344827586
0.43333333333333335
0.45161290322580644
0.42424242424242425
0.4230769230769231
0.4166666666666667
0.4642857142857143
0.44
0.42857142857142855
0.4375
0.45454545454545453
0.4189189189189189
0.42857142857142855
0.4189189189189189
0.4444444444444444
0.4186046511627907
0.4444444444444444
0.4105263157894737
0.43478260869565216
0.4444444444444444
0.43478260869565216
0.42105263157894735
0.42857142857142855
0.4230769230769231
0.43333333333333335
0.43243243243243246
0.4105263157894737
0.44
0.45454545454545453
0.42857142857142855
0.4148936170212766
0.41237113402061853
0.4084507042253521
0.4375
0.40625
0.42857142857142855
0.41414141414141414
0.41836734693877553
0.41237113402061853
0.4065934065934066
0.46153846153846156
0.4642857142857143
0.4111111111111111
0.4444444444444444
0.425531914893617
0.4157303370786517
0.43478260869565216
0.46153846153846156
0.4444444444444444
0.4166666666666667
0.4146341463414634
0.45454545454545453
0.4166666666666667
0.47058823529411764
0.425531914893617
0.46153846153846156
0.42105263157894735
0.46153846153846156
0.4155844155844156
0.4583333333333333
0.43137254901960786
0.45454545454545453
0.4782608695652174
0.4411764705882353
0.4166666666666667
0.43478260869565216
0.4482758620689655
0.42857142857142855
0.4375
0.4375
0.46153846153846156
0.4444444444444444
0.4318181818181818
0.4782608695652174
0.41304347826086957
0.42424242424242425
0.42857142857142855
0.4375
0.45161290322580644
0.5
0.423728813559322
0.4594594594594595
0.42592592592592593
0.47619047619047616
0.42857142857142855
0.43037974683544306
0.42857142857142855
0.4666666666666667
0.4125
0.4111111111111111
0.42857142857142855
0.41975308641975306
0.42857142857142855
0.42424242424242425
0.4186046511627907
0.44
0.42105263157894735
0.42105263157894735
0.41304347826086957
0.42424242424242425
0.4166666666666667
0.42424242424242425
0.422680412371134
0.43478260869565216
0.4158415841584158
0.42574257425742573
0.41904761904761906
0.42
0.42424242424242425
0.4148936170212766
0.4782608695652174
0.41836734693877553
0.42105263157894735
0.42391304347826086
0.42857142857142855
0.42
0.42105263157894735
0.4326923076923077
0.42452830188679247
0.43
0.43137254901960786
0.41836734693877553
0.42105263157894735
0.422680412371134
0.42574257425742573
0.42424242424242425
0.422680412371134
0.40860215053763443
0.41237113402061853
0.41304347826086957
0.4215686274509804
0.43010752688172044
0.4111111111111111
0.42424242424242425
0.42857142857142855
0.40789473684210525
0.44
0.4782608695652174
0.45161290322580644
0.5
0.45
0.43478260869565216
0.4444444444444444
0.44
0.47368421052631576
0.44
0.43478260869565216
0.45454545454545453
0.5
0.44
0.47058823529411764
0.42857142857142855
0.45
0.5
0.4230769230769231
0.47368421052631576
0.4444444444444444
0.4142857142857143
0.44
0.47619047619047616
0.4375
0.45454545454545453
0.4444444444444444
0.42857142857142855
0.43333333333333335
0.41935483870967744
0.40625
0.4142857142857143
0.44
0.42857142857142855
0.4444444444444444
0.4375
0.45
0.4583333333333333
0.4583333333333333
0.4266666666666667
0.4225352112676056
0.4098360655737705
0.4186046511627907
0.4166666666666667
0.425
0.42105263157894735
0.40350877192982454
0.4186046511627907
0.47058823529411764
0.4482758620689655
0.4166666666666667
0.43478260869565216
0.4235294117647059
0.4444444444444444
0.42168674698795183
0.41333333333333333
0.41935483870967744
0.43243243243243246
0.4235294117647059
0.42857142857142855
0.4166666666666667
0.45454545454545453
0.41935483870967744
0.4146341463414634
0.45
0.4230769230769231
0.4125
0.4230769230769231
0.43010752688172044
0.42857142857142855
0.4270833333333333
0.4111111111111111
0.42168674698795183
0.47368421052631576
0.42105263157894735
0.4157303370786517
0.41935483870967744
0.41379310344827586
0.4117647058823529
0.41975308641975306
0.4235294117647059
0.42528735632183906
0.4125
0.42028985507246375
0.425
0.42528735632183906
0.4125
0.42857142857142855
0.41935483870967744
0.45454545454545453
0.41333333333333333
0.42168674698795183
0.5
0.5
0.4175824175824176
0.4444444444444444
0.4125
0.4166666666666667
0.41836734693877553
0.4411764705882353
0.5
0.4166666666666667
0.5
0.4166666666666667
0.47058823529411764
0.4268292682926829
0.4189189189189189
0.4175824175824176
0.4666666666666667
0.4230769230769231
0.4166666666666667
0.41304347826086957
0.4050632911392405
0.4444444444444444
0.4230769230769231
0.41935483870967744
0.41025641025641024
0.42168674698795183
0.47058823529411764
0.4166666666666667
0.4157303370786517
0.4074074074074074
0.45454545454545453
0.4117647058823529
0.45454545454545453
0.4189189189189189
0.40789473684210525
0.42105263157894735
0.4375
0.4189189189189189
0.4117647058823529
0.4125
0.4189189189189189
0.42105263157894735
0.417910447761194
0.4074074074074074
0.4375
0.4117647058823529
0.4375
0.41935483870967744
0.4230769230769231
0.42857142857142855
0.40789473684210525
0.43478260869565216
0.4444444444444444
0.41509433962264153
0.4583333333333333
0.41935483870967744
0.41304347826086957
0.4166666666666667
0.4375
0.45
0.4666666666666667
0.4583333333333333
0.42028985507246375
0.42857142857142855
0.4444444444444444
0.45454545454545453
0.4268292682926829
0.417910447761194
0.4155844155844156
0.43333333333333335
0.45454545454545453
0.45454545454545453
0.4166666666666667
0.42857142857142855
0.42857142857142855
0.4177215189873418
0.42028985507246375
0.4444444444444444
0.4146341463414634
0.47368421052631576
0.47058823529411764
0.4177215189873418
0.4444444444444444
0.4230769230769231
0.4166666666666667
0.43478260869565216
0.4186046511627907
0.4444444444444444
0.4375
0.4342105263157895
0.4117647058823529
0.42105263157894735
0.5333333333333333
0.4142857142857143
0.423728813559322
0.44
0.4142857142857143
0.42
0.43661971830985913
0.42424242424242425
0.41025641025641024
0.40298507462686567
0.4264705882352941
0.4155844155844156
0.4230769230769231
0.41025641025641024
0.4307692307692308
0.44
0.45
0.41509433962264153
0.41333333333333333
0.4155844155844156
0.4084507042253521
0.4444444444444444
0.41379310344827586
0.40350877192982454
0.41818181818181815
0.4117647058823529
0.41379310344827586
0.4166666666666667
0.42105263157894735
0.4246575342465753
0.45454545454545453
0.43478260869565216
0.45454545454545453
0.42857142857142855
0.4444444444444444
0.42105263157894735
0.4117647058823529
0.41935483870967744
0.46153846153846156
0.42857142857142855
0.41379310344827586
0.47058823529411764
0.4666666666666667
0.4189189189189189
0.4146341463414634
0.47058823529411764
0.4264705882352941
0.45454545454545453
0.4189189189189189
0.4098360655737705
0.42857142857142855
0.44
0.4117647058823529
0.40540540540540543
0.4117647058823529
0.4142857142857143
0.42424242424242425
0.425531914893617
0.45
0.4444444444444444
0.45454545454545453
0.44
0.45
0.4444444444444444
0.4444444444444444
0.44
0.42857142857142855
0.4166666666666667
0.4186046511627907
0.425531914893617
0.47058823529411764
0.40384615384615385
0.42857142857142855
0.43478260869565216
0.46153846153846156
0.45
0.4444444444444444
0.425
0.4
0.4186046511627907
0.417910447761194
0.417910447761194
0.4153846153846154
0.4444444444444444
0.45
0.4375
0.44
0.41379310344827586
0.42028985507246375
0.41935483870967744
0.4444444444444444
0.45
0.4444444444444444
0.45454545454545453
0.4166666666666667
0.4166666666666667
0.4153846153846154
0.4375
0.4222222222222222
0.42857142857142855
0.45
0.4225352112676056
0.41935483870967744
0.45
0.417910447761194
0.4146341463414634
0.40816326530612246
0.42857142857142855
0.42857142857142855
0.46153846153846156
0.4418604651162791
0.4074074074074074
0.42
0.47058823529411764
0.47058823529411764
0.5
0.4126984126984127
0.43478260869565216
0.42857142857142855
0.4444444444444444
0.41935483870967744
0.46153846153846156
0.41935483870967744
0.4444444444444444
0.43333333333333335
0.4307692307692308
0.4166666666666667
0.4166666666666667
0.43478260869565216
0.421875
0.4117647058823529
0.42424242424242425
0.43103448275862066
0.40625
0.4246575342465753
0.4307692307692308
0.43333333333333335
0.42424242424242425
0.4166666666666667
0.4117647058823529
0.4186046511627907
0.4166666666666667
0.42424242424242425
0.45454545454545453
0.42857142857142855
0.45
0.423728813559322
0.42424242424242425
0.4166666666666667
0.41935483870967744
0.4153846153846154
0.43333333333333335
0.41509433962264153
0.4117647058823529
0.43333333333333335
0.43478260869565216
0.42105263157894735
0.4318181818181818
0.41379310344827586
0.4098360655737705
0.417910447761194
0.45454545454545453
0.4107142857142857
0.4375
0.410958904109589
0.42857142857142855
0.41379310344827586
0.4375
0.4098360655737705
0.4142857142857143
0.4117647058823529
0.425
0.4142857142857143
0.4266666666666667
0.4444444444444444
0.41935483870967744
0.4153846153846154
0.42028985507246375
0.42028985507246375
0.4166666666666667
0.4266666666666667
0.4
0.42857142857142855
0.4225352112676056
0.43283582089552236
0.4153846153846154
0.41935483870967744
0.42857142857142855
0.4189189189189189
0.4166666666666667
0.42857142857142855
0.41509433962264153
0.4583333333333333
0.4153846153846154
0.4074074074074074
0.4166666666666667
0.43137254901960786
0.44
0.41935483870967744
0.43478260869565216
0.40625
0.41935483870967744
0.4107142857142857
0.4444444444444444
0.41935483870967744
0.41509433962264153
0.4146341463414634
0.42105263157894735
0.45
0.42857142857142855
0.4444444444444444
0.43333333333333335
0.45454545454545453
0.42857142857142855
0.4186046511627907
0.42857142857142855
0.41935483870967744
0.4090909090909091
0.45
0.42857142857142855
0.41379310344827586
0.4375
0.43478260869565216
0.4166666666666667
0.425531914893617
0.45
0.5
0.4375
0.45
0.47368421052631576
0.4444444444444444
0.47368421052631576
0.47619047619047616
0.5384615384615384
0.44
0.4375
0.4318181818181818
0.43478260869565216
0.5
0.4666666666666667
0.45
0.40425531914893614
0.47058823529411764
0.425531914893617
0.42105263157894735
0.44
0.417910447761194
0.4186046511627907
0.5333333333333333
0.4074074074074074
