0.5
0.5
0.49666666666666665
0.5
0.5
0.5
0.5
0.5033333333333333
0.5
0.5
0.5
0.5
0.5
0.5
0.5033333333333333
0.5
0.49666666666666665
0.5
0.5
0.5
0.5
0.49666666666666665
0.5033333333333333
0.49666666666666665
0.5033333333333333
0.5
0.49666666666666665
0.5
0.5033333333333333
0.5
0.5033333333333333
0.49666666666666665
0.5
0.5033333333333333
0.5
0.49666666666666665
0.5
0.5
0.5
0.5
0.49666666666666665
0.5
0.5
0.5
0.5
0.5
0.5
0.49666666666666665
0.5
0.49666666666666665
0.5
0.5
0.5
0.5
0.5
0.49666666666666665
0.5033333333333333
0.49666666666666665
0.5
0.49666666666666665
0.49666666666666665
0.49666666666666665
0.49666666666666665
0.49666666666666665
0.5
0.49666666666666665
0.5
0.49666666666666665
0.49666666666666665
0.49666666666666665
0.49333333333333335
0.4964788732394366
0.4981132075471698
0.4943820224719101
0.4979757085020243
0.49344978165938863
0.4954954954954955
0.4939759036144578
0.49166666666666664
0.4911504424778761
0.49065420560747663
0.48598130841121495
0.48677248677248675
0.48484848484848486
0.4857142857142857
0.4853801169590643
0.4919786096256685
0.48148148148148145
0.4875
0.48333333333333334
0.48366013071895425
0.48502994011976047
0.47770700636942676
0.4691358024691358
0.48314606741573035
0.4744525547445255
0.4810126582278481
0.47333333333333333
0.4647887323943662
0.4768211920529801
0.4774193548387097
0.4774193548387097
0.47297297297297297
0.4689655172413793
0.47368421052631576
0.47651006711409394
0.47368421052631576
0.46616541353383456
0.4647887323943662
0.4676258992805755
0.4740740740740741
0.464
0.4603174603174603
0.46853146853146854
0.47101449275362317
0.464
0.4626865671641791
0.464
0.46153846153846156
0.4621212121212121
0.46564885496183206
0.47692307692307695
0.4573643410852713
0.4676258992805755
0.4580152671755725
0.46511627906976744
0.46218487394957986
0.46511627906976744
0.46153846153846156
0.4491525423728814
0.456
0.45925925925925926
0.4634146341463415
0.45901639344262296
0.4583333333333333
0.45901639344262296
0.46511627906976744
0.4444444444444444
0.4632352941176471
0.456
0.453125
0.46218487394957986
0.4576271186440678
0.45045045045045046
0.4496124031007752
0.4634146341463415
0.4596774193548387
0.4491525423728814
0.45528455284552843
0.45614035087719296
0.4444444444444444
0.4596774193548387
0.453781512605042
0.4576271186440678
0.4482758620689655
0.44954128440366975
0.45
0.45689655172413796
0.44545454545454544
0.44339622641509435
0.4482758620689655
0.45132743362831856
0.44954128440366975
0.448
0.44144144144144143
0.44954128440366975
0.44339622641509435
0.4473684210526316
0.4396551724137931
0.43434343434343436
0.4418604651162791
0.43434343434343436
0.44144144144144143
0.43
0.44144144144144143
0.44642857142857145
0.422680412371134
0.43
0.42718446601941745
0.4215686274509804
0.42857142857142855
0.43119266055045874
0.42857142857142855
0.422680412371134
0.4444444444444444
0.4380952380952381
0.4351851851851852
0.42424242424242425
0.4189189189189189
0.42990654205607476
0.4225352112676056
0.425
0.4166666666666667
0.4166666666666667
0.4444444444444444
0.4153846153846154
0.42696629213483145
0.4215686274509804
0.41379310344827586
0.4222222222222222
0.42168674698795183
0.40789473684210525
0.43037974683544306
0.4235294117647059
0.40860215053763443
0.41975308641975306
0.43037974683544306
0.4222222222222222
0.4358974358974359
0.42168674698795183
0.4411764705882353
0.4411764705882353
0.4186046511627907
0.42857142857142855
0.4126984126984127
0.42718446601941745
0.41836734693877553
0.43548387096774194
0.41935483870967744
0.4266666666666667
0.4318181818181818
0.4411764705882353
0.41935483870967744
0.42391304347826086
0.43137254901960786
0.42424242424242425
0.4148936170212766
0.4230769230769231
0.42
0.4215686274509804
0.4421052631578947
0.43010752688172044
0.4411764705882353
0.42105263157894735
0.42391304347826086
0.422680412371134
0.44
0.41414141414141414
0.42857142857142855
0.4166666666666667
0.4174757281553398
0.4329896907216495
0.422680412371134
0.42857142857142855
0.4342105263157895
0.42857142857142855
0.43333333333333335
0.41935483870967744
0.4166666666666667
0.4148936170212766
0.4230769230769231
0.4339622641509434
0.42424242424242425
0.42528735632183906
0.4230769230769231
0.41379310344827586
0.41379310344827586
0.43617021276595747
0.4177215189873418
0.42105263157894735
0.4230769230769231
0.4583333333333333
0.4430379746835443
0.4270833333333333
0.4230769230769231
0.425531914893617
0.43820224719101125
0.43333333333333335
0.42045454545454547
0.43478260869565216
0.4166666666666667
0.4186046511627907
0.41414141414141414
0.43
0.43157894736842106
0.4117647058823529
0.42452830188679247
0.43137254901960786
0.43137254901960786
0.41935483870967744
0.42105263157894735
0.42
0.4482758620689655
0.4175824175824176
0.41935483870967744
0.4583333333333333
0.42696629213483145
0.4157303370786517
0.45454545454545453
0.42696629213483145
0.4157303370786517
0.46153846153846156
0.4444444444444444
0.4318181818181818
0.42574257425742573
0.425531914893617
0.4166666666666667
0.42424242424242425
0.42857142857142855
0.4230769230769231
0.43333333333333335
0.42718446601941745
0.4264705882352941
0.42857142857142855
0.42391304347826086
0.42718446601941745
0.43037974683544306
0.41935483870967744
0.4235294117647059
0.423728813559322
0.43137254901960786
0.42424242424242425
0.42696629213483145
0.4148936170212766
0.4523809523809524
0.4235294117647059
0.422680412371134
0.4368932038834951
0.4166666666666667
0.423728813559322
0.4157303370786517
0.42045454545454547
0.41975308641975306
0.425531914893617
0.425
0.42105263157894735
0.43333333333333335
0.42696629213483145
0.4375
0.42528735632183906
0.43137254901960786
0.42696629213483145
0.425
0.4268292682926829
0.4235294117647059
0.43333333333333335
0.44
0.4375
0.4222222222222222
0.4090909090909091
0.43037974683544306
0.4146341463414634
0.42528735632183906
0.42105263157894735
0.425531914893617
0.42857142857142855
0.4666666666666667
0.41379310344827586
0.42045454545454547
0.425531914893617
0.42391304347826086
0.43137254901960786
0.42857142857142855
0.425
0.4222222222222222
0.4235294117647059
0.41304347826086957
0.4175824175824176
0.43283582089552236
0.425531914893617
0.43902439024390244
0.4177215189873418
0.43902439024390244
0.42168674698795183
0.43157894736842106
0.42528735632183906
0.4268292682926829
0.4146341463414634
0.4444444444444444
0.4186046511627907
0.44155844155844154
0.42857142857142855
0.4262295081967213
0.43243243243243246
0.43333333333333335
0.4358974358974359
0.42857142857142855
0.422680412371134
0.42528735632183906
0.43037974683544306
0.4189189189189189
0.41025641025641024
0.4235294117647059
0.42857142857142855
0.42168674698795183
0.4444444444444444
0.42168674698795183
0.43037974683544306
0.42857142857142855
0.425531914893617
0.42105263157894735
0.42990654205607476
0.43478260869565216
0.42857142857142855
0.43157894736842106
0.40298507462686567
0.425
0.42718446601941745
0.42391304347826086
0.4158415841584158
0.4225352112676056
0.4148936170212766
0.4339622641509434
0.4342105263157895
0.42168674698795183
0.42857142857142855
0.42718446601941745
0.44086021505376344
0.43478260869565216
0.43010752688172044
0.4222222222222222
0.43902439024390244
0.42391304347826086
0.4084507042253521
0.43137254901960786
0.43
0.43010752688172044
0.42857142857142855
0.42105263157894735
0.425531914893617
0.42857142857142855
0.4358974358974359
0.42857142857142855
0.4166666666666667
0.42857142857142855
0.4642857142857143
0.4189189189189189
0.41975308641975306
0.43
0.42857142857142855
0.4246575342465753
0.425
0.417910447761194
0.4246575342465753
0.4126984126984127
0.449438202247191
0.42391304347826086
0.41975308641975306
0.4342105263157895
0.42857142857142855
0.41975308641975306
0.417910447761194
0.41333333333333333
0.43137254901960786
0.4268292682926829
0.44
0.4246575342465753
0.43478260869565216
0.4358974358974359
0.42857142857142855
0.425
0.45454545454545453
0.43137254901960786
0.43529411764705883
0.4266666666666667
0.42696629213483145
0.4266666666666667
0.42168674698795183
0.421875
0.4264705882352941
0.4318181818181818
0.4418604651162791
0.42592592592592593
0.43283582089552236
0.4307692307692308
0.4461538461538462
0.43103448275862066
0.42592592592592593
0.43902439024390244
0.4423076923076923
0.43478260869565216
0.42857142857142855
0.4444444444444444
0.4318181818181818
0.4305555555555556
0.4367816091954023
0.4339622641509434
0.42592592592592593
0.43478260869565216
0.421875
0.4264705882352941
0.42857142857142855
0.4307692307692308
0.43478260869565216
0.4318181818181818
0.42857142857142855
0.4318181818181818
0.42857142857142855
0.4339622641509434
0.42028985507246375
0.4406779661016949
0.42857142857142855
0.4375
0.43137254901960786
0.42105263157894735
0.4444444444444444
0.4318181818181818
0.4305555555555556
0.4318181818181818
0.4166666666666667
0.4225352112676056
0.43902439024390244
0.43333333333333335
0.4411764705882353
0.42857142857142855
0.42857142857142855
0.42857142857142855
0.4411764705882353
0.4307692307692308
0.43333333333333335
0.4482758620689655
0.43333333333333335
0.41509433962264153
0.4307692307692308
0.423728813559322
0.41509433962264153
0.42105263157894735
0.4307692307692308
0.41935483870967744
0.41509433962264153
0.4411764705882353
0.4339622641509434
0.42028985507246375
0.4375
0.43859649122807015
0.4423076923076923
0.421875
0.4444444444444444
0.42857142857142855
0.4166666666666667
0.4307692307692308
0.41975308641975306
0.4418604651162791
0.421875
0.41935483870967744
0.43283582089552236
0.43283582089552236
0.4266666666666667
0.43902439024390244
0.4166666666666667
0.4166666666666667
0.42028985507246375
0.41333333333333333
0.4125
0.4375
0.4411764705882353
0.45454545454545453
0.423728813559322
0.4262295081967213
0.4264705882352941
0.4482758620689655
0.4225352112676056
0.42857142857142855
0.4375
0.40963855421686746
0.43902439024390244
0.41333333333333333
0.423728813559322
0.42105263157894735
0.42105263157894735
0.4268292682926829
0.42168674698795183
0.4225352112676056
0.4230769230769231
0.43023255813953487
0.4230769230769231
0.43636363636363634
0.4155844155844156
0.4175824175824176
0.4125
0.4157303370786517
0.42857142857142855
0.425
0.4375
0.4166666666666667
0.4375
0.4444444444444444
0.42105263157894735
0.42857142857142855
0.43103448275862066
0.42105263157894735
0.43243243243243246
0.41935483870967744
0.4358974358974359
0.4482758620689655
0.4482758620689655
0.4358974358974359
0.42857142857142855
0.41818181818181815
0.4666666666666667
0.4482758620689655
0.43209876543209874
0.42424242424242425
0.4375
0.4418604651162791
0.42857142857142855
0.42
0.4423076923076923
0.42857142857142855
0.42105263157894735
0.44
0.43243243243243246
0.4666666666666667
0.425
0.42857142857142855
0.42592592592592593
0.4358974358974359
0.43902439024390244
0.42857142857142855
0.43478260869565216
0.42857142857142855
0.41935483870967744
0.42857142857142855
0.43478260869565216
0.425
0.4444444444444444
0.4358974358974359
0.4230769230769231
0.423728813559322
0.45454545454545453
0.45161290322580644
0.4107142857142857
0.41935483870967744
0.4411764705882353
0.43333333333333335
0.43137254901960786
0.4358974358974359
0.4642857142857143
0.43137254901960786
0.45454545454545453
0.44
0.425531914893617
0.44
0.425
0.4098360655737705
0.42857142857142855
0.4358974358974359
0.45454545454545453
0.43333333333333335
0.45161290322580644
0.4642857142857143
0.4583333333333333
0.4642857142857143
0.41818181818181815
0.4418604651162791
0.4225352112676056
0.4666666666666667
0.42424242424242425
0.42105263157894735
0.4583333333333333
0.43243243243243246
0.42857142857142855
0.4782608695652174
0.4146341463414634
0.42857142857142855
0.4222222222222222
0.42105263157894735
0.4318181818181818
0.45161290322580644
0.45714285714285713
0.42857142857142855
0.42857142857142855
0.4444444444444444
0.45714285714285713
0.4473684210526316
0.4098360655737705
0.43243243243243246
0.43333333333333335
0.42105263157894735
0.43333333333333335
0.4444444444444444
0.43548387096774194
0.41304347826086957
0.43243243243243246
0.42424242424242425
0.4444444444444444
0.42857142857142855
0.4142857142857143
0.4222222222222222
0.45454545454545453
0.4482758620689655
0.40625
0.4117647058823529
0.4222222222222222
0.43333333333333335
0.4642857142857143
0.43243243243243246
0.425
0.42168674698795183
0.41379310344827586
0.4235294117647059
0.41935483870967744
0.42528735632183906
0.4166666666666667
0.46875
0.41935483870967744
0.410958904109589
0.4230769230769231
0.4166666666666667
0.45
0.41818181818181815
0.42
0.4235294117647059
0.43478260869565216
0.41304347826086957
0.42105263157894735
0.47368421052631576
0.41935483870967744
0.41836734693877553
0.40860215053763443
0.42857142857142855
0.41304347826086957
0.4230769230769231
0.42105263157894735
0.41836734693877553
0.43902439024390244
0.41414141414141414
0.42857142857142855
0.410958904109589
0.4444444444444444
0.4444444444444444
0.4222222222222222
0.43333333333333335
0.43243243243243246
0.41935483870967744
0.4375
0.4339622641509434
0.4318181818181818
0.42857142857142855
0.4583333333333333
0.42424242424242425
0.42105263157894735
0.43478260869565216
0.4125
0.4473684210526316
0.43333333333333335
0.4166666666666667
0.4189189189189189
0.4666666666666667
0.4166666666666667
0.4375
0.4473684210526316
0.4318181818181818
0.4482758620689655
0.4166666666666667
0.4230769230769231
0.44
0.4482758620689655
0.4177215189873418
0.43902439024390244
0.4305555555555556
0.43333333333333335
0.425531914893617
0.425531914893617
0.47619047619047616
0.42857142857142855
0.42105263157894735
0.41333333333333333
0.422680412371134
0.45454545454545453
0.42696629213483145
0.4166666666666667
0.44
0.4153846153846154
0.425
0.4166666666666667
0.4482758620689655
0.4175824175824176
0.41975308641975306
0.4175824175824176
0.4270833333333333
0.4186046511627907
0.41414141414141414
0.4270833333333333
0.41237113402061853
0.42424242424242425
0.42574257425742573
0.4148936170212766
0.41836734693877553
0.4222222222222222
0.42452830188679247
0.422680412371134
0.4329896907216495
0.4105263157894737
0.425
0.43617021276595747
0.4222222222222222
0.4270833333333333
0.41818181818181815
0.42857142857142855
0.42574257425742573
0.4230769230769231
0.4270833333333333
0.4105263157894737
0.41935483870967744
0.4266666666666667
0.425531914893617
0.4186046511627907
0.42857142857142855
0.4235294117647059
0.4166666666666667
0.43209876543209874
0.41818181818181815
0.44047619047619047
0.42168674698795183
0.42391304347826086
0.4230769230769231
0.4117647058823529
0.4126984126984127
0.425
0.42857142857142855
0.41818181818181815
0.4189189189189189
0.44
0.425531914893617
0.44
0.425531914893617
0.43902439024390244
0.42424242424242425
0.4375
0.42857142857142855
0.43859649122807015
0.42592592592592593
0.43333333333333335
0.4444444444444444
0.425
0.4642857142857143
0.4222222222222222
0.4411764705882353
0.45454545454545453
0.4418604651162791
0.43137254901960786
0.4375
0.41818181818181815
0.43902439024390244
0.42857142857142855
0.43137254901960786
0.4318181818181818
0.4318181818181818
0.45
0.4444444444444444
0.4318181818181818
0.44
0.42857142857142855
0.45454545454545453
0.425531914893617
0.4375
0.42857142857142855
0.425531914893617
0.45
0.4074074074074074
0.41935483870967744
0.4444444444444444
0.4444444444444444
0.4423076923076923
0.4318181818181818
0.43478260869565216
0.4426229508196721
0.4117647058823529
0.43478260869565216
0.42424242424242425
0.4358974358974359
0.45454545454545453
0.4473684210526316
0.425531914893617
0.4523809523809524
0.43478260869565216
0.42857142857142855
0.46153846153846156
0.41935483870967744
0.4444444444444444
0.4375
0.4482758620689655
0.45
0.4411764705882353
0.47058823529411764
0.42857142857142855
0.4444444444444444
0.45714285714285713
0.4473684210526316
0.46153846153846156
0.4418604651162791
0.43902439024390244
0.43243243243243246
0.4473684210526316
0.43243243243243246
0.45
0.4375
0.43243243243243246
0.43902439024390244
0.4482758620689655
0.4230769230769231
0.42105263157894735
0.4482758620689655
0.4444444444444444
0.4418604651162791
0.42857142857142855
0.45161290322580644
0.45454545454545453
0.4375
0.4230769230769231
0.4583333333333333
0.4444444444444444
0.4358974358974359
0.43333333333333335
0.425
0.4444444444444444
0.46153846153846156
0.42857142857142855
0.43333333333333335
0.4166666666666667
0.47058823529411764
0.4523809523809524
0.4230769230769231
0.41379310344827586
0.4666666666666667
0.42424242424242425
0.42105263157894735
0.4583333333333333
0.4375
0.4375
0.44
0.4358974358974359
0.45161290322580644
0.48
0.42424242424242425
0.45161290322580644
0.43859649122807015
0.43333333333333335
0.425
0.44
0.44
0.4583333333333333
0.425
0.42857142857142855
0.4230769230769231
0.45454545454545453
0.4444444444444444
0.43478260869565216
0.4666666666666667
0.42857142857142855
0.42857142857142855
0.4482758620689655
0.42857142857142855
0.4418604651162791
0.4318181818181818
0.4666666666666667
0.4230769230769231
0.45
0.43243243243243246
0.4444444444444444
0.43333333333333335
0.45454545454545453
0.4482758620689655
0.4230769230769231
0.4642857142857143
0.4473684210526316
0.4230769230769231
0.4473684210526316
0.4594594594594595
0.45161290322580644
0.45
0.46153846153846156
0.425
0.45454545454545453
0.4411764705882353
0.4444444444444444
0.42857142857142855
0.4489795918367347
0.4583333333333333
0.4473684210526316
0.43243243243243246
0.45161290322580644
0.45
0.4375
0.4473684210526316
0.4583333333333333
0.43243243243243246
0.4827586206896552
0.45161290322580644
0.45161290322580644
0.4642857142857143
0.43333333333333335
0.43636363636363634
0.4482758620689655
0.4444444444444444
0.42857142857142855
0.43478260869565216
0.43333333333333335
0.43333333333333335
0.4318181818181818
0.425
0.425
0.4482758620689655
0.4318181818181818
0.43333333333333335
0.45714285714285713
0.43478260869565216
0.42857142857142855
0.42857142857142855
