0.5833333333333334
0.5882352941176471
0.6111111111111112
0.5428571428571428
0.6666666666666666
0.4
0.5476190476190477
0.5121951219512195
0.5714285714285714
0.5238095238095238
0.5
0.5
0.6111111111111112
0.5161290322580645
0.4375
0.56
0.5180722891566265
0.453125
0.5555555555555556
0.5416666666666666
0.5
0.625
0.5230769230769231
0.4942528735632184
0.5081967213114754
0.5357142857142857
0.4722222222222222
0.4788732394366197
0.46875
0.47619047619047616
0.5172413793103449
0.5
0.5
0.5217391304347826
0.5040650406504065
0.5102040816326531
0.4727272727272727
0.5052631578947369
0.4642857142857143
0.4666666666666667
0.4864864864864865
0.52
0.5217391304347826
0.5245901639344263
0.4883720930232558
0.5102040816326531
0.5227272727272727
0.5
0.5478260869565217
0.4594594594594595
0.4444444444444444
0.532608695652174
0.49606299212598426
0.5476190476190477
0.4782608695652174
0.5
0.45714285714285713
0.46938775510204084
0.45652173913043476
0.4406779661016949
0.484375
0.47540983606557374
0.4791666666666667
0.46511627906976744
0.4482758620689655
0.43636363636363634
0.42105263157894735
0.45614035087719296
0.49504950495049505
0.4838709677419355
0.5259259259259259
0.45652173913043476
0.4426229508196721
0.49765258215962443
0.5130434782608696
0.5097276264591439
0.5177865612648221
0.525
0.5
0.45714285714285713
0.5523809523809524
0.5227272727272727
0.5327102803738317
0.5128205128205128
0.5466666666666666
0.5641025641025641
0.5323741007194245
0.5
0.5263157894736842
0.5294117647058824
0.5315315315315315
0.5
0.49700598802395207
0.525
0.5555555555555556
0.550561797752809
0.5294117647058824
0.5436893203883495
0.5159235668789809
0.5
0.5428571428571428
0.5384615384615384
0.5806451612903226
0.5299145299145299
0.48322147651006714
0.4879518072289157
0.5588235294117647
0.5217391304347826
0.5104166666666666
0.5333333333333333
0.5411764705882353
0.5154639175257731
0.48760330578512395
0.5
0.5148514851485149
0.47368421052631576
0.5229357798165137
0.5
0.5454545454545454
0.5060975609756098
0.5164835164835165
0.5092592592592593
0.5033333333333333
0.5221674876847291
0.5209125475285171
0.5175097276264592
0.5294117647058824
0.5255813953488372
0.5128205128205128
0.4972677595628415
0.5048543689320388
0.5095785440613027
0.5159574468085106
0.5144508670520231
0.515625
0.5302013422818792
0.5248618784530387
0.5094339622641509
0.5076923076923077
0.515358361774744
0.53125
0.5179282868525896
0.5185185185185185
0.5336322869955157
0.5033333333333333
0.5
0.49666666666666665
0.5133333333333333
0.4726027397260274
0.5133333333333333
0.49666666666666665
0.486013986013986
0.48
0.45535714285714285
0.47368421052631576
0.4803921568627451
0.49333333333333335
0.4666666666666667
0.47183098591549294
0.45985401459854014
0.47107438016528924
0.4609375
0.45081967213114754
0.4513888888888889
0.4628099173553719
0.45454545454545453
0.453781512605042
0.44594594594594594
0.41346153846153844
0.4723926380368098
0.45454545454545453
0.47619047619047616
0.448
0.4594594594594595
0.453781512605042
0.4748201438848921
0.47706422018348627
0.47794117647058826
0.4607329842931937
0.46357615894039733
0.4838709677419355
0.4834123222748815
0.4868421052631579
0.4808743169398907
0.48091603053435117
0.49666666666666665
0.5
0.49158249158249157
0.48404255319148937
0.4970414201183432
0.49333333333333335
0.4866666666666667
0.48788927335640137
0.5033333333333333
0.49666666666666665
0.4908424908424908
0.4959677419354839
0.48905109489051096
0.4829059829059829
0.48
