0.6
0.4
0.5333333333333333
0.7
0.5
0.3333333333333333
0.5581395348837209
0.43636363636363634
0.4666666666666667
0.9090909090909091
0.47368421052631576
0.47058823529411764
0.4444444444444444
0.5
0.5714285714285714
0.625
0.35714285714285715
0.3076923076923077
0.5
0.35714285714285715
0.4482758620689655
0.5434782608695652
0.3
0.5
0.5714285714285714
0.46153846153846156
0.35
0.4444444444444444
0.5
0.53125
0.5333333333333333
0.43478260869565216
0.5652173913043478
0.574468085106383
0.4782608695652174
0.4857142857142857
0.5102040816326531
0.45454545454545453
0.46511627906976744
0.5079365079365079
0.5063291139240507
0.46153846153846156
0.5161290322580645
0.5142857142857142
0.4727272727272727
0.5263157894736842
0.527027027027027
0.4827586206896552
0.47761194029850745
0.48936170212765956
0.4888888888888889
0.47058823529411764
0.5588235294117647
0.5294117647058824
0.5614035087719298
0.5
0.5
0.5081967213114754
0.5
0.5185185185185185
0.5428571428571428
0.509090909090909
0.4857142857142857
0.5263157894736842
0.46788990825688076
0.5072463768115942
0.46153846153846156
0.5306122448979592
0.5131578947368421
0.48936170212765956
0.5066666666666667
0.4444444444444444
0.475
0.47619047619047616
0.509090909090909
0.4827586206896552
0.5609756097560976
0.5
0.4788732394366197
0.4915254237288136
0.512396694214876
0.44
0.47692307692307695
0.5402298850574713
0.47058823529411764
0.4789915966386555
0.5625
0.5526315789473685
0.5147058823529411
0.5031847133757962
0.4825174825174825
0.5185185185185185
0.5
0.5416666666666666
0.48466257668711654
0.49444444444444446
0.5108695652173914
0.495
0.5769230769230769
0.46
0.4727272727272727
0.5
0.5154639175257731
0.5064935064935064
0.49295774647887325
0.5193798449612403
0.5245901639344263
0.5
0.5
0.480225988700565
0.52
0.49079754601226994
0.5
0.48
0.4931506849315068
0.4968944099378882
0.44715447154471544
0.5193370165745856
0.50920245398773
0.5026455026455027
0.4880952380952381
0.4946808510638298
0.49
0.506578947368421
0.5161290322580645
0.4945054945054945
0.5238095238095238
0.48863636363636365
0.475177304964539
0.5
0.47333333333333333
0.5190839694656488
0.49
0.515
0.46875
0.5
0.48
0.4895833333333333
0.49
0.4953271028037383
0.4948453608247423
0.48695652173913045
0.4661016949152542
0.4603174603174603
0.5
0.4528301886792453
0.46774193548387094
0.4973544973544973
0.49404761904761907
0.47058823529411764
0.5
0.4858757062146893
0.49
0.49044585987261147
0.485
0.49038461538461536
0.4594594594594595
0.5263157894736842
0.5064935064935064
0.5029940119760479
0.5
0.5
0.4927536231884058
0.5443037974683544
0.5208333333333334
0.5179856115107914
0.52
0.51
0.49
0.49324324324324326
0.5161290322580645
0.5063291139240507
0.518324607329843
0.51
0.5136612021857924
0.525
0.49740932642487046
0.495
0.51
0.5114942528735632
0.495
0.495
0.505
0.5228426395939086
0.5279187817258884
0.515
0.515
0.5232558139534884
0.5181347150259067
0.5413533834586466
0.5266666666666666
0.5174825174825175
0.53
0.5238095238095238
0.525
0.5253164556962026
0.5441176470588235
0.5185185185185185
0.5233160621761658
0.51
0.525
0.525
0.5117647058823529
0.5238095238095238
0.51
0.5130890052356021
0.5309734513274337
0.5
0.5297297297297298
0.5
0.525
0.51
0.525
0.5037037037037037
0.505
0.5208333333333334
0.505
0.495
0.515
0.4891304347826087
0.5
0.5
0.49
0.515
0.48
0.5135135135135135
0.4666666666666667
0.49
0.475
0.49137931034482757
0.505
0.4857142857142857
0.49
0.48148148148148145
0.4947916666666667
0.485
0.5
0.4479166666666667
0.485
0.475
0.5
0.49
0.47058823529411764
0.49122807017543857
0.5
0.495
0.495
0.49
0.495
0.49142857142857144
0.4972972972972973
0.5
0.505
0.51
0.495
0.484472049689441
0.4845360824742268
0.505
0.495
0.495
0.49230769230769234
0.495
0.485
0.47530864197530864
0.51
0.4808743169398907
0.47668393782383417
0.47674418604651164
0.49056603773584906
0.4701492537313433
0.47183098591549294
0.4875
0.4551282051282051
0.4424778761061947
0.4322033898305085
0.4583333333333333
0.4624277456647399
0.4696969696969697
0.4205607476635514
0.4444444444444444
0.46551724137931033
0.43478260869565216
0.45652173913043476
0.43703703703703706
0.453125
0.4727272727272727
0.44642857142857145
0.4393939393939394
0.43478260869565216
0.4444444444444444
0.45901639344262296
0.44339622641509435
0.45098039215686275
0.4603174603174603
0.4657534246575342
0.45217391304347826
0.44642857142857145
0.45132743362831856
0.42857142857142855
0.45081967213114754
0.43
0.4519230769230769
0.47023809523809523
0.453125
0.45081967213114754
0.42857142857142855
0.4676258992805755
0.4869109947643979
0.4823529411764706
0.45454545454545453
0.485
0.485
0.48
0.49
0.5
0.49
0.505
0.495
0.5
0.495
0.5
0.49
0.49
0.5
0.495
0.495
0.505
0.495
0.51
0.495
0.505
0.505
0.51
0.51
0.51
0.49
0.51
0.505
0.5105263157894737
0.505
0.5141242937853108
0.51
0.51
0.5159574468085106
0.5060975609756098
0.515
0.5240963855421686
0.515
0.5246913580246914
0.51
0.5217391304347826
0.5317919075144508
0.532051282051282
0.5308641975308642
0.5478260869565217
0.5462962962962963
0.5333333333333333
0.52
0.5283018867924528
0.521978021978022
0.52
0.5333333333333333
0.5232558139534884
0.5298013245033113
0.5433070866141733
0.5209580838323353
0.5180722891566265
0.5108695652173914
0.5260416666666666
0.5337423312883436
0.5232558139534884
0.5174418604651163
0.525974025974026
0.5319148936170213
0.5290697674418605
0.5303867403314917
0.5277777777777778
0.505
0.5263157894736842
0.5289256198347108
0.5414012738853503
0.5222929936305732
0.5462184873949579
0.52
0.5362318840579711
0.5192307692307693
0.5263157894736842
0.51
0.539568345323741
0.5194805194805194
0.5253164556962026
0.5217391304347826
0.518918918918919
0.532051282051282
0.525974025974026
0.53125
0.539568345323741
0.5310344827586206
0.5416666666666666
0.52
0.5354330708661418
0.5301204819277109
0.5333333333333333
0.5294117647058824
0.5416666666666666
0.5341614906832298
0.5294117647058824
0.5289855072463768
0.5329341317365269
0.5352112676056338
0.5454545454545454
0.5151515151515151
0.5401459854014599
0.5409836065573771
0.5241379310344828
0.5416666666666666
0.5298013245033113
0.55
0.5367647058823529
0.5263157894736842
0.5546218487394958
0.5384615384615384
0.5224719101123596
0.5260115606936416
0.5344827586206896
0.5257731958762887
0.5342465753424658
0.5144508670520231
0.5461538461538461
0.5301204819277109
0.5314285714285715
0.525
0.515
0.5232558139534884
0.5161290322580645
0.52
0.51
0.5058823529411764
0.505
0.505
0.515
0.505
0.505
0.515
0.51
0.505
0.505
0.505
0.51
0.51
0.51
0.5
0.515
0.51
0.5
0.5
0.51
0.5
0.495
0.5
0.5
0.505
0.5
0.5
0.505
0.495
0.5
0.505
0.5
0.505
0.505
0.51
0.5
0.505
0.505
0.5028248587570622
0.51
0.5138121546961326
0.5181347150259067
0.5177304964539007
0.5174418604651163
0.5316455696202531
0.5195530726256983
0.5314685314685315
0.5390070921985816
0.5271317829457365
0.5266666666666666
0.5246913580246914
0.5625
0.5306122448979592
0.5585585585585585
0.5369127516778524
0.5419847328244275
0.5454545454545454
0.5407407407407407
0.5403225806451613
0.5419847328244275
0.5333333333333333
0.5426356589147286
0.5337423312883436
0.5434782608695652
0.5266666666666666
0.53125
0.5212765957446809
0.5352112676056338
0.536
0.5294117647058824
0.5279503105590062
0.5337423312883436
0.5283018867924528
0.5263157894736842
0.527027027027027
0.5180722891566265
0.5248618784530387
0.5204081632653061
0.5263157894736842
0.5172413793103449
0.518918918918919
0.5325443786982249
0.52
0.5141242937853108
0.5232558139534884
0.51
0.5251396648044693
0.515
0.5209580838323353
0.51
0.5167785234899329
0.51
0.51
0.515
0.51
0.515
0.52046783625731
0.5132275132275133
0.5175879396984925
0.51
0.5084745762711864
0.51
0.5195530726256983
0.505
0.515
0.51
0.5108695652173914
0.5168539325842697
0.5135135135135135
0.5083798882681564
0.52
0.5153374233128835
0.5174418604651163
0.5177304964539007
0.5209580838323353
0.5172413793103449
0.5369127516778524
0.5277777777777778
0.5317919075144508
0.5310344827586206
0.5277777777777778
0.5303030303030303
0.5289855072463768
0.5384615384615384
0.5367647058823529
0.5354330708661418
0.5401459854014599
0.5253164556962026
0.5420560747663551
0.5343511450381679
0.5259259259259259
0.5343511450381679
0.53125
0.5309734513274337
0.5462962962962963
0.5275590551181102
0.5182926829268293
0.5189873417721519
0.527027027027027
0.5310344827586206
0.5371900826446281
0.5153061224489796
0.5089820359281437
0.5126582278481012
0.5245901639344263
0.5202702702702703
0.51
0.515
0.51
0.5120481927710844
0.5146198830409356
0.505
0.505
0.515
0.515
0.505
0.51
0.515
0.51
0.5
0.505
0.505
0.51
0.495
0.505
0.505
0.51
0.505
0.52
0.5
0.51
0.505
0.51
0.505
0.505
0.5
0.505
0.5
0.5
0.5
0.5
0.5
0.5
0.505
0.495
0.5
0.505
0.49
0.5
0.495
0.495
0.5
0.495
0.5
0.5
0.495
0.495
0.49
0.505
0.505
0.5
0.495
0.49
0.495
0.495
0.495
0.49
0.49
0.495
0.495
0.495
0.5
0.505
0.505
0.5
0.51
0.51
0.49
0.495
0.505
0.5
0.5
0.505
0.505
0.505
0.5
0.515
0.495
0.5
0.5
0.505
0.5
0.49
0.495
0.5
0.5
0.5
0.5
0.495
0.5
0.5
0.5
0.5
0.495
0.49
0.495
0.5
0.495
0.495
0.495
0.5
0.505
0.495
0.5
0.495
0.495
0.495
0.495
0.49
0.49
0.495
0.495
0.49
0.4873096446700508
0.495
0.49
0.495
0.48066298342541436
0.49
0.485
0.495
0.49222797927461137
0.485
0.48663101604278075
0.4824120603015075
0.48633879781420764
0.49
0.485
0.49230769230769234
0.48066298342541436
0.5
0.478494623655914
0.4915254237288136
0.4895833333333333
0.48633879781420764
0.4891304347826087
0.4888888888888889
0.49
0.485
0.4888888888888889
0.48066298342541436
0.4968553459119497
0.4968152866242038
0.48333333333333334
0.48128342245989303
0.4891304347826087
0.49
0.485
0.49
0.49
0.485
0.49
0.49
0.49
0.5029940119760479
0.49
0.49
0.495
0.485
0.49
0.495
0.49
0.48
0.49
0.485
0.49
0.48
0.485
0.485
0.48
0.485
0.49
0.485
0.485
0.475
0.495
0.48
0.485
0.485
0.495
0.495
0.495
0.49
0.5
0.49
0.5
0.5
0.5
0.495
0.5
0.5
0.5
0.5
0.49
0.5
0.495
0.5
0.505
0.505
0.495
0.505
0.5
0.5
0.5
0.5
0.505
0.5
0.505
0.505
0.5
0.505
0.505
0.51
0.5
0.51
0.51
0.495
0.495
0.505
0.5
0.5
0.505
0.5
0.495
0.505
0.505
0.505
0.495
0.495
0.51
0.5
0.5
0.5
0.5
0.5
0.5
0.5
0.495
0.505
0.5
0.5
0.5
0.5
0.495
0.5
0.5
0.505
0.49
0.495
0.495
0.5
0.495
0.5
0.49
0.4782608695652174
0.495
0.49740932642487046
0.485
0.47619047619047616
0.485
0.48633879781420764
0.495
0.4895833333333333
0.4919786096256685
0.485
0.495
0.49
0.495
0.495
0.5
0.5
0.49
0.495
0.495
0.495
0.495
0.495
0.495
0.495
0.5
0.5
0.495
0.5
0.5
0.495
0.495
0.49
0.5
0.505
0.5
0.495
0.49
0.495
0.5
0.49
0.505
0.5
0.495
0.49
0.495
0.5
0.49
0.49
0.495
0.495
0.495
0.495
0.49
0.495
0.495
0.5
0.495
0.495
0.5
0.495
0.495
0.49
0.495
0.495
0.495
0.495
0.495
0.495
0.495
0.495
0.49
0.49
0.495
0.49
0.5
0.495
0.49
0.495
0.495
0.49
0.495
0.49
0.49
0.495
0.5
0.495
0.5
0.495
0.49
0.495
0.495
0.495
0.5
0.5
0.5
0.49
0.495
0.495
0.5
0.495
0.495
0.49
0.495
0.5
0.495
0.49
0.495
0.49
0.49
0.49
0.49
0.49
0.495
0.49
0.49
0.48223350253807107
0.485
0.49
0.49
0.495
0.49
0.49
0.495
0.49
0.49
0.485
0.5
0.49
0.49
0.49
0.495
0.495
0.49
0.495
0.495
0.5
0.495
0.49
0.495
0.5
0.49
0.495
0.49
0.495
0.495
0.5
0.49
0.495
0.49
0.5
0.5
0.495
0.49
0.49
0.495
0.495
0.49
0.495
