0.7058823529411765
0.5882352941176471
0.56
0.42857142857142855
0.5263157894736842
0.631578947368421
0.5689655172413793
0.5
0.625
0.6153846153846154
0.5862068965517241
0.7
0.5333333333333333
0.5625
0.5294117647058824
0.5128205128205128
0.5238095238095238
0.5789473684210527
0.48717948717948717
0.5454545454545454
0.5555555555555556
0.4935064935064935
0.5483870967741935
0.6153846153846154
0.5074626865671642
0.5
0.5263157894736842
0.5217391304347826
0.4411764705882353
0.5
0.5384615384615384
0.3333333333333333
0.5217391304347826
0.5172413793103449
0.5
0.5
0.42857142857142855
0.5
0.5
0.5
0.4782608695652174
0.46153846153846156
0.48214285714285715
0.5
0.5263157894736842
0.53125
0.47368421052631576
0.5106382978723404
0.4772727272727273
0.5
0.5416666666666666
0.5054945054945055
0.4444444444444444
0.4696969696969697
0.4722222222222222
0.5138888888888888
0.47619047619047616
0.48214285714285715
0.5
0.4722222222222222
0.5333333333333333
0.5
0.5074626865671642
0.4915254237288136
0.5526315789473685
0.4583333333333333
0.4897959183673469
0.5263157894736842
0.4807692307692308
0.48214285714285715
0.504950495049505
0.5161290322580645
0.48148148148148145
0.525
0.5079365079365079
0.4864864864864865
0.5135135135135135
0.5333333333333333
0.5098039215686274
0.5
0.5
0.4852941176470588
0.4881889763779528
0.5294117647058824
0.5263157894736842
0.5185185185185185
0.5
0.5227272727272727
0.5161290322580645
0.46875
0.525
0.5238095238095238
0.5131578947368421
0.5
0.5277777777777778
0.4666666666666667
0.4594594594594595
0.5245901639344263
0.5135135135135135
0.49504950495049505
0.52
0.5294117647058824
0.46296296296296297
0.46296296296296297
0.48314606741573035
0.5
0.5285714285714286
0.5405405405405406
0.45652173913043476
0.48936170212765956
0.48148148148148145
0.5365853658536586
0.5294117647058824
0.5092592592592593
0.5096153846153846
0.4788732394366197
0.47560975609756095
0.5185185185185185
0.52
0.5555555555555556
0.5116279069767442
0.5135135135135135
0.525
0.5370370370370371
0.5161290322580645
0.4878048780487805
0.5
0.5102040816326531
0.5238095238095238
0.5370370370370371
0.5185185185185185
0.5333333333333333
0.5555555555555556
0.47368421052631576
0.5428571428571428
0.5365853658536586
0.5373134328358209
0.5263157894736842
0.5189873417721519
0.5384615384615384
0.5588235294117647
0.5098039215686274
0.5102040816326531
0.5517241379310345
0.5128205128205128
0.5517241379310345
0.5454545454545454
0.54
0.5161290322580645
0.5277777777777778
0.5348837209302325
0.5476190476190477
0.5416666666666666
0.46551724137931033
0.532258064516129
0.5476190476190477
0.5294117647058824
0.5135135135135135
0.5405405405405406
0.5416666666666666
0.5454545454545454
0.5084745762711864
0.5116279069767442
0.5111111111111111
0.48
0.5531914893617021
0.5154639175257731
0.5272727272727272
0.4666666666666667
0.5128205128205128
0.5283018867924528
0.45454545454545453
0.5454545454545454
0.5393258426966292
0.4606741573033708
0.5257731958762887
0.5258620689655172
0.5319148936170213
0.4854368932038835
0.5254237288135594
0.4857142857142857
0.5272727272727272
0.4728682170542636
0.45918367346938777
0.41904761904761906
0.44565217391304346
0.5031847133757962
0.46774193548387094
0.46842105263157896
0.4745762711864407
0.4957983193277311
0.46153846153846156
0.4666666666666667
0.5
0.48947368421052634
0.4936708860759494
0.510752688172043
0.5253456221198156
0.5390625
0.5
0.5039370078740157
0.4945054945054945
0.5066666666666667
0.5254237288135594
0.5210526315789473
0.51
0.5041322314049587
0.4625
0.484472049689441
0.5141242937853108
0.52
0.5078534031413613
0.48854961832061067
0.5080645161290323
0.49056603773584906
0.5039370078740157
0.4806201550387597
0.5038167938931297
0.48095238095238096
0.4834710743801653
0.4927536231884058
0.5100671140939598
0.4834710743801653
0.5037037037037037
0.5163043478260869
0.5133333333333333
0.5116279069767442
0.51440329218107
0.5
0.49609375
0.5384615384615384
0.5133333333333333
0.5024875621890548
0.51
0.5511811023622047
0.5446428571428571
0.515625
0.5212765957446809
0.5511811023622047
0.5365853658536586
0.5454545454545454
0.5294117647058824
0.4866666666666667
0.5362318840579711
0.5375722543352601
0.5316455696202531
0.5352941176470588
0.5342465753424658
0.5340314136125655
0.521505376344086
0.47305389221556887
0.48148148148148145
0.5066666666666667
0.4523809523809524
0.51
0.5345911949685535
0.46408839779005523
0.4713375796178344
0.46258503401360546
0.4652777777777778
0.5124555160142349
0.45394736842105265
0.4827586206896552
0.45528455284552843
0.46206896551724136
0.45081967213114754
0.4642857142857143
0.44755244755244755
0.46835443037974683
0.4479166666666667
0.46408839779005523
0.4659090909090909
0.46766169154228854
0.4696132596685083
0.46308724832214765
0.47435897435897434
0.47549019607843135
0.45985401459854014
0.4828897338403042
0.4881516587677725
0.47019867549668876
0.48826291079812206
0.4644808743169399
0.4714285714285714
0.456
0.47928994082840237
0.4619883040935672
0.4424778761061947
0.4672131147540984
0.45689655172413796
0.4496124031007752
0.45454545454545453
0.4174757281553398
0.44954128440366975
0.4411764705882353
0.44
0.4215686274509804
0.4583333333333333
0.4444444444444444
0.43333333333333335
0.45
0.4578313253012048
0.45161290322580644
0.46774193548387094
0.4603174603174603
0.44
0.46551724137931033
0.4444444444444444
0.44954128440366975
0.47619047619047616
0.43209876543209874
0.45217391304347826
0.4262295081967213
0.4594594594594595
0.44565217391304346
0.4642857142857143
0.42592592592592593
0.4444444444444444
0.4077669902912621
0.4406779661016949
0.4489795918367347
0.46
0.45390070921985815
0.44525547445255476
0.4444444444444444
0.45454545454545453
0.46794871794871795
0.4423076923076923
0.4594594594594595
0.422680412371134
0.45081967213114754
0.4426229508196721
0.5114503816793893
0.4536082474226804
0.4834710743801653
0.45454545454545453
0.5175097276264592
0.4700460829493088
0.470873786407767
0.5171102661596958
0.5066666666666667
0.5359116022099447
0.5152542372881356
0.5294117647058824
0.5245901639344263
0.5422535211267606
0.5380434782608695
0.5544554455445545
0.5441176470588235
0.546875
0.5581395348837209
0.5476190476190477
0.5357142857142857
0.5360824742268041
0.5390625
0.580952380952381
0.5491803278688525
0.5460122699386503
0.5474452554744526
0.5
0.5578947368421052
0.5603448275862069
0.5476190476190477
0.5764705882352941
0.5405405405405406
0.5346534653465347
0.5168539325842697
0.5714285714285714
0.5402298850574713
0.5394736842105263
0.5638297872340425
0.5633802816901409
0.5416666666666666
0.5379746835443038
0.5461538461538461
0.5284090909090909
0.5467625899280576
0.5666666666666667
0.480225988700565
0.523972602739726
0.5537190082644629
0.5431034482758621
0.4789915966386555
0.5441176470588235
0.4742857142857143
0.5467625899280576
0.5419847328244275
0.4745762711864407
0.5278969957081545
0.4791666666666667
0.4779116465863454
0.5297619047619048
0.5286624203821656
0.5217391304347826
0.515625
0.46464646464646464
0.46099290780141844
0.5180722891566265
0.5234899328859061
0.5194805194805194
0.521505376344086
0.47878787878787876
0.4678362573099415
0.47619047619047616
0.47651006711409394
0.4785992217898833
0.47540983606557374
0.48333333333333334
0.4868421052631579
0.4819277108433735
0.47593582887700536
0.4878048780487805
0.47586206896551725
0.4835680751173709
0.4897959183673469
0.4878048780487805
0.48058252427184467
0.49038461538461536
0.48333333333333334
0.5018587360594795
0.5066666666666667
0.49666666666666665
0.49666666666666665
0.49333333333333335
0.4966442953020134
0.5163043478260869
0.49
0.48333333333333334
0.47297297297297297
0.5152838427947598
0.4959349593495935
0.5033333333333333
0.4918032786885246
0.5156794425087108
0.5185185185185185
0.5207373271889401
0.515695067264574
0.5033333333333333
0.5202020202020202
0.49666666666666665
0.5133333333333333
0.5023923444976076
0.5159574468085106
0.5163934426229508
0.5099601593625498
0.5076142131979695
0.5040983606557377
0.5205992509363296
0.5109170305676856
0.4978540772532189
0.5033333333333333
0.4840764331210191
0.4866666666666667
0.47761194029850745
0.5209125475285171
0.510548523206751
0.5046728971962616
0.5050847457627119
0.5191489361702127
0.5074626865671642
0.5296442687747036
0.5102040816326531
0.4930555555555556
0.49606299212598426
0.5163043478260869
0.5158730158730159
0.49404761904761907
0.5029585798816568
0.5089285714285714
0.5146443514644351
0.49377593360995853
0.5033333333333333
0.4866666666666667
0.5192307692307693
0.5069767441860465
0.5091743119266054
0.49
0.5128205128205128
0.48333333333333334
0.4925373134328358
0.5078740157480315
0.5077519379844961
0.5166666666666667
0.5
0.49666666666666665
0.49
0.5033333333333333
0.5
0.49666666666666665
0.5033333333333333
0.5066666666666667
0.5066666666666667
0.5066666666666667
0.5033333333333333
0.5
0.49333333333333335
0.49666666666666665
0.51
0.5066666666666667
0.5033333333333333
0.5
0.49666666666666665
0.5033333333333333
0.5033333333333333
0.5
0.49666666666666665
0.5033333333333333
0.5
0.5
0.49666666666666665
0.5
0.5066666666666667
0.49333333333333335
0.49333333333333335
0.49333333333333335
0.49666666666666665
0.49295774647887325
0.5
0.49333333333333335
0.48928571428571427
0.48186528497409326
0.49242424242424243
0.4759036144578313
0.4855769230769231
0.4868421052631579
0.49666666666666665
0.4915254237288136
0.49032258064516127
0.489247311827957
0.49
0.49327354260089684
0.49615384615384617
0.5033333333333333
0.49666666666666665
0.49242424242424243
0.5033333333333333
0.49
0.5
0.5
0.49333333333333335
0.49
0.5033333333333333
0.5
0.49666666666666665
0.49666666666666665
0.5033333333333333
0.5033333333333333
0.5066666666666667
0.51
0.51
0.5
0.5033333333333333
0.5066666666666667
0.5033333333333333
0.5066666666666667
0.5033333333333333
0.5033333333333333
0.49666666666666665
0.5
0.5
0.49666666666666665
0.5
0.5033333333333333
0.49666666666666665
0.5
0.5
0.5
0.5033333333333333
0.5066666666666667
0.5
0.5033333333333333
0.49666666666666665
0.5066666666666667
0.5033333333333333
0.5
0.5
0.5
0.5
0.5
0.5
0.5
0.49666666666666665
0.5066666666666667
0.5033333333333333
0.5033333333333333
0.5
0.5033333333333333
0.51
0.51
0.51
0.5033333333333333
0.5066666666666667
0.5066666666666667
0.5033333333333333
0.5
0.5
0.5033333333333333
0.5
0.5091575091575091
0.5103448275862069
0.5
0.509090909090909
0.5041666666666667
0.5154185022026432
0.5098039215686274
0.507177033492823
0.5079365079365079
0.5167464114832536
0.5096153846153846
0.5150214592274678
0.5136363636363637
0.5119617224880383
0.5173913043478261
0.51171875
0.5116279069767442
0.5138339920948617
0.5058823529411764
0.5070921985815603
0.5052631578947369
0.5
0.5066666666666667
0.5072463768115942
0.5
0.5033333333333333
0.5033333333333333
0.5
0.49333333333333335
0.49666666666666665
0.5
0.5
0.5
0.5
0.5066666666666667
0.49333333333333335
0.5
0.5
0.49666666666666665
0.5
0.49666666666666665
0.49666666666666665
0.5
0.5
0.49666666666666665
0.5
0.5
0.5
0.49666666666666665
0.5033333333333333
0.5
0.5
0.5066666666666667
0.49333333333333335
0.5
0.5
0.5
0.5033333333333333
0.5066666666666667
0.5
0.5
0.5066666666666667
0.5066666666666667
0.5033333333333333
0.5
0.5066666666666667
0.5066666666666667
0.5033333333333333
0.5033333333333333
0.5066666666666667
0.5133333333333333
0.5107913669064749
0.5066666666666667
0.5066666666666667
0.5066666666666667
0.5050167224080268
0.5066666666666667
0.5033333333333333
0.5
0.5066666666666667
0.51
0.5033333333333333
0.5053003533568905
0.497907949790795
0.5066666666666667
0.5
0.5033333333333333
0.5033333333333333
0.49666666666666665
0.5027027027027027
0.49666666666666665
0.5033333333333333
0.5033333333333333
0.5033333333333333
0.5033333333333333
0.5033333333333333
0.5033333333333333
0.5033333333333333
0.5066666666666667
0.49800796812749004
0.5033333333333333
0.49666666666666665
0.5
0.49333333333333335
0.5066666666666667
0.5
0.5033333333333333
0.5033333333333333
0.5
0.5033333333333333
0.5033333333333333
0.5
0.5
0.5066666666666667
0.5066666666666667
0.5033333333333333
0.5033333333333333
0.5033333333333333
0.5066666666666667
0.51
0.5
0.5066666666666667
0.496
0.5066666666666667
0.5033333333333333
0.5
0.5066666666666667
0.5
0.5066666666666667
0.5033333333333333
0.49666666666666665
0.5066666666666667
0.51
0.51
0.5066666666666667
0.5066666666666667
0.5033333333333333
0.5033333333333333
0.5033333333333333
0.5066666666666667
0.5033333333333333
0.5066666666666667
0.5066666666666667
0.51
0.5133333333333333
0.5066666666666667
0.5033333333333333
0.5033333333333333
0.5033333333333333
0.5066666666666667
0.5066666666666667
0.5066666666666667
0.5033333333333333
0.5033333333333333
0.5
0.5066666666666667
0.5033333333333333
0.5066666666666667
0.5033333333333333
0.5066666666666667
0.51
0.51
0.49666666666666665
0.5033333333333333
0.51
0.5
0.51
0.5066666666666667
0.5066666666666667
0.5033333333333333
0.5033333333333333
0.5066666666666667
0.5033333333333333
0.5
0.5066666666666667
0.5033333333333333
0.5066666666666667
0.5033333333333333
0.5033333333333333
0.5034013605442177
0.5145631067961165
0.5059288537549407
0.5124378109452736
0.5161290322580645
0.5154639175257731
0.5228426395939086
0.5181347150259067
0.5168539325842697
0.5113636363636364
0.514792899408284
0.5111111111111111
0.5117647058823529
0.5141242937853108
0.5120481927710844
0.5121951219512195
0.5133333333333333
0.5088757396449705
0.5214723926380368
0.5161290322580645
0.5126582278481012
0.5117647058823529
0.5099337748344371
0.525
0.5151515151515151
0.5240963855421686
0.5178571428571429
0.5159235668789809
0.5113636363636364
0.5149700598802395
0.5174418604651163
0.5202312138728323
0.5182926829268293
0.5149700598802395
0.5176470588235295
0.525974025974026
0.5229885057471264
0.5089820359281437
0.5151515151515151
0.5257142857142857
0.5131578947368421
0.5176470588235295
0.5227272727272727
0.5269461077844312
0.5253164556962026
0.5220125786163522
0.519774011299435
0.5104166666666666
0.5181347150259067
0.5135135135135135
0.5128205128205128
0.5245901639344263
0.5114942528735632
0.5135135135135135
0.5133689839572193
0.5151515151515151
0.5161290322580645
0.5104166666666666
0.5079365079365079
0.5229885057471264
0.5229885057471264
0.5136612021857924
0.5217391304347826
0.5202312138728323
0.5161290322580645
0.5222222222222223
0.5202312138728323
0.5132275132275133
0.5195530726256983
0.5161290322580645
0.5202312138728323
0.519774011299435
0.5106382978723404
0.5083798882681564
0.5051020408163265
0.5051546391752577
0.5111111111111111
0.5077720207253886
0.5042016806722689
0.5099601593625498
0.5061728395061729
0.5097276264591439
0.5099601593625498
0.508
0.5095785440613027
0.5140562248995983
0.5094339622641509
0.5033333333333333
0.5
0.5
0.5
0.49666666666666665
0.5
0.5066666666666667
0.5
0.5066666666666667
0.5069444444444444
0.5
0.5066666666666667
0.49666666666666665
0.49666666666666665
0.5036496350364964
0.5033333333333333
0.5
0.5033333333333333
0.5
0.5
0.49666666666666665
0.5
0.49333333333333335
0.49333333333333335
0.49333333333333335
0.49666666666666665
0.5
0.5
0.49666666666666665
0.49666666666666665
0.49666666666666665
0.5020576131687243
0.49333333333333335
0.49666666666666665
0.5035971223021583
0.49333333333333335
0.5033333333333333
0.5066666666666667
0.5089820359281437
0.49333333333333335
0.49333333333333335
0.49333333333333335
0.49333333333333335
0.49666666666666665
0.5059760956175299
0.49333333333333335
0.4975369458128079
0.49333333333333335
0.5
0.49666666666666665
0.5
0.5
0.5140845070422535
0.5
0.5066666666666667
0.51
0.49480968858131485
0.49666666666666665
0.5018867924528302
0.5019607843137255
0.4975124378109453
0.4946236559139785
0.49206349206349204
0.5
0.49230769230769234
0.5031055900621118
0.5066666666666667
0.5066666666666667
0.4909090909090909
0.49504950495049505
0.5069444444444444
0.49
0.51
0.51
0.5066666666666667
0.5117370892018779
0.49171270718232046
0.5
0.49800796812749004
0.49454545454545457
0.5
0.5096153846153846
0.5149253731343284
0.5067567567567568
0.49666666666666665
0.5
0.5027932960893855
0.5
0.5033333333333333
0.49603174603174605
0.5033333333333333
0.5166666666666667
0.5033333333333333
0.5039370078740157
0.5033333333333333
0.5
0.5177304964539007
0.5033333333333333
0.5033333333333333
0.5067114093959731
0.5133333333333333
0.5033333333333333
0.5033333333333333
0.5
0.5033333333333333
0.5033333333333333
0.5033333333333333
0.5033333333333333
0.5066666666666667
0.5066666666666667
0.5033333333333333
0.5033333333333333
0.5066666666666667
0.5033333333333333
0.5066666666666667
0.5033333333333333
0.5066666666666667
0.5033333333333333
0.5066666666666667
0.5033333333333333
0.5
0.49666666666666665
0.5033333333333333
0.5033333333333333
0.5033333333333333
0.5033333333333333
0.5
0.5
0.5033333333333333
0.5
0.5
0.5066666666666667
0.4979919678714859
0.5066666666666667
0.49333333333333335
0.5
