0.6428571428571429
0.36363636363636365
0.38461538461538464
0.5
0.9090909090909091
0.52
0.45454545454545453
0.48
0.47368421052631576
0.5
0.43333333333333335
0.45454545454545453
0.6
0.4230769230769231
0.5454545454545454
0.375
0.45
0.48148148148148145
0.47619047619047616
0.47619047619047616
0.4782608695652174
0.5135135135135135
0.5185185185185185
0.4166666666666667
0.4897959183673469
0.35714285714285715
0.42857142857142855
0.4117647058823529
0.48484848484848486
0.5789473684210527
0.3684210526315789
0.5
0.4375
0.46938775510204084
0.5135135135135135
0.45098039215686275
0.40540540540540543
0.6153846153846154
0.5084745762711864
0.43333333333333335
0.5
0.53125
0.4827586206896552
0.43478260869565216
0.4823529411764706
0.5555555555555556
0.55
0.5714285714285714
0.42105263157894735
0.5833333333333334
0.5263157894736842
0.45
0.5333333333333333
0.6
0.5
0.4883720930232558
0.5483870967741935
0.5641025641025641
0.5
0.48148148148148145
0.5
0.4594594594594595
0.5208333333333334
0.5
0.5
0.5208333333333334
0.5168539325842697
0.5681818181818182
0.5277777777777778
0.5416666666666666
0.5285714285714286
0.4782608695652174
0.5714285714285714
0.6153846153846154
0.5714285714285714
0.5142857142857142
0.5
0.45454545454545453
0.5476190476190477
0.5116279069767442
0.47058823529411764
0.5
0.46153846153846156
0.5263157894736842
0.547945205479452
0.4888888888888889
0.5
0.4883720930232558
0.5238095238095238
0.4918032786885246
0.47619047619047616
0.49056603773584906
0.5231788079470199
0.5445544554455446
0.4791666666666667
0.5074626865671642
0.4819277108433735
0.5348837209302325
0.4878048780487805
0.5
0.46808510638297873
0.46153846153846156
0.5131578947368421
0.42857142857142855
0.5185185185185185
0.4715447154471545
0.5333333333333333
0.5
0.48507462686567165
0.5084745762711864
0.47058823529411764
0.4785276073619632
0.5185185185185185
0.46808510638297873
0.5297297297297298
0.5
0.4742268041237113
0.4962121212121212
0.49142857142857144
0.4666666666666667
0.48
0.4864864864864865
0.5
0.4819277108433735
0.49615384615384617
0.5061728395061729
0.49572649572649574
0.49666666666666665
0.49666666666666665
0.5289256198347108
0.5256410256410257
0.5454545454545454
0.52
0.56
0.5100671140939598
0.51
0.51
0.5126050420168067
0.5033333333333333
0.52046783625731
0.5271317829457365
0.5180180180180181
0.51
0.5172413793103449
0.5219298245614035
0.5068027210884354
0.5263157894736842
0.5153846153846153
0.5273972602739726
0.5059288537549407
0.5
0.5354330708661418
0.5172413793103449
0.5048543689320388
0.5026737967914439
0.5024875621890548
0.5027624309392266
0.5121107266435986
0.510548523206751
0.49333333333333335
0.5127272727272727
0.5
0.5135135135135135
0.5033333333333333
0.5066666666666667
0.5
0.5
0.51
0.5066666666666667
0.5
0.49666666666666665
0.49666666666666665
0.5033333333333333
0.5
0.5166666666666667
0.51
0.5
0.5066666666666667
0.49572649572649574
0.49333333333333335
0.49333333333333335
0.4866666666666667
0.49666666666666665
0.4866666666666667
0.5133333333333333
0.51
0.5062240663900415
0.49666666666666665
0.5
0.49666666666666665
0.51
0.5066666666666667
0.5066666666666667
0.4971751412429379
0.5045045045045045
0.5133333333333333
0.49666666666666665
0.5
0.49
0.51
