0.5
0.49666666666666665
0.5
0.49666666666666665
0.5
0.49666666666666665
0.49666666666666665
0.49666666666666665
0.49666666666666665
0.5
0.49666666666666665
0.49666666666666665
0.5
0.49666666666666665
0.49666666666666665
0.49666666666666665
0.49666666666666665
0.5
0.5
0.49666666666666665
0.49666666666666665
0.5
0.5
0.49666666666666665
0.49666666666666665
0.49666666666666665
0.5
0.49666666666666665
0.5
0.49666666666666665
0.49666666666666665
0.49666666666666665
0.49666666666666665
0.5
0.5
0.49666666666666665
0.5
0.5
0.5
0.5
0.5
0.49666666666666665
0.49666666666666665
0.49666666666666665
0.5
0.5
0.49666666666666665
0.49666666666666665
0.49666666666666665
0.49666666666666665
0.49666666666666665
0.49666666666666665
0.5
0.49666666666666665
0.49333333333333335
0.49666666666666665
0.49333333333333335
0.49666666666666665
0.49666666666666665
0.49333333333333335
0.49823321554770317
0.5
0.49458483754512633
0.49280575539568344
0.49433962264150944
0.49280575539568344
0.4959016393442623
0.49382716049382713
0.49783549783549785
0.49382716049382713
0.4892703862660944
0.4915254237288136
0.49327354260089684
0.49333333333333335
0.4900990099009901
0.49344978165938863
0.4830917874396135
0.49107142857142855
0.4909090909090909
0.4881516587677725
0.49099099099099097
0.49065420560747663
0.4869109947643979
0.4928909952606635
0.4869109947643979
0.4881516587677725
0.49
0.48704663212435234
0.49122807017543857
0.48792270531400966
0.49246231155778897
0.4909090909090909
0.4881516587677725
0.4846938775510204
0.4895833333333333
0.4897959183673469
0.48404255319148937
0.4838709677419355
0.48756218905472637
0.49
0.4864864864864865
0.4911504424778761
0.48756218905472637
0.4845360824742268
0.4857142857142857
0.4931506849315068
0.4855769230769231
0.4876847290640394
0.48743718592964824
0.4880382775119617
0.48826291079812206
0.49029126213592233
0.49065420560747663
0.49130434782608695
0.4872881355932203
0.49344978165938863
0.49356223175965663
0.49047619047619045
0.49099099099099097
0.48872180451127817
0.49586776859504134
0.49193548387096775
0.4896265560165975
0.4921875
0.4899598393574297
0.49224806201550386
0.49280575539568344
0.4927007299270073
0.493006993006993
0.49280575539568344
0.49387755102040815
0.49236641221374045
0.49097472924187724
0.49063670411985016
0.49140893470790376
0.49230769230769234
0.4929078014184397
0.4915254237288136
0.49140893470790376
0.4948453608247423
0.49295774647887325
0.49407114624505927
0.4927007299270073
0.49333333333333335
0.49480968858131485
0.49333333333333335
0.49333333333333335
0.49333333333333335
0.49666666666666665
0.49333333333333335
0.49666666666666665
0.49666666666666665
0.49333333333333335
0.49666666666666665
0.49666666666666665
0.49666666666666665
0.49666666666666665
0.5
0.49666666666666665
0.49666666666666665
0.49666666666666665
0.49666666666666665
0.49666666666666665
0.49666666666666665
0.49666666666666665
0.49666666666666665
0.5
0.49666666666666665
0.49666666666666665
0.5
0.5
0.5
0.5
0.49666666666666665
0.5
0.5
0.5
0.5
0.49666666666666665
0.49666666666666665
0.5
0.5
0.5
0.5
0.5
0.5
0.5
0.5
0.5
0.5
0.5
0.5
0.5
0.5
0.5033333333333333
0.5
0.5
0.5
0.5
0.5
0.5
0.5
0.5
0.5
0.5
0.5
0.5
0.5
0.5
0.5
0.5
0.5
0.49666666666666665
0.5
0.5
0.49666666666666665
0.5
0.49666666666666665
0.5
0.5
0.49666666666666665
0.5
0.5
0.5
0.49666666666666665
0.5
0.49666666666666665
0.5
0.5
0.5
0.5
0.5
0.5
0.5
0.5
0.5
0.5
0.5
0.5
0.5
0.5
0.5
0.5
0.5
0.5
0.5
0.5
0.5
0.5
0.5
0.5
0.5033333333333333
0.5
0.5
0.5
0.5
0.5
0.5
0.49666666666666665
0.5033333333333333
0.5
0.5
0.5
0.5
0.5
0.5
0.5
0.5
0.5033333333333333
0.5
0.5
0.49666666666666665
0.5
0.5
0.5033333333333333
0.5
0.5
0.5
0.5
0.5
0.5
0.5
0.5033333333333333
0.5
0.5
0.5
0.5
0.5
0.5033333333333333
0.5
0.5
0.5
0.5
0.5
0.5033333333333333
0.5
0.5033333333333333
0.5033333333333333
0.49666666666666665
0.5
0.5
0.5
0.5033333333333333
0.5033333333333333
0.5
0.5066666666666667
0.5033333333333333
0.5
0.5
0.5033333333333333
0.5
0.5
0.5
0.5
0.5
0.5
0.5
0.5
0.5
0.5033333333333333
0.5
0.5
0.5
0.5
0.5
0.5
0.5033333333333333
0.5
0.5033333333333333
0.5
0.5
0.5
0.49666666666666665
0.5
0.5033333333333333
0.5
0.5
0.5
0.5
0.5
0.5033333333333333
0.5
0.5
0.5033333333333333
0.5
0.5
0.5033333333333333
0.5
0.5
0.5
0.49666666666666665
0.5
0.5
0.5
0.49666666666666665
0.5033333333333333
0.5
0.5033333333333333
0.5
0.5033333333333333
0.5
0.5
0.5
0.5
0.5
0.5
0.5
0.5
0.5
0.5
0.5
0.5
0.49666666666666665
0.5
0.5
0.5
0.5033333333333333
0.5
0.5
0.5
0.5
0.49666666666666665
0.5033333333333333
0.5
0.5
0.5
0.5
0.5
0.5
0.5
0.5
0.5033333333333333
0.5
0.5
0.5
0.5
0.5
0.5
0.5
0.5
0.5
0.5
0.49666666666666665
0.5
0.5
0.5
0.5
0.5
0.5
0.5
0.5
0.5
0.5
0.5
0.5
0.5
0.5
0.5
0.5
0.5
0.5
0.5
0.49666666666666665
0.5
0.5
0.5
0.5
0.5
0.5
0.5
0.5
0.5
0.5
0.5
0.5
0.5
0.5
0.5
0.5
0.5
0.5
0.5
0.5
0.5
0.5
0.5
0.5
0.5
0.5
0.5033333333333333
0.49666666666666665
0.5
0.5
0.5
0.5
0.5
0.5033333333333333
0.5
0.5
0.5
0.5
0.5
0.5
0.5
0.5
0.49666666666666665
0.49666666666666665
0.5
0.5
0.5
0.5
0.5
0.49666666666666665
0.5
0.5
0.5
0.5
0.5
0.5
0.5
0.5
0.5
0.5
0.5
0.5
0.5
0.5
0.5
0.5
0.5033333333333333
0.5
0.5
0.5
0.5
0.5
0.5
0.5
0.5
0.5
0.5033333333333333
0.5
0.5
0.5
0.5
0.5
0.5
0.5
0.49666666666666665
0.5
0.5
0.5
0.5033333333333333
0.5
0.5
0.5
0.5033333333333333
0.5
0.5
0.5033333333333333
0.5
0.5
0.5033333333333333
0.5
0.5
0.5
0.5
0.5033333333333333
0.5
0.5033333333333333
0.5
0.5
0.5033333333333333
0.5
0.5
0.5033333333333333
0.5
0.5
0.5
0.5033333333333333
0.5033333333333333
0.5
0.5033333333333333
0.5
0.5
0.5033333333333333
0.5033333333333333
0.5033333333333333
0.5033333333333333
0.5
0.5033333333333333
0.5033333333333333
0.5033333333333333
0.5033333333333333
0.5033333333333333
0.5
0.5
0.5033333333333333
0.5033333333333333
0.5033333333333333
0.5033333333333333
0.5033333333333333
0.5
0.5033333333333333
0.5033333333333333
0.5
0.5033333333333333
0.5033333333333333
0.5033333333333333
0.5033333333333333
0.5
0.5033333333333333
0.5033333333333333
0.5033333333333333
0.5033333333333333
0.5033333333333333
0.5
0.5033333333333333
0.5
0.5
0.5
0.5
0.5
0.5
0.5
0.5
0.5
0.5
0.5
0.5
0.5
0.5
0.5
0.5
0.5
0.5
0.5
0.5
0.5
0.5
0.5
0.5
0.5033333333333333
0.5
0.5
0.5
0.5
0.5
0.5
0.5
0.5
0.5
0.5
0.5
0.5
0.5
0.5
0.5
0.5
0.5
0.49666666666666665
0.5
0.5033333333333333
0.49666666666666665
0.5
0.5
0.5
0.5
0.5
0.5
0.5
0.5
0.5
0.5
0.5
0.5
0.5
0.5
0.5033333333333333
0.5
0.5
0.5033333333333333
0.5
0.5
0.5
0.5033333333333333
0.5
0.5
0.5
0.5033333333333333
0.5
0.5033333333333333
0.5
0.5033333333333333
0.5033333333333333
0.5033333333333333
0.5033333333333333
0.5033333333333333
0.5
0.5033333333333333
0.5033333333333333
0.5033333333333333
0.5
0.5033333333333333
0.5033333333333333
0.5033333333333333
0.5033333333333333
0.5033333333333333
0.5033333333333333
0.5
0.5033333333333333
0.5033333333333333
0.5033333333333333
0.5033333333333333
0.5033333333333333
0.5033333333333333
0.5066666666666667
0.5033333333333333
0.5
0.5
0.5033333333333333
0.5
0.5033333333333333
0.5033333333333333
0.5
0.5
0.5033333333333333
0.5
0.5
0.5
0.5033333333333333
0.5
0.5033333333333333
0.5033333333333333
0.5033333333333333
0.5
0.5033333333333333
0.5
0.5
0.5033333333333333
0.5033333333333333
0.5
0.5
0.5
0.5
0.5
0.5
0.5
0.5
0.5033333333333333
0.5033333333333333
0.49666666666666665
0.5
0.5033333333333333
0.5
0.5
0.5
0.5
0.5
0.5
0.5
0.5
0.5
0.5
0.5
0.5
0.5
0.5033333333333333
0.5
0.5
0.5
0.5
0.5
0.5033333333333333
0.5
0.5
0.5
0.5
0.5033333333333333
0.5033333333333333
0.5033333333333333
0.5
0.5
0.5
0.5
0.5
0.5033333333333333
0.5
0.5
0.5
0.5
0.5
0.5
0.5
0.5
0.5
0.5
0.5
0.5033333333333333
0.5
0.5
0.5033333333333333
0.5033333333333333
0.5033333333333333
0.5
0.5
0.5
0.5
0.5
0.5
0.5
0.5
0.5
0.5033333333333333
0.5033333333333333
0.5
0.5033333333333333
0.5033333333333333
0.5033333333333333
0.5
0.5033333333333333
0.5
0.5033333333333333
0.5033333333333333
0.5
0.5
0.5033333333333333
0.5
0.5033333333333333
0.5033333333333333
0.5033333333333333
0.5033333333333333
0.5
0.5033333333333333
0.5033333333333333
0.5033333333333333
0.5033333333333333
0.5070921985815603
0.5033333333333333
0.5033333333333333
0.5033333333333333
0.5033783783783784
0.5033333333333333
0.5033333333333333
0.5066666666666667
0.5034965034965035
0.5033333333333333
0.5017064846416383
0.5036231884057971
0.5033333333333333
0.5071428571428571
0.5054945054945055
0.5052264808362369
0.5017421602787456
0.5035714285714286
0.5038167938931297
0.5054945054945055
0.5054945054945055
0.5036764705882353
0.5054545454545455
0.5017182130584192
0.5057471264367817
0.5018315018315018
0.5036231884057971
0.5054945054945055
0.5019455252918288
0.5018450184501845
0.5037037037037037
0.5056603773584906
0.50390625
0.5056179775280899
0.5018450184501845
0.5042372881355932
0.5055762081784386
0.5054945054945055
0.5071942446043165
0.5057471264367817
0.5063829787234042
0.5060728744939271
0.5018315018315018
0.5063291139240507
0.50390625
0.5022222222222222
0.5042372881355932
0.5108225108225108
0.5062240663900415
0.5084745762711864
0.5047619047619047
0.5096153846153846
0.5114155251141552
0.5084033613445378
0.5069767441860465
0.5065502183406113
0.5072463768115942
0.5066666666666667
0.5117370892018779
0.5111111111111111
0.5102880658436214
0.5064935064935064
0.5088495575221239
0.510548523206751
0.5087719298245614
0.5092592592592593
0.5062240663900415
0.5066079295154186
0.5070422535211268
0.5063291139240507
0.5065502183406113
0.5107296137339056
0.5064377682403434
0.5078740157480315
0.5066079295154186
0.5064377682403434
0.5084033613445378
0.5041322314049587
0.5064935064935064
0.5063829787234042
0.5061728395061729
0.5063291139240507
0.5056603773584906
0.5078740157480315
0.5085470085470085
0.510548523206751
0.5060240963855421
0.508130081300813
0.508
0.5058823529411764
0.5107296137339056
0.5089285714285714
0.5104602510460251
0.5087719298245614
0.5061224489795918
0.5081967213114754
0.5079365079365079
0.5061224489795918
0.5096525096525096
0.5068493150684932
0.5085470085470085
0.5096153846153846
0.5112107623318386
0.5104602510460251
0.5086206896551724
0.5041666666666667
0.5087719298245614
0.5056179775280899
0.5071090047393365
0.5113122171945701
0.5062761506276151
0.509090909090909
0.509009009009009
0.5116279069767442
0.5121951219512195
0.5111111111111111
0.5121951219512195
0.5068493150684932
0.509009009009009
0.5102040816326531
0.51
0.5121951219512195
0.5145631067961165
0.5153061224489796
0.5125628140703518
0.5124378109452736
0.5125628140703518
0.5095238095238095
0.5077720207253886
0.5132275132275133
0.515625
0.5089285714285714
0.5073891625615764
0.5069767441860465
0.509090909090909
0.5132275132275133
0.5102040816326531
0.5074626865671642
0.515625
0.5094339622641509
0.507537688442211
0.514018691588785
0.5104166666666666
0.5148514851485149
0.5121951219512195
0.5105263157894737
0.5117370892018779
0.5161290322580645
0.51
0.5121951219512195
0.509009009009009
0.5113122171945701
0.5124378109452736
0.5116279069767442
0.5049019607843137
0.5086206896551724
0.5061728395061729
0.5093457943925234
0.5084745762711864
0.5083333333333333
0.508
0.5080645161290323
0.5077519379844961
0.5057034220532319
0.504
0.5060240963855421
0.5062240663900415
0.5056603773584906
0.5059760956175299
0.508130081300813
0.5078125
0.5084033613445378
0.5070921985815603
0.5041322314049587
0.5084745762711864
0.5040983606557377
0.5103734439834025
0.50390625
0.5061728395061729
0.5060728744939271
0.510548523206751
0.5057034220532319
0.5059288537549407
0.5059288537549407
0.5081967213114754
0.5056603773584906
0.5057034220532319
0.5053763440860215
0.5054545454545455
0.5037878787878788
0.5077519379844961
0.5052631578947369
0.5066666666666667
0.5033333333333333
0.5066666666666667
0.5033333333333333
0.5033333333333333
0.5033333333333333
0.5
0.5
0.5033333333333333
0.5033333333333333
0.5033333333333333
0.5033333333333333
