0.6585365853658537
0.6363636363636364
1.0
0.6153846153846154
0.6666666666666666
0.7647058823529411
0.875
0.5161290322580645
0.38461538461538464
0.8
0.631578947368421
0.6
0.5384615384615384
1.0
0.6428571428571429
0.8461538461538461
0.55
0.45
0.7
0.5740740740740741
0.8181818181818182
0.56
0.5555555555555556
0.56
0.8
0.65
0.6666666666666666
0.6111111111111112
0.5892857142857143
0.6
0.5714285714285714
0.5227272727272727
0.5
0.7142857142857143
0.5714285714285714
0.5
0.6
0.5882352941176471
0.391304347826087
0.5238095238095238
0.45454545454545453
0.5555555555555556
0.5483870967741935
0.5428571428571428
0.4897959183673469
0.5789473684210527
0.5263157894736842
0.5416666666666666
0.46153846153846156
0.4358974358974359
0.5
0.625
0.47619047619047616
0.5384615384615384
0.5131578947368421
0.6666666666666666
0.4722222222222222
0.48148148148148145
0.5238095238095238
0.5
0.5
0.5
0.55
0.53125
0.5263157894736842
0.5
0.5384615384615384
0.5263157894736842
0.5294117647058824
0.48148148148148145
0.5094339622641509
0.5365853658536586
0.45652173913043476
0.49206349206349204
0.4838709677419355
0.5128205128205128
0.5370370370370371
0.4827586206896552
0.5189873417721519
0.5357142857142857
0.5217391304347826
0.5227272727272727
0.5283018867924528
0.543859649122807
0.4444444444444444
0.5555555555555556
0.5192307692307693
0.5116279069767442
0.5137614678899083
0.46511627906976744
0.46875
0.48717948717948717
0.5217391304347826
0.4642857142857143
0.48514851485148514
0.488
0.45454545454545453
0.48717948717948717
0.475
0.48
0.5
0.48936170212765956
0.525
0.4888888888888889
0.4875
0.4666666666666667
0.45454545454545453
0.4791666666666667
0.4883720930232558
0.4375
0.45714285714285713
0.48148148148148145
0.4888888888888889
0.524390243902439
0.4791666666666667
0.45714285714285713
0.4642857142857143
0.48484848484848486
0.5095238095238095
0.5483870967741935
0.525
0.4805194805194805
0.46938775510204084
0.5434782608695652
0.5
0.5245901639344263
0.47572815533980584
0.54
0.48214285714285715
0.4666666666666667
0.47368421052631576
0.5181818181818182
0.5074626865671642
0.5217391304347826
0.5254237288135594
0.5
0.5384615384615384
0.4782608695652174
0.5172413793103449
0.5357142857142857
0.5641025641025641
0.5428571428571428
0.5384615384615384
0.5151515151515151
0.5344827586206896
0.5128205128205128
0.5098039215686274
0.49122807017543857
0.5106382978723404
0.5277777777777778
0.5135135135135135
0.5081967213114754
0.5227272727272727
0.5384615384615384
0.5081967213114754
0.5306122448979592
0.5098039215686274
0.5
0.525
0.5185185185185185
0.5357142857142857
0.5283018867924528
0.5294117647058824
0.5217391304347826
0.5094339622641509
0.5357142857142857
0.5294117647058824
0.5217391304347826
0.5084745762711864
0.5396825396825397
0.5205479452054794
0.5344827586206896
0.5194805194805194
0.5476190476190477
0.5217391304347826
0.5128205128205128
0.5192307692307693
0.512987012987013
0.5
0.5131578947368421
0.5098039215686274
0.5254237288135594
0.5490196078431373
0.5319148936170213
0.5111111111111111
0.5476190476190477
0.55
0.4782608695652174
0.5098039215686274
0.5050505050505051
0.5227272727272727
0.4842105263157895
0.475177304964539
0.5288461538461539
0.4732142857142857
0.4696969696969697
0.4859154929577465
0.5357142857142857
0.5217391304347826
0.4791666666666667
0.47560975609756095
0.4634146341463415
0.46835443037974683
0.45977011494252873
0.47674418604651164
0.47580645161290325
0.5309734513274337
0.47959183673469385
0.5348837209302325
0.4725274725274725
0.46938775510204084
0.5483870967741935
0.47904191616766467
0.47572815533980584
0.46078431372549017
0.5259259259259259
0.45555555555555555
0.4444444444444444
0.5339805825242718
0.46875
0.4574468085106383
0.44871794871794873
0.4574468085106383
0.47058823529411764
0.4639175257731959
0.4811715481171548
0.44
0.4578313253012048
0.4605263157894737
0.4672131147540984
0.4794520547945205
0.4609375
0.4696969696969697
0.47058823529411764
0.478494623655914
0.47715736040609136
0.4647887323943662
0.4482758620689655
0.472636815920398
0.48
0.4583333333333333
0.4647058823529412
0.4682080924855491
0.4496124031007752
0.4803921568627451
0.4573170731707317
0.48502994011976047
0.4777777777777778
0.491869918699187
0.4891304347826087
0.48484848484848486
0.5033333333333333
0.49
0.5110294117647058
0.4863013698630137
0.4942528735632184
0.5
0.4900398406374502
0.5066666666666667
0.52046783625731
0.4955357142857143
0.5308641975308642
0.538860103626943
0.5376884422110553
0.536144578313253
0.5670103092783505
0.5337423312883436
0.5364238410596026
0.5460992907801419
0.5641025641025641
0.5414364640883977
0.5350877192982456
0.5467625899280576
0.5473684210526316
0.5494505494505495
0.5454545454545454
0.5496688741721855
0.559322033898305
0.5537190082644629
0.543859649122807
0.5467625899280576
0.5465116279069767
0.5740740740740741
0.5396825396825397
0.5419354838709678
0.5220125786163522
0.5423728813559322
0.5434782608695652
0.547945205479452
0.5352112676056338
0.5380434782608695
0.5257142857142857
0.5573770491803278
0.48
0.5112359550561798
0.55
0.5257142857142857
0.5344827586206896
0.5198237885462555
0.5303030303030303
0.5609756097560976
0.5609756097560976
0.5517241379310345
0.5681818181818182
0.5675675675675675
0.5449101796407185
0.5567010309278351
0.5588235294117647
0.5454545454545454
0.5492957746478874
0.5428571428571428
0.5625
0.5555555555555556
0.5378151260504201
0.55
0.5566037735849056
0.5625
0.5294117647058824
0.5492957746478874
0.573170731707317
0.5434782608695652
0.5542168674698795
0.5555555555555556
0.5517241379310345
0.5625
0.5494505494505495
0.5402298850574713
0.5405405405405406
0.5492957746478874
0.5679012345679012
0.5645161290322581
0.574468085106383
0.5298507462686567
0.5578947368421052
0.5405405405405406
0.5573770491803278
0.5588235294117647
0.5571428571428572
0.5462962962962963
0.5432098765432098
0.5463917525773195
0.5555555555555556
0.5533980582524272
0.5671641791044776
0.5490196078431373
0.5490196078431373
0.5666666666666667
0.5539568345323741
0.5614035087719298
0.5474452554744526
0.544
0.55
0.5675675675675675
0.5555555555555556
0.5423728813559322
0.546583850931677
0.5528455284552846
0.5436241610738255
0.526595744680851
0.5302013422818792
0.5303867403314917
0.527027027027027
0.5220125786163522
0.5211267605633803
0.5018587360594795
0.5033333333333333
0.49
0.49666666666666665
0.5033333333333333
0.49333333333333335
0.51
0.5066666666666667
0.5033333333333333
0.5033333333333333
0.49666666666666665
0.5
0.49666666666666665
0.49666666666666665
0.5
0.5
0.5033333333333333
0.5033333333333333
0.5033333333333333
0.5066666666666667
0.5066666666666667
0.5033333333333333
0.5036764705882353
0.5133333333333333
0.51
0.51010101010101
0.5165562913907285
0.5182926829268293
0.5157232704402516
0.543859649122807
0.5378151260504201
0.5066666666666667
0.5142857142857142
0.543859649122807
0.5185185185185185
0.5307692307692308
0.5135135135135135
0.5072463768115942
0.5
0.5142857142857142
0.4909090909090909
0.4967741935483871
0.48502994011976047
0.49236641221374045
0.5158730158730159
0.5
0.5267857142857143
0.5315315315315315
0.48484848484848486
0.4846938775510204
0.49606299212598426
0.5149253731343284
0.5210084033613446
0.5116279069767442
0.5034013605442177
0.5161290322580645
0.504
0.5
0.5116279069767442
0.5210084033613446
0.509090909090909
0.5042016806722689
0.5158730158730159
0.5259259259259259
0.5299145299145299
0.5
0.5357142857142857
0.53125
0.5357142857142857
0.5412844036697247
0.5462962962962963
0.5514018691588785
0.5508474576271186
0.5523809523809524
0.5504587155963303
0.5566037735849056
0.5454545454545454
0.5841584158415841
0.5526315789473685
0.5742574257425742
0.5596330275229358
0.5398230088495575
0.5619047619047619
0.5486725663716814
0.5784313725490197
0.5757575757575758
0.5684210526315789
0.5714285714285714
0.5454545454545454
0.5614035087719298
0.5537190082644629
0.5596330275229358
0.5619047619047619
0.5504587155963303
0.5405405405405406
0.5391304347826087
0.5508474576271186
0.5538461538461539
0.543859649122807
0.5384615384615384
0.5271317829457365
0.5294117647058824
0.5317460317460317
0.52
0.5185185185185185
0.5229357798165137
0.5036496350364964
0.5289855072463768
0.5230769230769231
0.5172413793103449
0.5294117647058824
0.5206611570247934
0.5080645161290323
0.5233644859813084
0.5073529411764706
0.5210084033613446
0.52
0.5211267605633803
0.5289256198347108
0.532258064516129
0.5238095238095238
0.5272727272727272
0.5132743362831859
0.5309734513274337
0.515625
0.5181818181818182
0.5175438596491229
0.49635036496350365
0.4816753926701571
0.5208333333333334
0.5238095238095238
0.5420560747663551
0.5043478260869565
0.5083333333333333
0.5037037037037037
0.4895833333333333
0.5263157894736842
0.53125
0.5360824742268041
0.5157894736842106
0.5368421052631579
0.504424778761062
0.550561797752809
0.5185185185185185
0.5137614678899083
0.5238095238095238
0.483695652173913
0.5327102803738317
0.5257731958762887
0.5135135135135135
0.5360824742268041
0.5284552845528455
0.5272727272727272
0.5510204081632653
0.5428571428571428
0.543859649122807
0.5420560747663551
0.5333333333333333
0.5681818181818182
0.5412844036697247
0.5158730158730159
0.5363636363636364
0.5641025641025641
0.5675675675675675
0.5555555555555556
0.5625
0.5344827586206896
0.575
0.5609756097560976
0.5227272727272727
0.5428571428571428
0.5333333333333333
0.5445544554455446
0.5392156862745098
0.5321100917431193
0.5357142857142857
0.5405405405405406
0.5436893203883495
0.5428571428571428
0.5391304347826087
0.5486725663716814
0.5670103092783505
0.5454545454545454
0.5405405405405406
0.5643564356435643
0.55
0.5567010309278351
0.5609756097560976
0.5357142857142857
0.5486725663716814
0.5670103092783505
0.5567010309278351
0.5495495495495496
0.5638297872340425
0.5555555555555556
0.5391304347826087
0.5142857142857142
0.5670103092783505
0.5338983050847458
0.5607476635514018
0.5576923076923077
0.57
0.5384615384615384
0.5555555555555556
0.5350877192982456
0.5514018691588785
0.5428571428571428
0.5545454545454546
0.5566037735849056
0.5405405405405406
0.5363636363636364
0.5391304347826087
0.5490196078431373
0.528
0.5510204081632653
0.5321100917431193
0.5567010309278351
0.515625
0.5377358490566038
0.5217391304347826
0.5471698113207547
0.543859649122807
0.515625
0.5363636363636364
0.5175438596491229
0.5210084033613446
0.54
0.5333333333333333
0.5213675213675214
0.5163934426229508
0.5203252032520326
0.5315315315315315
0.5221238938053098
0.5526315789473685
0.5476190476190477
0.5267857142857143
0.5757575757575758
0.52
0.5420560747663551
0.53
0.5483870967741935
0.5454545454545454
0.5423728813559322
0.5233644859813084
0.5103448275862069
0.5076923076923077
0.5277777777777778
0.5128205128205128
0.5040650406504065
0.5241935483870968
0.525
0.5186915887850467
0.5294117647058824
0.5125628140703518
0.5517241379310345
0.5119617224880383
0.5180180180180181
0.5163043478260869
0.5145631067961165
0.5133928571428571
0.5088495575221239
0.5225225225225225
0.5221238938053098
0.5213675213675214
0.5257731958762887
0.5147679324894515
0.5368421052631579
0.5145228215767634
0.5172413793103449
0.5277777777777778
0.5346534653465347
0.5178571428571429
0.5055350553505535
0.5116279069767442
0.5210084033613446
0.5283018867924528
0.5137614678899083
0.5172413793103449
0.5294117647058824
0.49206349206349204
0.5132743362831859
0.5229357798165137
0.5357142857142857
0.5161290322580645
0.4982456140350877
0.5087719298245614
0.5024630541871922
0.5092936802973977
0.5196078431372549
0.5
0.5045045045045045
0.4971751412429379
0.49333333333333335
0.5185185185185185
0.49666666666666665
0.5111111111111111
0.49333333333333335
0.5135135135135135
0.5033333333333333
0.5033333333333333
0.511520737327189
0.5023923444976076
0.5066666666666667
0.4927536231884058
0.51010101010101
0.51
0.4980392156862745
0.5161290322580645
0.49609375
0.5133333333333333
0.5
0.5
0.5033333333333333
0.5066666666666667
0.51
0.51
0.49823321554770317
0.5066666666666667
0.5033333333333333
0.5066666666666667
0.5018050541516246
0.5119617224880383
0.5
0.5135135135135135
0.510752688172043
0.5333333333333333
0.5088757396449705
0.5096774193548387
0.5111111111111111
0.5102040816326531
0.5121951219512195
0.5210084033613446
0.5172413793103449
0.5238095238095238
0.5483870967741935
0.5277777777777778
0.5315315315315315
0.5806451612903226
0.5588235294117647
0.5555555555555556
0.5454545454545454
0.5408163265306123
0.5471698113207547
0.5517241379310345
0.5476190476190477
0.5321100917431193
0.5384615384615384
0.5294117647058824
0.5581395348837209
0.55
0.5436893203883495
0.5714285714285714
0.5384615384615384
0.5757575757575758
0.56
0.5483870967741935
0.5471698113207547
0.5757575757575758
0.5363636363636364
0.5454545454545454
0.5555555555555556
0.5412844036697247
0.5533980582524272
0.5408163265306123
0.5333333333333333
0.5420560747663551
0.5344827586206896
0.5544554455445545
0.5428571428571428
0.5289256198347108
0.5398230088495575
0.5234375
0.5350877192982456
0.528
0.5517241379310345
0.5220588235294118
0.5238095238095238
0.528
0.5234899328859061
0.5227272727272727
0.524822695035461
0.5238095238095238
0.5211267605633803
0.5285714285714286
0.524390243902439
0.5214285714285715
0.5273972602739726
0.5234899328859061
0.5238095238095238
0.528169014084507
0.52046783625731
0.5189873417721519
0.5222929936305732
0.5227272727272727
0.5163043478260869
0.52046783625731
0.5229885057471264
0.5224719101123596
0.52
0.5126582278481012
0.5222222222222223
0.5161290322580645
0.5174418604651163
0.5136612021857924
0.5082872928176796
0.5132275132275133
0.5217391304347826
0.5170454545454546
0.5208333333333334
0.5222222222222223
0.5168539325842697
0.5212765957446809
0.5212765957446809
0.5121951219512195
0.5202312138728323
0.5195530726256983
0.5161290322580645
0.5125628140703518
0.5161290322580645
0.5187165775401069
0.5164835164835165
0.521505376344086
0.52
0.5168539325842697
0.5126903553299492
0.5157894736842106
0.5147058823529411
0.5161290322580645
0.5162790697674419
0.5112107623318386
0.5121951219512195
0.5118483412322274
0.5176991150442478
0.5113122171945701
0.5162790697674419
0.5198019801980198
0.5167464114832536
0.5093457943925234
0.51440329218107
0.5096153846153846
0.5142857142857142
0.5141700404858299
0.509009009009009
0.5132743362831859
0.5098814229249012
0.5089285714285714
0.5103448275862069
0.5092592592592593
0.5098039215686274
0.5074626865671642
0.5131578947368421
0.5126050420168067
0.5077519379844961
0.5076335877862596
0.5119047619047619
0.51
0.512
0.5085324232081911
0.5066666666666667
0.5066666666666667
0.5066666666666667
0.5066666666666667
0.5066666666666667
0.5066666666666667
0.5033333333333333
0.5
0.5033333333333333
0.5033333333333333
0.5033333333333333
0.5
0.5
0.5033333333333333
0.5
0.5033333333333333
0.5
0.5
0.5
0.5
0.5
0.5
0.5
0.49666666666666665
0.5
0.5
0.5033333333333333
0.49666666666666665
0.5033333333333333
0.5
0.5033333333333333
0.5033333333333333
0.5033333333333333
0.5066666666666667
0.5066666666666667
0.5033333333333333
0.51
0.5066666666666667
0.5017921146953405
0.5066666666666667
0.5066666666666667
0.5066666666666667
0.5033333333333333
0.5066666666666667
0.5
0.5033333333333333
0.5033333333333333
0.5066666666666667
0.5066666666666667
0.5033333333333333
0.5033333333333333
0.5033333333333333
0.5
0.5
0.5
0.5033333333333333
0.5
0.5
0.5033333333333333
0.5066666666666667
0.5
0.5
0.5
0.5
0.5033333333333333
0.5033333333333333
0.5033333333333333
0.49666666666666665
0.5016835016835017
0.5
0.5066666666666667
0.5033333333333333
0.5033333333333333
0.5
0.5033333333333333
0.5033333333333333
0.5033333333333333
0.5
0.5033333333333333
0.5033333333333333
0.51
0.5
0.49666666666666665
0.5
0.5033333333333333
0.5033333333333333
0.5033333333333333
0.51
0.5033333333333333
0.5066666666666667
0.5033333333333333
0.5066666666666667
0.5033333333333333
0.5066666666666667
0.5033333333333333
0.5066666666666667
0.5066666666666667
0.5033333333333333
0.5
0.5
0.49666666666666665
0.5066666666666667
0.5066666666666667
0.5033333333333333
0.5033333333333333
0.5066666666666667
0.5
0.5033333333333333
0.5
0.5
0.5033333333333333
0.5
0.49666666666666665
0.49666666666666665
0.5
0.5
0.5033333333333333
0.49666666666666665
0.49666666666666665
0.5
0.5033333333333333
0.49333333333333335
0.5
0.5033333333333333
0.5
0.5
0.5
0.49666666666666665
0.5
0.5033333333333333
0.5
0.49666666666666665
0.49666666666666665
0.5033333333333333
0.5033333333333333
0.49333333333333335
0.5066666666666667
0.5
0.5033333333333333
0.5033333333333333
0.5033333333333333
0.5066666666666667
0.5033333333333333
0.49666666666666665
0.5
0.49666666666666665
0.5
0.49
0.5
0.49666666666666665
0.49666666666666665
0.49032258064516127
0.49666666666666665
0.49
0.49333333333333335
0.50199203187251
0.49
0.5096525096525096
0.49
0.49666666666666665
0.5076923076923077
0.5233644859813084
0.5042016806722689
0.4891304347826087
0.49666666666666665
0.49242424242424243
0.49732620320855614
0.5016722408026756
0.489010989010989
0.4950980392156863
0.5080645161290323
0.525
0.49
0.4919786096256685
0.484375
0.5066666666666667
0.5084175084175084
0.5
