0.3333333333333333
0.6923076923076923
0.3125
0.25
0.5909090909090909
0.4444444444444444
0.26666666666666666
0.1111111111111111
0.6521739130434783
0.44
0.34615384615384615
0.26666666666666666
0.4
0.45161290322580644
0.6470588235294118
0.5333333333333333
0.6363636363636364
0.42857142857142855
0.3333333333333333
0.4666666666666667
0.5
0.5555555555555556
0.49382716049382713
0.45454545454545453
0.4117647058823529
0.42105263157894735
0.75
0.4864864864864865
0.4444444444444444
0.4772727272727273
0.4666666666666667
0.38461538461538464
0.4642857142857143
0.6111111111111112
0.2
0.5121951219512195
0.5454545454545454
0.5
0.5454545454545454
0.45454545454545453
0.4666666666666667
0.475
0.2857142857142857
0.5
0.7
0.44
0.39344262295081966
0.42857142857142855
0.5217391304347826
0.4
0.4166666666666667
0.574468085106383
0.46153846153846156
0.43478260869565216
0.47619047619047616
0.5531914893617021
0.5
0.5172413793103449
0.47619047619047616
0.5142857142857142
0.5333333333333333
0.40625
0.43103448275862066
0.4642857142857143
0.48484848484848486
0.5227272727272727
0.5238095238095238
0.4838709677419355
0.48
0.47619047619047616
0.5294117647058824
0.4807692307692308
0.4878048780487805
0.45161290322580644
0.5
0.5
0.5217391304347826
0.5454545454545454
0.5357142857142857
0.5
0.46153846153846156
0.5
0.625
0.5151515151515151
0.5
0.4897959183673469
0.46938775510204084
0.48299319727891155
0.5158730158730159
0.4716981132075472
0.47752808988764045
0.47368421052631576
0.44966442953020136
0.46226415094339623
0.5
0.4423076923076923
0.4845814977973568
0.46808510638297873
0.4609375
0.5
0.4794520547945205
0.5421686746987951
0.49230769230769234
0.49666666666666665
0.5233644859813084
0.4878048780487805
0.49
0.5066666666666667
0.5033333333333333
0.51
0.5433070866141733
0.5142857142857142
0.502127659574468
0.515625
0.5431034482758621
0.5072463768115942
0.5
0.524822695035461
0.5396825396825397
0.5033333333333333
0.5255102040816326
0.5036764705882353
0.5163636363636364
0.51
0.5124555160142349
0.5053763440860215
0.51
0.5
0.5033333333333333
0.49666666666666665
0.49666666666666665
0.5066666666666667
0.5
0.5033333333333333
0.5
0.5
0.49
0.5
0.49333333333333335
0.49333333333333335
0.49333333333333335
0.4957627118644068
0.4927007299270073
0.4842105263157895
0.516245487364621
0.49282296650717705
0.4628099173553719
0.4460431654676259
0.4782608695652174
0.484375
0.47761194029850745
0.5084033613445378
0.4720496894409938
0.4827586206896552
0.44339622641509435
0.47104247104247104
0.45925925925925926
0.4601226993865031
0.49222797927461137
0.5225806451612903
0.49411764705882355
0.4785714285714286
0.5227272727272727
0.47685185185185186
0.46408839779005523
0.475177304964539
0.49666666666666665
0.541095890410959
0.49
0.46798029556650245
0.45390070921985815
0.4870689655172414
0.5058139534883721
0.49473684210526314
0.4785714285714286
0.48066298342541436
0.51
0.48132780082987553
0.45962732919254656
0.502127659574468
0.47783251231527096
0.45454545454545453
0.5076923076923077
0.5111111111111111
0.4444444444444444
0.49
0.5022421524663677
0.4965753424657534
0.4666666666666667
0.48026315789473684
0.49572649572649574
0.5180722891566265
0.4896907216494845
0.49261083743842365
0.4891304347826087
0.45901639344262296
0.44776119402985076
0.4826254826254826
0.49
0.515358361774744
0.48
0.5
0.47540983606557374
0.5446428571428571
0.5133333333333333
0.49146757679180886
0.5033333333333333
0.5033333333333333
0.4945054945054945
0.5
0.48878923766816146
0.49333333333333335
0.47674418604651164
0.49666666666666665
0.4878048780487805
0.4864864864864865
0.5033333333333333
0.49666666666666665
0.4863013698630137
0.49333333333333335
0.49624060150375937
0.484375
0.49528301886792453
0.5120967741935484
0.5033333333333333
0.5066666666666667
0.5033333333333333
0.5
0.51
0.5
0.5129151291512916
0.5066666666666667
0.5109489051094891
0.48828125
0.5073891625615764
0.51
0.5174418604651163
0.51
0.5172413793103449
0.5138121546961326
0.5
0.5033333333333333
0.5066666666666667
0.5066666666666667
0.5033333333333333
0.49666666666666665
0.49666666666666665
0.49666666666666665
0.5033333333333333
0.5033333333333333
0.5
0.5
0.49666666666666665
0.5066666666666667
0.5
0.49666666666666665
0.5033333333333333
0.49666666666666665
0.51
0.5
0.49666666666666665
0.5033333333333333
0.5
0.49491525423728816
0.5033333333333333
0.5
0.51
0.49
0.49666666666666665
0.5033333333333333
0.49333333333333335
0.49333333333333335
0.5069124423963134
0.49572649572649574
0.5066666666666667
0.508833922261484
0.5066666666666667
0.4895833333333333
0.5037037037037037
0.5080645161290323
0.5137254901960784
0.49333333333333335
0.49606299212598426
0.49
0.51
0.5096153846153846
0.49666666666666665
0.5155038759689923
0.49666666666666665
0.5016722408026756
0.5033333333333333
0.49333333333333335
0.49
0.49333333333333335
0.4968152866242038
0.49333333333333335
0.49666666666666665
0.5131086142322098
0.5033333333333333
0.49
0.49666666666666665
0.49666666666666665
0.5133333333333333
0.49
0.5055350553505535
0.4963768115942029
0.4883720930232558
0.4866666666666667
0.5
0.49666666666666665
0.51
0.49333333333333335
0.5283018867924528
0.5033333333333333
0.5182926829268293
0.5066666666666667
0.49666666666666665
0.5135135135135135
0.5212765957446809
0.539568345323741
0.5112781954887218
0.5238095238095238
0.5207100591715976
0.5220125786163522
0.5338345864661654
0.5379310344827586
0.524390243902439
0.536
0.544
0.526829268292683
0.5301204819277109
0.553030303030303
0.5365853658536586
0.5483870967741935
0.5328947368421053
0.5341614906832298
0.5359477124183006
0.5454545454545454
0.5609756097560976
0.5740740740740741
0.5470588235294118
0.5263157894736842
0.5341614906832298
0.5619834710743802
0.5537190082644629
0.5279187817258884
0.5615384615384615
0.5603448275862069
0.5426829268292683
0.5507246376811594
0.5374149659863946
0.5625
0.5486111111111112
0.5285714285714286
0.5486111111111112
0.5320197044334976
0.5396825396825397
0.5364238410596026
0.5324675324675324
0.532051282051282
0.5396039603960396
0.5299145299145299
0.5342465753424658
0.5222222222222223
0.5321637426900585
0.5348837209302325
0.5225225225225225
0.5364238410596026
0.5306122448979592
0.5202952029520295
0.5379746835443038
0.5314685314685315
0.5318181818181819
0.553030303030303
0.5271317829457365
0.5304878048780488
0.5185185185185185
0.5133333333333333
0.5274725274725275
0.52
0.5323741007194245
0.5208333333333334
0.5198019801980198
0.49038461538461536
0.5401459854014599
0.51931330472103
0.5277777777777778
0.5186915887850467
0.5177865612648221
0.5202020202020202
0.47924528301886793
0.4870848708487085
0.4895397489539749
0.521978021978022
0.4925373134328358
0.49666666666666665
0.4870848708487085
0.49
0.4845814977973568
0.4835164835164835
0.4863636363636364
0.4861878453038674
0.48826291079812206
0.5066666666666667
0.481981981981982
0.4892086330935252
0.4879032258064516
0.4897959183673469
0.49056603773584906
0.46875
0.48698884758364314
0.48514851485148514
0.49333333333333335
0.48255813953488375
0.4955357142857143
0.49666666666666665
0.49
0.4797979797979798
0.49333333333333335
0.49666666666666665
0.48905109489051096
0.49333333333333335
0.49
0.49666666666666665
0.49666666666666665
0.5
0.5033333333333333
0.49666666666666665
0.49666666666666665
0.5
0.5
0.49
0.5
0.49666666666666665
0.49333333333333335
0.49333333333333335
0.5
0.5
0.49333333333333335
0.5
0.49666666666666665
0.5066666666666667
0.5
0.49666666666666665
0.5033333333333333
0.49333333333333335
0.49666666666666665
0.5
0.5066666666666667
0.49333333333333335
0.5
0.49333333333333335
0.49333333333333335
0.5
0.51
0.5066666666666667
0.49333333333333335
0.5033333333333333
0.5033333333333333
0.5066666666666667
0.49
0.5033333333333333
0.5
0.4866666666666667
0.49
0.5066666666666667
0.49333333333333335
0.49
0.5141509433962265
0.5
0.49333333333333335
0.51
0.5033333333333333
0.5096525096525096
0.5033333333333333
0.49333333333333335
0.5062761506276151
0.5
0.5
0.49333333333333335
0.49
0.49333333333333335
0.504
0.5066666666666667
0.49666666666666665
0.5
0.5
0.5066666666666667
0.5
0.4866666666666667
0.5033333333333333
0.5
0.5033333333333333
0.5066666666666667
0.5033333333333333
0.5133333333333333
0.5
0.5066666666666667
0.5033333333333333
0.5
0.5
0.5046728971962616
0.49666666666666665
0.5133333333333333
0.5033333333333333
0.5128205128205128
0.5
0.5100671140939598
0.49666666666666665
0.5033333333333333
0.49333333333333335
0.5
0.5066666666666667
0.5
0.5033333333333333
0.49783549783549785
0.5
0.5
0.49666666666666665
0.5033333333333333
0.5057915057915058
0.5019607843137255
0.5033333333333333
0.5
0.49
0.5066666666666667
0.5033333333333333
0.5073529411764706
0.5033333333333333
0.5066666666666667
0.49666666666666665
0.4925925925925926
0.5
0.5
0.5067264573991032
0.49666666666666665
0.49666666666666665
0.5066666666666667
0.49
0.5033333333333333
0.5
0.5033333333333333
0.51
0.5033333333333333
0.5033333333333333
0.5033333333333333
0.5033333333333333
0.5066666666666667
0.49666666666666665
0.5
0.49666666666666665
0.51
0.49666666666666665
0.5033333333333333
0.5
0.49333333333333335
0.5
0.49666666666666665
0.5
0.49666666666666665
0.5
0.49666666666666665
0.5066666666666667
0.5033333333333333
0.49666666666666665
0.49666666666666665
0.5
0.49666666666666665
0.5033333333333333
0.49261083743842365
0.49333333333333335
0.5057034220532319
0.5
0.49666666666666665
0.49666666666666665
0.5066666666666667
0.49666666666666665
0.49666666666666665
0.5050167224080268
0.49666666666666665
0.49666666666666665
0.49333333333333335
0.5033333333333333
0.49666666666666665
0.4977578475336323
0.49666666666666665
0.49666666666666665
0.5033333333333333
0.49333333333333335
0.49666666666666665
0.49
0.49333333333333335
0.49666666666666665
0.49666666666666665
0.49333333333333335
0.5
0.5
0.5
0.49666666666666665
0.5
0.5033333333333333
0.5
0.5
0.5
0.5
0.5
0.5066666666666667
0.5033333333333333
0.5
0.5
0.5033333333333333
0.5
0.5033333333333333
0.5
0.5033333333333333
0.5
0.49666666666666665
0.49666666666666665
0.5066666666666667
0.5
0.5066666666666667
0.5
0.5033333333333333
0.5
0.5033333333333333
0.5
0.5033333333333333
0.5033333333333333
0.49666666666666665
0.5
0.5
0.5
0.5
0.5
0.5
0.5
0.49666666666666665
0.5033333333333333
0.5
0.5033333333333333
0.5
0.5
0.5
0.5
0.5066666666666667
0.5
0.5
0.49666666666666665
0.49666666666666665
0.5
0.5033333333333333
0.5033333333333333
0.5066666666666667
0.5
0.5033333333333333
0.5
0.5033333333333333
0.5
0.5
0.5
0.5033333333333333
0.5
0.5033333333333333
0.5
0.49666666666666665
0.5033333333333333
0.5033333333333333
0.49666666666666665
0.49666666666666665
0.5
0.5
0.5033333333333333
0.49666666666666665
0.5
0.49666666666666665
0.5033333333333333
0.5033333333333333
0.5033333333333333
0.5
0.5
0.5
0.5
0.49666666666666665
0.5
0.5
0.5033333333333333
0.5
0.5033333333333333
0.49666666666666665
0.5
0.5033333333333333
0.5
0.5033333333333333
0.49666666666666665
0.5
0.5
0.5033333333333333
0.5033333333333333
0.5
0.5
0.5033333333333333
0.5033333333333333
0.5033333333333333
0.5
0.5033333333333333
0.5
0.49666666666666665
0.5
0.5
0.5033333333333333
0.5
0.5
0.5
0.5
0.5
0.5
0.5
0.5
0.5033333333333333
0.5033333333333333
0.5033333333333333
0.5
0.5
0.5033333333333333
0.5033333333333333
0.5033333333333333
0.49666666666666665
0.5033333333333333
0.5033333333333333
0.49666666666666665
0.5033333333333333
0.5066666666666667
0.5
0.5033333333333333
0.5033333333333333
0.5
0.5066666666666667
0.5033333333333333
0.5
0.5
0.5066666666666667
0.5
0.5033333333333333
0.5033333333333333
0.5
0.5
0.5
0.5033333333333333
0.5033333333333333
0.5
0.5033333333333333
0.5
0.5
0.5
0.5
0.5
0.5
0.5
0.5
0.49666666666666665
0.5033333333333333
0.5066666666666667
0.5066666666666667
0.5
0.5
0.5
0.5
0.5033333333333333
0.5033333333333333
0.5
0.5
0.49666666666666665
0.5033333333333333
0.5066666666666667
0.5066666666666667
0.5066666666666667
0.5
0.5
0.5
0.5
0.5033333333333333
0.5033333333333333
0.5
0.5033333333333333
0.5033333333333333
0.5066666666666667
0.5033333333333333
0.5077720207253886
0.42857142857142855
0.5
0.5077720207253886
0.5176470588235295
0.489010989010989
0.5
0.5130434782608696
0.48333333333333334
0.475
0.5
0.4963768115942029
0.5
0.5084033613445378
0.5
0.4861111111111111
0.5
0.49666666666666665
0.5
0.49666666666666665
0.5
0.49666666666666665
0.5066666666666667
0.510752688172043
0.5033333333333333
0.5066666666666667
0.49666666666666665
0.5
0.49666666666666665
0.5063291139240507
0.5033333333333333
0.49333333333333335
0.5033333333333333
0.5
0.5
0.5
0.5
0.5
0.5
0.5033333333333333
0.5033333333333333
0.5
0.5
0.5033333333333333
0.49333333333333335
0.49666666666666665
0.5033333333333333
0.5
0.5033333333333333
0.5
0.5066666666666667
0.5033333333333333
0.49333333333333335
0.5
0.5033333333333333
0.5
0.5
0.5033333333333333
0.5
0.5
0.5
0.5033333333333333
0.5
0.5033333333333333
0.5
0.5
0.5
0.5033333333333333
0.5
0.5033333333333333
0.49666666666666665
0.5
0.49666666666666665
0.49666666666666665
0.49666666666666665
0.5
0.5
0.5
0.5
0.5
0.49666666666666665
0.49666666666666665
0.5
0.5
0.49666666666666665
0.5
0.49666666666666665
0.5
0.5
0.49666666666666665
0.49666666666666665
0.5033333333333333
0.5033333333333333
0.5033333333333333
0.5
0.5
0.5
0.5
0.49666666666666665
0.5
0.49666666666666665
0.49333333333333335
0.5
0.49
0.5
0.5
0.5
0.49333333333333335
0.49666666666666665
0.49666666666666665
0.49666666666666665
0.49666666666666665
0.49666666666666665
0.49666666666666665
0.49666666666666665
0.5
0.49333333333333335
0.49333333333333335
0.49
0.4931972789115646
0.49666666666666665
0.49333333333333335
0.4965986394557823
0.49666666666666665
0.49333333333333335
0.49333333333333335
0.49666666666666665
0.49666666666666665
0.49666666666666665
0.49333333333333335
0.49666666666666665
0.49333333333333335
0.49666666666666665
0.49666666666666665
0.49333333333333335
0.49333333333333335
0.5
0.49666666666666665
0.49666666666666665
0.49666666666666665
0.49666666666666665
0.5
0.49666666666666665
0.49666666666666665
0.49666666666666665
0.49333333333333335
0.49666666666666665
0.49333333333333335
0.5
0.5
0.5
0.49666666666666665
0.5
0.5
0.49666666666666665
0.5
0.5
0.5
0.5
0.5
0.49666666666666665
0.5
0.5
0.5033333333333333
0.5
0.5
0.49666666666666665
0.49666666666666665
0.5
0.5
0.5
0.5
0.49666666666666665
0.5
0.49666666666666665
0.5033333333333333
0.5
0.49666666666666665
0.5
0.49666666666666665
0.5
0.49666666666666665
0.49666666666666665
0.49666666666666665
0.5
0.5
0.5033333333333333
0.5
0.5
0.49666666666666665
0.49666666666666665
0.49666666666666665
0.5033333333333333
0.49333333333333335
0.5
0.49666666666666665
0.49333333333333335
0.5
0.5
0.5
0.5
0.5
0.5
0.49666666666666665
0.5
0.49666666666666665
0.49666666666666665
0.49333333333333335
0.49666666666666665
0.5
0.496551724137931
0.5
0.49429657794676807
