0.5
0.5
0.5033333333333333
0.5
0.5
0.5
0.5
0.49333333333333335
0.5
0.5
0.49666666666666665
0.5
0.5
0.5
0.49666666666666665
0.5
0.5
0.5033333333333333
0.5
0.5033333333333333
0.5
0.5033333333333333
0.5
0.5
0.49666666666666665
0.5
0.5
0.5
0.5
0.5
0.49666666666666665
0.5
0.49666666666666665
0.5
0.5
0.5
0.5
0.5
0.5
0.5
0.5
0.49666666666666665
0.5
0.5
0.5
0.5
0.5033333333333333
0.5
0.5033333333333333
0.5033333333333333
0.5
0.5
0.5
0.5
0.5
0.5
0.5
0.5
0.5
0.5
0.5
0.5
0.5
0.5
0.5
0.5033333333333333
0.5
0.5
0.5
0.49666666666666665
0.5
0.5
0.49666666666666665
0.5
0.5
0.5
0.5
0.5
0.5
0.5
0.5033333333333333
0.5
0.5033333333333333
0.5
0.5
0.5
0.5
0.5
0.49666666666666665
0.5033333333333333
0.5
0.5
0.5
0.5
0.5
0.5
0.5
0.5
0.49666666666666665
0.5
0.5
0.5
0.5
0.5
0.5033333333333333
0.5
0.49666666666666665
0.5
0.5
0.5033333333333333
0.5
0.49666666666666665
0.49666666666666665
0.5
0.49666666666666665
0.5033333333333333
0.5
0.49666666666666665
0.5
0.5
0.5
0.5
0.5
0.49666666666666665
0.49666666666666665
0.49666666666666665
0.5
0.5
0.5033333333333333
0.5
0.5
0.49666666666666665
0.5
0.49666666666666665
0.5033333333333333
0.5
0.5033333333333333
0.5
0.5
0.5
0.5
0.49666666666666665
0.5
0.5
0.5
0.5033333333333333
0.5
0.5
0.49666666666666665
0.5
0.49666666666666665
0.5
0.49666666666666665
0.5
0.5
0.5
0.49666666666666665
0.5
0.5
0.5
0.5
0.5033333333333333
0.5
0.5
0.5
0.5
0.5
0.5
0.5
0.5033333333333333
0.5
0.5
0.5
0.5
0.5
0.5033333333333333
0.5
0.49666666666666665
0.49666666666666665
0.5
0.5033333333333333
0.5
0.5
0.5
0.5
0.5
0.5
0.5
0.5
0.5
0.5
0.5
0.5
0.5
0.5
0.49666666666666665
0.5
0.5
0.5
0.5
0.5
0.5
0.5
0.5
0.5
0.5
0.49666666666666665
0.5033333333333333
0.5
0.5033333333333333
0.5033333333333333
0.5
0.5
0.5
0.5
0.5033333333333333
0.5033333333333333
0.5033333333333333
0.5
0.5
0.5
0.5
0.5
0.5
0.49666666666666665
0.5033333333333333
0.5
0.5
0.49666666666666665
0.49666666666666665
0.5
0.5
0.5
0.5
0.5033333333333333
0.5033333333333333
0.5
0.5
0.5
0.5
0.49666666666666665
0.49666666666666665
0.5033333333333333
0.5033333333333333
0.5
0.5
0.5
0.5033333333333333
0.5
0.5033333333333333
0.5066666666666667
0.5
0.5033333333333333
0.5033333333333333
0.5033333333333333
0.5
0.5033333333333333
0.5
0.5
0.5033333333333333
0.5
0.5033333333333333
0.5033333333333333
0.5033333333333333
0.5033333333333333
0.5
0.5
0.5033333333333333
0.5033333333333333
0.5
0.5
0.5
0.5
0.5
0.5033333333333333
0.5
0.5
0.5
0.5
0.49666666666666665
0.5
0.5033333333333333
0.5
0.49666666666666665
0.5
0.5033333333333333
0.5033333333333333
0.5
0.5
0.49666666666666665
0.5
0.5
0.5
0.5
0.5
0.49666666666666665
0.5
0.5
0.5
0.5
0.5
0.49666666666666665
0.5
0.5
0.5
0.5
0.4946236559139785
0.49557522123893805
0.49361702127659574
0.49246231155778897
0.4945054945054945
0.4930555555555556
0.49019607843137253
0.49032258064516127
0.49044585987261147
0.4878048780487805
0.4935897435897436
0.48344370860927155
0.4906832298136646
0.4852941176470588
0.4782608695652174
0.49242424242424243
0.47794117647058826
0.47244094488188976
0.4806201550387597
0.47761194029850745
0.47692307692307695
0.47580645161290325
0.47794117647058826
0.47244094488188976
0.48226950354609927
0.48175182481751827
0.47619047619047616
0.472
0.472
0.46825396825396826
0.47580645161290325
0.4785714285714286
0.47761194029850745
0.4715447154471545
0.48148148148148145
0.47692307692307695
0.4772727272727273
0.48175182481751827
0.4772727272727273
0.4806201550387597
0.4745762711864407
0.4864864864864865
0.472
0.48120300751879697
0.48120300751879697
0.4791666666666667
0.48226950354609927
0.48299319727891155
0.48201438848920863
0.48120300751879697
0.4827586206896552
0.47619047619047616
0.4861111111111111
0.48
0.48322147651006714
0.4899328859060403
0.48905109489051096
0.4794520547945205
0.4855072463768116
0.4899328859060403
0.48299319727891155
0.49056603773584906
0.4864864864864865
0.48344370860927155
0.4861111111111111
0.48717948717948717
0.4868421052631579
0.4825174825174825
0.48
0.4868421052631579
0.487012987012987
0.4866666666666667
0.48201438848920863
0.4772727272727273
0.48175182481751827
0.48148148148148145
0.48507462686567165
0.4791666666666667
0.48175182481751827
0.4806201550387597
0.4788732394366197
0.4785714285714286
0.4846153846153846
0.472
0.47692307692307695
0.4701492537313433
0.4732824427480916
0.47619047619047616
0.4785714285714286
0.47794117647058826
0.4732824427480916
0.4772727272727273
0.4728682170542636
0.47619047619047616
0.48091603053435117
0.46923076923076923
0.47540983606557374
0.4728682170542636
0.47368421052631576
0.4806201550387597
0.46875
0.4728682170542636
0.47107438016528924
0.4744525547445255
0.4748201438848921
0.47761194029850745
0.46923076923076923
0.475
0.48299319727891155
0.4796747967479675
0.4740740740740741
0.4772727272727273
0.4785714285714286
0.47586206896551725
0.4782608695652174
0.4782608695652174
0.47692307692307695
0.4806201550387597
0.4772727272727273
0.4782608695652174
0.4788732394366197
0.4732824427480916
0.4785714285714286
0.4748201438848921
0.48175182481751827
0.4768211920529801
0.48226950354609927
0.4825174825174825
0.4782608695652174
0.4748201438848921
0.4782608695652174
0.4772727272727273
0.47540983606557374
0.48148148148148145
0.4791666666666667
0.4782608695652174
0.4740740740740741
0.46923076923076923
0.47368421052631576
0.46825396825396826
0.47368421052631576
0.4782608695652174
0.4748201438848921
0.4661016949152542
0.4765625
0.46825396825396826
0.47244094488188976
0.46825396825396826
0.4748201438848921
0.47244094488188976
0.47107438016528924
0.4744525547445255
0.4728682170542636
0.47580645161290325
0.4732824427480916
0.46551724137931033
0.4696969696969697
0.4728682170542636
0.4732824427480916
0.4732824427480916
0.46774193548387094
0.48120300751879697
0.46825396825396826
0.47107438016528924
0.4732824427480916
0.4700854700854701
0.4765625
0.46551724137931033
0.47692307692307695
0.47244094488188976
0.47058823529411764
0.47761194029850745
0.46153846153846156
0.4661016949152542
0.4700854700854701
0.4645669291338583
0.47058823529411764
0.4715447154471545
0.4649122807017544
0.4645669291338583
0.46825396825396826
0.47058823529411764
0.4628099173553719
0.47058823529411764
0.4628099173553719
0.46153846153846156
0.4661016949152542
0.46825396825396826
0.46956521739130436
0.4672131147540984
0.4696969696969697
0.47058823529411764
0.47540983606557374
0.46825396825396826
0.46774193548387094
0.4628099173553719
0.4728682170542636
0.4772727272727273
0.4690265486725664
0.472
0.4661016949152542
0.472
0.4696969696969697
0.46551724137931033
0.47107438016528924
0.4728682170542636
0.47413793103448276
0.4701492537313433
0.464
0.4772727272727273
0.47058823529411764
0.4765625
0.4782608695652174
0.4732824427480916
0.4714285714285714
0.4765625
0.47586206896551725
0.472
0.47794117647058826
0.4755244755244755
0.4782608695652174
0.48026315789473684
0.4782608695652174
0.4827586206896552
0.48299319727891155
0.4805194805194805
0.4827586206896552
0.47878787878787876
0.487012987012987
0.4827586206896552
0.48484848484848486
0.48333333333333334
0.48295454545454547
0.4823529411764706
0.4887640449438202
0.4864864864864865
0.4888888888888889
0.4883720930232558
0.485
0.48936170212765956
0.49222797927461137
0.49261083743842365
0.49206349206349204
0.49261083743842365
0.4925373134328358
0.49019607843137253
0.4909090909090909
0.4898989898989899
0.4930875576036866
0.49065420560747663
0.4951923076923077
0.4930232558139535
0.49107142857142855
0.49029126213592233
0.49019607843137253
0.4954954954954955
0.49557522123893805
0.4909090909090909
0.4955357142857143
0.49382716049382713
0.4959016393442623
0.49814126394052044
0.49407114624505927
0.49645390070921985
0.4965277777777778
0.49645390070921985
0.4965277777777778
0.5
0.4964788732394366
0.4966442953020134
0.49473684210526314
0.4983164983164983
0.4966216216216216
0.4966442953020134
0.49666666666666665
0.5
0.49666666666666665
0.5
0.49666666666666665
0.5
0.5
0.5
0.49666666666666665
0.49666666666666665
0.49666666666666665
0.5
0.5
0.5
0.5
0.5
0.5
0.5
0.5
0.5
0.5
0.5
0.49666666666666665
0.49666666666666665
0.49666666666666665
0.5
0.49666666666666665
0.5
0.49666666666666665
0.5
0.5
0.5
0.49666666666666665
0.49666666666666665
0.5
0.49666666666666665
0.49666666666666665
0.49666666666666665
0.5
0.5
0.5
0.5
0.5
0.5
0.5
0.5
0.5
0.5
0.5
0.5
0.5
0.5
0.49666666666666665
0.5
0.49666666666666665
0.49666666666666665
0.5
0.5
0.5
0.49666666666666665
0.5
0.5
0.49666666666666665
0.49666666666666665
0.5033333333333333
0.49666666666666665
0.5
0.5
0.5
0.49666666666666665
0.49666666666666665
0.5
0.5
0.4964788732394366
0.4981549815498155
0.4980237154150198
0.4959677419354839
0.49387755102040815
0.4955357142857143
0.4930875576036866
0.4927536231884058
0.49537037037037035
0.48947368421052634
0.4873096446700508
0.48936170212765956
0.4891304347826087
0.49206349206349204
0.4885057471264368
0.4918918918918919
0.4918032786885246
0.4943820224719101
0.48823529411764705
0.48717948717948717
0.49122807017543857
0.4880952380952381
0.4878048780487805
0.4853801169590643
0.4873417721518987
0.48823529411764705
0.49044585987261147
0.4810126582278481
0.4866666666666667
0.4840764331210191
0.4875
0.4879518072289157
0.48322147651006714
0.48427672955974843
0.4875
0.4906832298136646
0.48520710059171596
0.4840764331210191
0.48823529411764705
0.4941860465116279
0.4885057471264368
0.489010989010989
0.48502994011976047
0.49122807017543857
0.4895833333333333
0.4860335195530726
0.48936170212765956
0.4857142857142857
0.4864864864864865
0.4948453608247423
0.4891304347826087
0.4888888888888889
0.48947368421052634
0.49206349206349204
0.4918032786885246
0.4869109947643979
0.48947368421052634
0.49142857142857144
0.4943820224719101
0.4945054945054945
0.4915254237288136
0.4942528735632184
0.4883720930232558
0.49122807017543857
0.48863636363636365
0.4913294797687861
0.4879518072289157
0.4876543209876543
0.48366013071895425
0.4858757062146893
0.48366013071895425
0.4868421052631579
0.4868421052631579
0.49101796407185627
0.4876543209876543
0.48026315789473684
0.48
0.4861111111111111
0.48
0.48466257668711654
0.4825174825174825
0.48366013071895425
0.4817073170731707
0.48299319727891155
0.48366013071895425
0.4794520547945205
0.4859154929577465
0.4785714285714286
0.48226950354609927
0.4857142857142857
0.4740740740740741
0.48299319727891155
0.48201438848920863
0.4788732394366197
0.4755244755244755
0.4728682170542636
0.47761194029850745
0.4782608695652174
0.47368421052631576
0.47580645161290325
0.47107438016528924
0.46825396825396826
0.47692307692307695
0.47368421052631576
0.4661016949152542
0.46923076923076923
0.4789915966386555
0.46875
0.47540983606557374
0.46551724137931033
0.4649122807017544
0.4672131147540984
0.472
0.4700854700854701
0.46551724137931033
0.4661016949152542
0.4666666666666667
0.4608695652173913
0.46153846153846156
0.46774193548387094
0.46875
0.4642857142857143
0.45454545454545453
0.46551724137931033
0.46218487394957986
0.46296296296296297
0.46296296296296297
0.46846846846846846
0.4628099173553719
0.4661016949152542
0.44954128440366975
0.46226415094339623
0.45544554455445546
0.4594594594594595
0.4594594594594595
0.4642857142857143
0.45098039215686275
0.4528301886792453
0.4489795918367347
0.45614035087719296
0.45714285714285713
0.4537037037037037
0.4563106796116505
0.4528301886792453
0.44
0.4537037037037037
0.44660194174757284
0.4537037037037037
0.4563106796116505
0.45714285714285713
0.4387755102040816
0.45794392523364486
0.4485981308411215
0.4583333333333333
0.4375
0.4519230769230769
0.4411764705882353
0.44329896907216493
0.44660194174757284
0.45871559633027525
0.42857142857142855
0.4583333333333333
0.43478260869565216
0.4489795918367347
0.4519230769230769
0.45098039215686275
0.44554455445544555
0.4444444444444444
0.45098039215686275
0.44660194174757284
0.4489795918367347
0.4519230769230769
0.4444444444444444
0.4411764705882353
0.41935483870967744
0.4482758620689655
0.4489795918367347
0.45714285714285713
0.44554455445544555
0.45
0.44660194174757284
0.45
0.45454545454545453
0.44
0.41379310344827586
0.45714285714285713
0.42857142857142855
0.4444444444444444
0.45454545454545453
0.47368421052631576
0.4421052631578947
0.4482758620689655
0.46153846153846156
0.45098039215686275
0.4528301886792453
0.45161290322580644
0.45871559633027525
0.45714285714285713
0.46153846153846156
0.45544554455445546
0.4594594594594595
0.4485981308411215
0.45871559633027525
0.4444444444444444
0.44761904761904764
0.45794392523364486
0.46226415094339623
0.46956521739130436
0.46153846153846156
0.46846846846846846
0.46296296296296297
0.46153846153846156
0.4690265486725664
0.4642857142857143
0.46551724137931033
0.4608695652173913
0.4608695652173913
0.4642857142857143
0.4649122807017544
0.4700854700854701
0.46153846153846156
0.47058823529411764
0.4594594594594595
0.4649122807017544
0.47368421052631576
0.4700854700854701
0.46153846153846156
0.475
0.4649122807017544
0.4537037037037037
0.4636363636363636
0.4642857142857143
0.4642857142857143
0.4608695652173913
0.4594594594594595
0.46551724137931033
0.4594594594594595
0.4594594594594595
0.45871559633027525
0.46218487394957986
0.45454545454545453
0.4642857142857143
0.46153846153846156
0.4528301886792453
0.46551724137931033
0.45614035087719296
0.45714285714285713
0.4594594594594595
0.4690265486725664
0.4563106796116505
0.45794392523364486
0.4594594594594595
0.45871559633027525
0.46078431372549017
0.45794392523364486
0.45535714285714285
0.45871559633027525
0.4636363636363636
0.46017699115044247
0.4528301886792453
0.45614035087719296
0.4537037037037037
0.4519230769230769
0.45098039215686275
0.4594594594594595
0.45098039215686275
0.45794392523364486
0.4608695652173913
0.45544554455445546
0.4594594594594595
0.45794392523364486
0.46296296296296297
0.46078431372549017
0.46226415094339623
0.45871559633027525
0.45098039215686275
0.4519230769230769
0.46017699115044247
0.4690265486725664
0.4642857142857143
0.4594594594594595
0.46296296296296297
0.4649122807017544
0.4649122807017544
0.4649122807017544
0.4563106796116505
0.45871559633027525
0.4636363636363636
0.4563106796116505
0.4636363636363636
0.4672897196261682
0.45871559633027525
0.4537037037037037
0.46226415094339623
0.46601941747572817
0.46788990825688076
0.46226415094339623
0.46226415094339623
0.4583333333333333
0.46296296296296297
0.46153846153846156
0.4700854700854701
0.4690265486725664
0.45871559633027525
0.4636363636363636
0.41935483870967744
0.4230769230769231
0.4649122807017544
0.46846846846846846
0.4642857142857143
0.4778761061946903
0.4636363636363636
0.4482758620689655
0.41935483870967744
0.4666666666666667
0.4642857142857143
0.46788990825688076
0.47413793103448276
0.4666666666666667
0.4482758620689655
0.4732142857142857
0.47368421052631576
0.46788990825688076
0.47368421052631576
0.4716981132075472
0.4789915966386555
0.4727272727272727
0.42857142857142855
0.4444444444444444
0.47413793103448276
0.4649122807017544
0.4722222222222222
0.4666666666666667
0.46153846153846156
0.46153846153846156
0.4778761061946903
0.4672897196261682
0.4636363636363636
0.4230769230769231
0.46788990825688076
0.42857142857142855
0.4690265486725664
0.4727272727272727
0.46846846846846846
0.47368421052631576
0.4636363636363636
0.47107438016528924
