0.5
0.5
0.49666666666666665
0.49666666666666665
0.5
0.49666666666666665
0.49666666666666665
0.5
0.49666666666666665
0.49666666666666665
0.49666666666666665
0.5
0.49666666666666665
0.5
0.49666666666666665
0.5
0.5
0.49666666666666665
0.5
0.49666666666666665
0.49666666666666665
0.49666666666666665
0.5
0.49666666666666665
0.5
0.49666666666666665
0.49666666666666665
0.5
0.49666666666666665
0.5
0.5
0.49666666666666665
0.49666666666666665
0.49666666666666665
0.5
0.49666666666666665
0.49666666666666665
0.49666666666666665
0.49666666666666665
0.5
0.49666666666666665
0.5
0.5
0.49666666666666665
0.5
0.49666666666666665
0.5
0.5
0.5
0.49666666666666665
0.49666666666666665
0.49666666666666665
0.5
0.5
0.49666666666666665
0.49666666666666665
0.49666666666666665
0.49666666666666665
0.5
0.49666666666666665
0.5
0.49666666666666665
0.5
0.5
0.5033333333333333
0.49666666666666665
0.5
0.49666666666666665
0.5
0.49666666666666665
0.5
0.5
0.5
0.5
0.5
0.5
0.5
0.5
0.5
0.49666666666666665
0.5
0.49666666666666665
0.5
0.5
0.5033333333333333
0.5
0.5
0.5
0.5
0.49666666666666665
0.49666666666666665
0.5
0.49666666666666665
0.5
0.5
0.49666666666666665
0.5
0.49666666666666665
0.49666666666666665
0.5
0.49666666666666665
0.49666666666666665
0.5
0.49666666666666665
0.5
0.49666666666666665
0.49666666666666665
0.49666666666666665
0.5
0.49666666666666665
0.49333333333333335
0.5
0.49666666666666665
0.49333333333333335
0.49666666666666665
0.4931972789115646
0.49666666666666665
0.49642857142857144
0.4942528735632184
0.4944237918215613
0.4921875
0.49454545454545457
0.48945147679324896
0.4925925925925926
0.49137931034482757
0.49034749034749037
0.4921875
0.4924812030075188
0.4900398406374502
0.4962686567164179
0.49433962264150944
0.49236641221374045
0.49173553719008267
0.4943820224719101
0.4933920704845815
0.49382716049382713
0.4944237918215613
0.49295774647887325
0.49407114624505927
0.4956896551724138
0.49166666666666664
0.492
0.49099099099099097
0.4897119341563786
0.49166666666666664
0.49137931034482757
0.49327354260089684
0.49137931034482757
0.49029126213592233
0.4930875576036866
0.4864864864864865
0.4827586206896552
0.48704663212435234
0.4852941176470588
0.4900990099009901
0.49222797927461137
0.4835164835164835
0.48255813953488375
0.48677248677248675
0.48295454545454547
0.48066298342541436
0.4853801169590643
0.48295454545454547
0.48554913294797686
0.48125
0.4857142857142857
0.487012987012987
0.4819277108433735
0.474025974025974
0.47651006711409394
0.4840764331210191
0.48427672955974843
0.475177304964539
0.4827586206896552
0.4788732394366197
0.4744525547445255
0.47770700636942676
0.48366013071895425
0.47297297297297297
0.4805194805194805
0.4728682170542636
0.47586206896551725
0.47586206896551725
0.47619047619047616
0.4726027397260274
0.47586206896551725
0.47619047619047616
0.47586206896551725
0.4755244755244755
0.47101449275362317
0.47101449275362317
0.4701492537313433
0.4689655172413793
0.4744525547445255
0.4697986577181208
0.47297297297297297
0.4728682170542636
0.47058823529411764
0.47333333333333333
0.4726027397260274
0.47096774193548385
0.4672131147540984
0.47368421052631576
0.47297297297297297
0.4676258992805755
0.4696969696969697
0.4621212121212121
0.4652777777777778
0.47058823529411764
0.46875
0.4689655172413793
0.46938775510204084
0.46808510638297873
0.47297297297297297
0.4652777777777778
0.47468354430379744
0.4689655172413793
0.4647887323943662
0.477124183006536
0.47058823529411764
0.4785276073619632
0.472
0.47297297297297297
0.4723926380368098
0.48295454545454547
0.4782608695652174
0.4838709677419355
0.47058823529411764
0.48125
0.475
0.48044692737430167
0.4807692307692308
0.477124183006536
0.47096774193548385
0.4827586206896552
0.4810126582278481
0.48314606741573035
0.47619047619047616
0.4808743169398907
0.4840764331210191
0.4772727272727273
0.48502994011976047
0.484472049689441
0.4807692307692308
0.48
0.47752808988764045
0.4823529411764706
0.4817073170731707
0.4797687861271676
0.48314606741573035
0.4819277108433735
0.48333333333333334
0.48295454545454547
0.4883720930232558
0.48554913294797686
0.48128342245989303
0.48404255319148937
0.48255813953488375
0.4876543209876543
0.489010989010989
0.4857142857142857
0.4827586206896552
0.4823529411764706
0.4827586206896552
0.48214285714285715
0.4853801169590643
0.484472049689441
0.4875
0.48484848484848486
0.47752808988764045
0.48214285714285715
0.4823529411764706
0.48148148148148145
0.477124183006536
0.48333333333333334
0.4857142857142857
0.48466257668711654
0.48554913294797686
0.48863636363636365
0.48633879781420764
0.4817073170731707
0.4823529411764706
0.48333333333333334
0.4861878453038674
0.4860335195530726
0.4838709677419355
0.4846938775510204
0.4817073170731707
0.4817073170731707
0.483695652173913
0.48427672955974843
0.48333333333333334
0.48148148148148145
0.484472049689441
0.4827586206896552
0.48148148148148145
0.48333333333333334
0.48314606741573035
0.4827586206896552
0.4838709677419355
0.48427672955974843
0.47674418604651164
0.4891304347826087
0.4808743169398907
0.4866666666666667
0.48520710059171596
0.487012987012987
0.48314606741573035
0.487012987012987
0.484472049689441
0.4864864864864865
0.48295454545454547
0.48026315789473684
0.48
0.4805194805194805
0.47619047619047616
0.47953216374269003
0.4768211920529801
0.47953216374269003
0.4779874213836478
0.48
0.48148148148148145
0.48148148148148145
0.47904191616766467
0.47953216374269003
0.47928994082840237
0.4779874213836478
0.4779874213836478
0.48466257668711654
0.48344370860927155
0.4823529411764706
0.47651006711409394
0.4764705882352941
0.48255813953488375
0.4794520547945205
0.4876543209876543
0.4785276073619632
0.47619047619047616
0.48484848484848486
0.47878787878787876
0.480225988700565
0.4810126582278481
0.4817073170731707
0.48026315789473684
0.4827586206896552
0.4857142857142857
0.47333333333333333
0.477124183006536
0.48
0.4779874213836478
0.48484848484848486
0.4857142857142857
0.4785276073619632
0.484472049689441
0.48520710059171596
0.4840764331210191
0.48554913294797686
0.4823529411764706
0.4817073170731707
0.4888888888888889
0.4807692307692308
0.47878787878787876
0.489247311827957
0.4875
0.48936170212765956
0.4869109947643979
0.489247311827957
0.4896907216494845
0.48663101604278075
0.4897959183673469
0.49230769230769234
0.48936170212765956
0.49214659685863876
0.4876847290640394
0.49746192893401014
0.4895833333333333
0.4873096446700508
0.4855769230769231
0.48677248677248675
0.49214659685863876
0.49056603773584906
0.4888888888888889
0.49230769230769234
0.4891304347826087
0.48792270531400966
0.49065420560747663
0.4900990099009901
0.48514851485148514
0.49047619047619045
0.4900990099009901
0.4857142857142857
0.48878923766816146
0.489247311827957
0.4876847290640394
0.4908256880733945
0.48936170212765956
0.4873096446700508
0.49
0.4925373134328358
0.48743718592964824
0.49
0.49
0.4880382775119617
0.48936170212765956
0.49019607843137253
0.49238578680203043
0.48677248677248675
0.4928909952606635
0.4897959183673469
0.49029126213592233
0.4861878453038674
0.489010989010989
0.4878048780487805
0.489247311827957
0.4891304347826087
0.4842105263157895
0.4838709677419355
0.4857142857142857
0.48704663212435234
0.4854368932038835
0.4824120603015075
0.48514851485148514
0.4861878453038674
0.4915254237288136
0.4897959183673469
0.4876847290640394
0.49295774647887325
0.48484848484848486
0.4880382775119617
0.4918032786885246
0.49074074074074076
0.4861111111111111
0.4854368932038835
0.48756218905472637
0.49
0.4861878453038674
0.4891304347826087
0.49214659685863876
0.49214659685863876
0.4864864864864865
0.484375
0.48554913294797686
0.4842105263157895
0.4858757062146893
0.4861878453038674
0.4823529411764706
0.4860335195530726
0.4873096446700508
0.4897959183673469
0.48677248677248675
0.48295454545454547
0.4835164835164835
0.4842105263157895
0.4845360824742268
0.48704663212435234
0.4838709677419355
0.48826291079812206
0.48663101604278075
0.4845360824742268
0.48743718592964824
0.48598130841121495
0.49282296650717705
0.48514851485148514
0.48514851485148514
0.49145299145299143
0.48484848484848486
0.4876847290640394
0.4858490566037736
0.48945147679324896
0.4918032786885246
0.4881516587677725
0.49166666666666664
0.4901185770750988
0.4931506849315068
0.49411764705882355
0.49321266968325794
0.49166666666666664
0.49242424242424243
0.49159663865546216
0.4940239043824701
0.49206349206349204
0.4909090909090909
0.4942528735632184
0.4895397489539749
0.4956521739130435
0.4925373134328358
0.4959677419354839
0.49224806201550386
0.4957983193277311
0.49454545454545457
0.4918032786885246
0.49411764705882355
0.4910394265232975
0.4962686567164179
0.49242424242424243
0.4927007299270073
0.49454545454545457
0.49666666666666665
0.49242424242424243
0.49469964664310956
0.49666666666666665
0.4966216216216216
0.49666666666666665
0.49666666666666665
0.49666666666666665
0.49666666666666665
0.49666666666666665
0.49666666666666665
0.49666666666666665
0.49666666666666665
0.49666666666666665
0.49666666666666665
0.49666666666666665
0.5
0.49666666666666665
0.49666666666666665
0.5
0.5
0.5
0.49666666666666665
0.49666666666666665
0.5
0.5
0.49666666666666665
0.49666666666666665
0.5
0.49666666666666665
0.5
0.5
0.49666666666666665
0.49666666666666665
0.49666666666666665
0.5
0.5
0.5
0.49666666666666665
0.5
0.5
0.5
0.5
0.5
0.5
0.49666666666666665
0.5
0.5
0.5
0.5
0.5
0.5
0.5
0.5
0.49666666666666665
0.5
0.5
0.5
0.49666666666666665
0.5
0.5
0.5
0.5
0.5
0.5
0.5
0.5
0.5
0.5
0.49666666666666665
0.49666666666666665
0.5
0.5
0.5
0.5
0.5
0.5
0.5
0.5
0.5033333333333333
0.5
0.5
0.5
0.5
0.5033333333333333
0.5
0.5
0.5033333333333333
0.5
0.5
0.5
0.5
0.5
0.49666666666666665
0.5
0.5
0.5
0.5
0.5
0.5
0.5
0.5
0.5
0.5
0.5
0.5033333333333333
0.5
0.5
0.5033333333333333
0.5
0.5
0.5
0.5
0.5
0.5
0.49666666666666665
0.5033333333333333
0.5
0.5
0.5
0.5
0.5
0.5
0.49666666666666665
0.5
0.5
0.5
0.5
0.5
0.5033333333333333
0.5033333333333333
0.5
0.5033333333333333
0.5
0.5033333333333333
0.5
0.5
0.49666666666666665
0.5
0.5
0.5
0.5
0.5
0.5
0.5
0.5
0.5
0.5
0.5
0.5
0.5
0.5
0.5
0.5
0.5
0.5
0.5
0.5
0.5
0.5
0.5
0.5
0.5
0.5
0.5
0.49666666666666665
0.5
0.5
0.5
0.5
0.5
0.5
0.5
0.5
0.5
0.49666666666666665
0.5
0.49666666666666665
0.5
0.5
0.5
0.5
0.5
0.5
0.5
0.49666666666666665
0.5
0.5
0.5
0.5
0.49666666666666665
0.5
0.5
0.5
0.5
0.5
0.5
0.5
0.5
0.5
0.5033333333333333
0.49666666666666665
0.5
0.5
0.5
0.5033333333333333
0.5
0.5
0.5
0.5
0.5
0.5
0.5
0.5033333333333333
0.5
0.49666666666666665
0.49666666666666665
0.5
0.5
0.5
0.49666666666666665
0.5
0.5
0.5
0.5
0.5
0.5
0.5
0.5
0.49666666666666665
0.5
0.5
0.5
0.5
0.5
0.5
0.5
0.5
0.49666666666666665
0.5
0.5
0.5033333333333333
0.5
0.5
0.5
0.5
0.5
0.5
0.5
0.5
0.5
0.5
0.5
0.5
0.5
0.5
0.5
0.5
0.5
0.5
0.5
0.5
0.5
0.5
0.5
0.5
0.5
0.5
0.5
0.5
0.5
0.5
0.5033333333333333
0.5
0.5
0.5
0.5
0.5
0.5
0.5
0.5
0.5
0.5
0.5
0.5
0.5
0.5
0.5
0.5
0.5
0.49666666666666665
0.5
0.5
0.5
0.5
0.5
0.5
0.5
0.5
0.5
0.5
0.49666666666666665
0.5
0.5
0.5
0.5
0.5
0.5
0.5
0.5
0.5
0.5033333333333333
0.5
0.5
0.5
0.5033333333333333
0.5
0.5
0.5
0.5
0.5
0.5033333333333333
0.5033333333333333
0.5
0.5
0.5
0.5
0.5
0.5
0.5
0.5
0.5
0.5
0.5
0.5
0.5
0.5
0.5
0.5033333333333333
0.5
0.5
0.5
0.5
0.5
0.5
0.5
0.5
0.5
0.5
0.5033333333333333
0.5
0.5
0.5
0.5033333333333333
0.5
0.5
0.5
0.5
0.5
0.5
0.5
0.5
0.5
0.5
0.5
0.5
0.5
0.5
0.5
0.5
0.5
0.5
0.5
0.5
0.5
0.5
0.5
0.5033333333333333
0.5
0.5
0.5
0.5033333333333333
0.5
0.5
0.5
0.5033333333333333
0.5
0.5
0.5
0.5
0.5
0.5
0.5
0.5
0.5
0.5
0.5033333333333333
0.5
0.5
0.5
0.5
0.5
0.5
0.49666666666666665
0.5
0.5
0.5
0.5
0.5
0.5
0.5
0.5033333333333333
0.5
0.5
0.5
0.5033333333333333
0.5
0.5
0.5
0.5
0.5
0.5
0.5
0.5
0.5
0.5
0.5
0.5
0.49666666666666665
0.5
0.49666666666666665
0.5
0.5033333333333333
0.5
0.5
0.5
0.5
0.5
0.5
0.5
0.5
0.5
0.5
0.5
0.5
0.5
0.5
0.49666666666666665
0.5
0.5
0.49666666666666665
0.5
0.49666666666666665
0.5
0.5
0.5
0.5
0.5
0.5
0.5
0.5
0.5
0.5
0.5
0.5033333333333333
0.5
0.5
0.5
0.5
0.5
0.5
0.5033333333333333
0.49666666666666665
0.5
0.5
0.5
0.5
0.5
0.5
0.5
0.5
0.5
0.5
0.5
0.5
0.5
0.5
0.5
0.49666666666666665
0.5
0.5
0.5
0.5
0.5
0.5
0.5
0.5
0.5
0.5
0.5
0.5
0.5
0.5033333333333333
