0.5
0.49666666666666665
0.5
0.5
0.5
0.5
0.5
0.5033333333333333
0.5
0.5
0.5
0.5033333333333333
0.5033333333333333
0.5
0.49666666666666665
0.5
0.5
0.5
0.49666666666666665
0.49666666666666665
0.5033333333333333
0.5
0.5
0.5
0.5
0.5
0.5
0.5
0.5033333333333333
0.5
0.49666666666666665
0.5
0.5
0.5033333333333333
0.5033333333333333
0.5
0.49666666666666665
0.5
0.5
0.5
0.49666666666666665
0.5
0.5
0.5
0.5
0.5
0.5033333333333333
0.5
0.5
0.5
0.5
0.5
0.5
0.5
0.49666666666666665
0.5
0.5
0.49666666666666665
0.49666666666666665
0.5033333333333333
0.5
0.5
0.5
0.49666666666666665
0.5033333333333333
0.5
0.5
0.5033333333333333
0.49666666666666665
0.5
0.49666666666666665
0.5
0.5033333333333333
0.5
0.5
0.5033333333333333
0.5
0.5
0.5033333333333333
0.49666666666666665
0.5033333333333333
0.5
0.5
0.5033333333333333
0.5033333333333333
0.49666666666666665
0.5033333333333333
0.5
0.49666666666666665
0.49666666666666665
0.5
0.5
0.5033333333333333
0.5
0.5
0.5
0.49666666666666665
0.5
0.49666666666666665
0.5
0.5
0.5
0.5
0.5
0.5
0.5
0.5
0.49666666666666665
0.5
0.5
0.5
0.5
0.5
0.49666666666666665
0.5
0.5
0.5
0.5
0.5
0.5
0.49666666666666665
0.5
0.5
0.5
0.5
0.5
0.5
0.5033333333333333
0.5
0.5
0.5033333333333333
0.5
0.5
0.49666666666666665
0.5
0.5
0.5
0.49666666666666665
0.5
0.5
0.5
0.49666666666666665
0.5033333333333333
0.5
0.5
0.49666666666666665
0.5
0.49666666666666665
0.5033333333333333
0.5
0.49666666666666665
0.5033333333333333
0.5
0.5
0.5
0.5
0.5033333333333333
0.5033333333333333
0.5
0.5033333333333333
0.5033333333333333
0.5033333333333333
0.5033333333333333
0.49666666666666665
0.5
0.5033333333333333
0.5
0.49666666666666665
0.5
0.5033333333333333
0.5033333333333333
0.5033333333333333
0.5033333333333333
0.5033333333333333
0.5033333333333333
0.5
0.5066666666666667
0.5066666666666667
0.5066666666666667
0.5
0.5033333333333333
0.5085910652920962
0.5067567567567568
0.5033333333333333
0.5050847457627119
0.5033333333333333
0.5035971223021583
0.5058823529411764
0.5066666666666667
0.5076335877862596
0.501779359430605
0.5053003533568905
0.5055350553505535
0.5033333333333333
0.5033333333333333
0.5066666666666667
0.5066666666666667
0.5067567567567568
0.5066666666666667
0.49666666666666665
0.5
0.5067567567567568
0.5050167224080268
0.5033333333333333
0.5033333333333333
0.5033333333333333
0.5033333333333333
0.5
0.5066666666666667
0.5033333333333333
0.5
0.5033333333333333
0.5033333333333333
0.5033333333333333
0.5033333333333333
0.5066666666666667
0.5
0.5
0.5033333333333333
0.5033333333333333
0.49666666666666665
0.5033333333333333
0.5033333333333333
0.5
0.5033333333333333
0.49666666666666665
0.5066666666666667
0.5033333333333333
0.5
0.5
0.5033333333333333
0.5033333333333333
0.5
0.5033333333333333
0.5033333333333333
0.5066666666666667
0.5066666666666667
0.5036231884057971
0.5033333333333333
0.5034013605442177
0.5033333333333333
0.5016835016835017
0.5
0.5052264808362369
0.5
0.5
0.5066666666666667
0.5
0.5
0.5
0.5066666666666667
0.5033333333333333
0.5033333333333333
0.5033333333333333
0.5066666666666667
0.5
0.5033333333333333
0.5
0.5
0.5066666666666667
0.5033333333333333
0.5
0.49666666666666665
0.5
0.5
0.49666666666666665
0.5033333333333333
0.5033333333333333
0.5
0.5033333333333333
0.5033333333333333
0.5033333333333333
0.5
0.5
0.5
0.5033333333333333
0.5
0.5
0.5
0.5033333333333333
0.5
0.5066666666666667
0.5
0.5
0.5066666666666667
0.5033333333333333
0.5033333333333333
0.5033333333333333
0.5
0.50390625
0.49666666666666665
0.5
0.5
0.5062761506276151
0.5117370892018779
0.5076923076923077
0.5033333333333333
0.50187265917603
0.5
0.5033333333333333
0.5066666666666667
0.5066666666666667
0.5033333333333333
0.5033333333333333
0.5
0.5033333333333333
0.5
0.5
0.5
0.5
0.49666666666666665
0.5
0.49666666666666665
0.5
0.49666666666666665
0.5
0.5066666666666667
0.5033333333333333
0.5033333333333333
0.5033333333333333
0.5
0.5
0.5033333333333333
0.5033333333333333
0.5
0.5
0.5033333333333333
0.5066666666666667
0.5066666666666667
0.49666666666666665
0.5
0.5
0.5066666666666667
0.5
0.5033333333333333
0.5
0.5033333333333333
0.5033333333333333
0.5066666666666667
0.5033333333333333
0.5055350553505535
0.5050847457627119
0.5033557046979866
0.5033557046979866
0.505338078291815
0.5074074074074074
0.5074074074074074
0.50390625
0.5041666666666667
0.5086206896551724
0.5078125
0.5104166666666666
0.51
0.5065502183406113
0.5080213903743316
0.5043103448275862
0.5095238095238095
0.5151515151515151
0.5043478260869565
0.5152838427947598
0.5069767441860465
0.51010101010101
0.5042735042735043
0.5063291139240507
0.5129533678756477
0.5102040816326531
0.5147058823529411
0.5192307692307693
0.5144230769230769
0.5089285714285714
0.5099009900990099
0.5091743119266054
0.5
0.5026178010471204
0.5027027027027027
0.5159574468085106
0.5053763440860215
0.5073891625615764
0.5132743362831859
0.5084745762711864
0.5135135135135135
0.517948717948718
0.5099009900990099
0.510752688172043
0.5294117647058824
0.45
0.5080213903743316
0.5056818181818182
0.5263157894736842
0.5159574468085106
0.5054347826086957
0.5059523809523809
0.5074626865671642
0.5248618784530387
0.53125
0.5099009900990099
0.5132275132275133
0.5102040816326531
0.5088757396449705
0.5105263157894737
0.514792899408284
0.5073891625615764
0.502262443438914
0.5081081081081081
0.5050505050505051
0.52
0.5139664804469274
0.5174418604651163
0.5047169811320755
0.5114942528735632
0.5088757396449705
0.5130890052356021
0.51010101010101
0.5555555555555556
0.5054945054945055
0.5118483412322274
0.53125
0.5333333333333333
0.5151515151515151
0.5081967213114754
0.5086705202312138
0.52
0.5126903553299492
0.5217391304347826
0.5103092783505154
0.5384615384615384
0.52046783625731
0.5136612021857924
0.51010101010101
0.5106382978723404
0.5164835164835165
0.5166666666666667
0.5139664804469274
0.5149700598802395
0.5517241379310345
0.5048543689320388
0.515625
0.510752688172043
0.5185185185185185
0.5109170305676856
0.5185185185185185
0.505
0.5112359550561798
0.5104166666666666
0.5129533678756477
0.5130890052356021
0.5
0.5154639175257731
0.5025125628140703
0.5092592592592593
0.514792899408284
0.5096153846153846
0.5023923444976076
0.5113636363636364
0.5
0.5076142131979695
0.5123152709359606
0.520618556701031
0.507537688442211
0.5026737967914439
0.5027624309392266
0.5098039215686274
0.5108695652173914
0.5119047619047619
0.5106382978723404
0.5130890052356021
0.5121951219512195
0.52
0.5089285714285714
0.5025380710659898
0.5073170731707317
0.5161290322580645
0.5073170731707317
0.5098039215686274
0.51010101010101
0.5123152709359606
0.5092592592592593
0.5077720207253886
0.5076923076923077
0.510752688172043
0.510752688172043
0.5104166666666666
0.5082872928176796
0.5083798882681564
0.5154639175257731
0.510752688172043
0.5103092783505154
0.5238095238095238
0.5073170731707317
0.5154639175257731
0.5113636363636364
0.510752688172043
0.5111111111111111
0.5088757396449705
0.5132275132275133
0.5058139534883721
0.5229885057471264
0.5076142131979695
0.5227272727272727
0.5111111111111111
0.5176470588235295
0.5133689839572193
0.5111111111111111
0.5142857142857142
0.5105263157894737
0.5120481927710844
0.5164835164835165
0.5132275132275133
0.5078534031413613
0.5076923076923077
0.5133689839572193
0.5123152709359606
0.5054945054945055
0.5207100591715976
0.519774011299435
0.5079365079365079
0.5093457943925234
0.5117370892018779
0.5144508670520231
0.5416666666666666
0.5085714285714286
0.5151515151515151
0.5166666666666667
0.5151515151515151
0.505
0.5170731707317073
0.5076142131979695
0.5121951219512195
0.5114155251141552
0.5147058823529411
0.5102040816326531
0.507177033492823
0.507537688442211
0.5117370892018779
0.5041666666666667
0.5165876777251185
0.505
0.5113122171945701
0.5043103448275862
0.5131578947368421
0.5107296137339056
0.5137614678899083
0.5064377682403434
0.503731343283582
0.5093457943925234
0.5062240663900415
0.5059760956175299
0.5098814229249012
0.508130081300813
0.5102040816326531
0.5045454545454545
0.5067264573991032
0.5106382978723404
0.5075757575757576
0.5084745762711864
0.5043859649122807
0.5042016806722689
0.5086206896551724
0.5081967213114754
0.5109170305676856
0.5060240963855421
0.5040983606557377
0.5061224489795918
0.5074626865671642
0.5087719298245614
0.5121951219512195
0.5062761506276151
0.5057034220532319
0.508
0.5084033613445378
0.5069444444444444
0.5054945054945055
0.5043103448275862
0.5056603773584906
0.5079365079365079
0.5033333333333333
0.5083612040133779
0.50390625
0.5033333333333333
0.5051194539249146
0.5033333333333333
0.5033333333333333
0.5033333333333333
0.5
0.5
0.5033333333333333
0.5033333333333333
0.5033333333333333
0.5033333333333333
0.5033333333333333
0.5033333333333333
0.5
0.5066666666666667
0.5
0.5033333333333333
0.5033333333333333
0.5033333333333333
0.5033333333333333
0.5033333333333333
0.5066666666666667
0.5033333333333333
0.5033333333333333
0.5033333333333333
0.5066666666666667
0.5033333333333333
0.5066666666666667
0.5033333333333333
0.5066666666666667
0.5
0.5033333333333333
0.5
0.5
0.5066666666666667
0.5
0.5033333333333333
0.5
0.5
0.5
0.5033333333333333
0.5033333333333333
0.5
0.5
0.49666666666666665
0.5
0.5
0.5
0.5033333333333333
0.5033333333333333
0.5
0.5
0.5
0.5033333333333333
0.5
0.5033333333333333
0.5066666666666667
0.5033333333333333
0.5
0.5033333333333333
0.5033333333333333
0.5033333333333333
0.5
0.5033333333333333
0.5
0.5066666666666667
0.5
0.5033333333333333
0.5033333333333333
0.5033333333333333
0.5
0.5033333333333333
0.5066666666666667
0.5033333333333333
0.5033333333333333
0.5
0.5
0.5
0.5033333333333333
0.49666666666666665
0.49666666666666665
0.5033333333333333
0.5033333333333333
0.49666666666666665
0.5
0.5
0.5033333333333333
0.5033333333333333
0.5033333333333333
0.49666666666666665
0.5
0.5
0.49666666666666665
0.5066666666666667
0.5081967213114754
0.5033333333333333
0.5033333333333333
0.5033333333333333
0.5066666666666667
0.5033333333333333
0.5
0.5033333333333333
0.5033333333333333
0.49666666666666665
0.5
0.49666666666666665
0.49666666666666665
0.5033333333333333
0.5033333333333333
0.5033333333333333
0.5
0.5066666666666667
0.49666666666666665
0.5
0.5
0.5033333333333333
0.5
0.5121951219512195
0.5
0.5396825396825397
0.5033333333333333
0.5
0.5
0.5
0.5033333333333333
0.49666666666666665
0.5066666666666667
0.49666666666666665
0.5
0.49666666666666665
0.5033333333333333
0.5033333333333333
0.5033333333333333
0.5
0.5
0.5033333333333333
0.5033333333333333
0.5
0.49666666666666665
0.5033333333333333
0.5033333333333333
0.5
0.5033333333333333
0.5
0.5
0.5033333333333333
0.5
0.4962962962962963
0.5
0.49666666666666665
0.5
0.5
0.5033333333333333
0.5033333333333333
0.5
0.5
0.49666666666666665
0.5033333333333333
0.5033333333333333
0.5
0.5033333333333333
0.5033333333333333
0.5
0.5
0.5
0.49666666666666665
0.5
0.5033333333333333
0.49666666666666665
0.5
0.5
0.5033333333333333
0.49666666666666665
0.5033333333333333
0.5357142857142857
0.5033333333333333
0.5033333333333333
0.5
0.5
0.5033333333333333
0.49666666666666665
0.49666666666666665
0.5033333333333333
0.5033333333333333
0.5033333333333333
0.49666666666666665
0.5033333333333333
0.5
0.49666666666666665
0.5033333333333333
0.5033333333333333
0.5
0.5066666666666667
0.5033333333333333
0.49666666666666665
0.5033333333333333
0.5
0.5
0.5
0.5066666666666667
0.5
0.5033333333333333
0.5033333333333333
0.5066666666666667
0.49666666666666665
0.5
0.49666666666666665
0.5
0.5
0.5066666666666667
0.49666666666666665
0.5033333333333333
0.5
0.5
0.5033333333333333
0.49666666666666665
0.5
0.5
0.5
0.5033333333333333
0.5033333333333333
0.5033333333333333
0.49666666666666665
0.5
0.5
0.5
0.5
0.5
0.49666666666666665
0.5
0.5
0.5033333333333333
0.5
0.5033333333333333
0.5
0.5
0.49666666666666665
0.49666666666666665
0.5
0.5033333333333333
0.5
0.49666666666666665
0.5
0.5033333333333333
0.5033333333333333
0.49666666666666665
0.5033333333333333
0.5
0.49666666666666665
0.5
0.5066666666666667
0.5
0.5066666666666667
0.5033333333333333
0.5
0.5
0.49666666666666665
0.5
0.5033333333333333
0.49666666666666665
0.5
0.5033333333333333
0.5
0.5
0.5033333333333333
0.5033333333333333
0.5
0.5033333333333333
0.5
0.5
0.5033333333333333
0.5033333333333333
0.49666666666666665
0.5
0.5
0.5033333333333333
0.5
0.5033333333333333
0.5
0.49666666666666665
0.5033333333333333
0.5
0.5
0.5
0.5
0.5
0.5
0.5
0.5
0.5
0.5
0.5033333333333333
0.5033333333333333
0.5033333333333333
0.5
0.5
0.49666666666666665
0.5033333333333333
0.5033333333333333
0.49333333333333335
0.5
0.52
0.5
0.5033333333333333
0.5
0.5
0.5
0.49333333333333335
0.5033333333333333
0.5033333333333333
0.5
0.5
0.5
0.5
0.49666666666666665
0.5033333333333333
0.5033333333333333
0.5033333333333333
0.5033333333333333
0.5033333333333333
0.5033333333333333
0.5033333333333333
0.5
0.49666666666666665
0.5033333333333333
0.5
0.5
0.5033333333333333
0.5
0.5033333333333333
0.5
0.5033333333333333
0.5
0.5
0.5033333333333333
0.5
0.5033333333333333
0.5
0.5
0.5
0.5
0.49666666666666665
0.5
0.5033333333333333
0.5
0.5
0.5033333333333333
0.5018587360594795
0.5033333333333333
0.5017301038062284
0.5036496350364964
0.5
0.5033333333333333
0.5054945054945055
0.5018315018315018
0.5040983606557377
0.5019011406844106
0.5020080321285141
0.5070422535211268
0.5021459227467812
0.5058365758754864
0.5069124423963134
0.50390625
0.5060728744939271
0.5057915057915058
0.5037593984962406
0.5061224489795918
0.508
0.5144230769230769
0.5111111111111111
0.5096525096525096
0.5037878787878788
0.5060240963855421
0.5066666666666667
0.5033333333333333
0.5
0.5033333333333333
0.5033333333333333
0.5033333333333333
0.49666666666666665
0.5
0.5033333333333333
0.5033333333333333
0.5
0.5
0.5033333333333333
0.5033333333333333
0.5033333333333333
0.5
0.5033333333333333
0.49666666666666665
0.5033333333333333
0.5
0.5033333333333333
0.49666666666666665
0.49333333333333335
0.5
0.5
0.5
0.5
0.5
0.5
0.5
0.5
0.5
0.5033333333333333
0.5
0.5
0.49666666666666665
0.5
0.5
0.5
0.5
0.5033333333333333
0.49666666666666665
0.5066666666666667
0.5
0.5
0.49666666666666665
0.49666666666666665
0.5
0.5416666666666666
