0.5
0.5
0.5033333333333333
0.5
0.5
0.5
0.49666666666666665
0.5033333333333333
0.5
0.5
0.5033333333333333
0.5
0.5
0.5
0.5033333333333333
0.5
0.5033333333333333
0.5
0.5
0.49666666666666665
0.5
0.5033333333333333
0.5
0.5
0.5
0.49666666666666665
0.5
0.5033333333333333
0.5033333333333333
0.5
0.5
0.5
0.5
0.49666666666666665
0.5033333333333333
0.5
0.5033333333333333
0.5
0.5
0.49666666666666665
0.5
0.5
0.5033333333333333
0.5
0.5
0.5
0.5
0.5
0.5033333333333333
0.5
0.5
0.5033333333333333
0.49666666666666665
0.5033333333333333
0.5033333333333333
0.5033333333333333
0.5
0.5
0.5033333333333333
0.5
0.5
0.5
0.49666666666666665
0.5
0.5
0.5
0.5
0.5033333333333333
0.5
0.5
0.5
0.5
0.5
0.5033333333333333
0.5033333333333333
0.5
0.5
0.5033333333333333
0.5
0.5033333333333333
0.5
0.5033333333333333
0.5033333333333333
0.5033333333333333
0.5
0.5
0.5033333333333333
0.5
0.5
0.5033333333333333
0.5
0.5
0.5033333333333333
0.5033333333333333
0.5
0.5
0.5033333333333333
0.5033333333333333
0.5033333333333333
0.5033333333333333
0.5033333333333333
0.5033333333333333
0.5033333333333333
0.5
0.5
0.5
0.5
0.5034013605442177
0.5033333333333333
0.5054545454545455
0.5056603773584906
0.502127659574468
0.5079365079365079
0.50390625
0.5057915057915058
0.5070422535211268
0.5073891625615764
0.5021645021645021
0.5048076923076923
0.5119617224880383
0.508695652173913
0.5099009900990099
0.5104895104895105
0.5076923076923077
0.5136986301369864
0.5052083333333334
0.5074626865671642
0.5111111111111111
0.5116279069767442
0.5113636363636364
0.5084745762711864
0.507177033492823
0.509090909090909
0.5048543689320388
0.5089285714285714
0.5097087378640777
0.5074626865671642
0.5051546391752577
0.5025906735751295
0.5066666666666667
0.5087719298245614
0.5043859649122807
0.5091743119266054
0.5062761506276151
0.5020080321285141
0.5070921985815603
0.5062240663900415
0.5062240663900415
0.5018587360594795
0.5038461538461538
0.5034246575342466
0.5058823529411764
0.5
0.5066666666666667
0.5018315018315018
0.5016722408026756
0.5
0.503731343283582
0.5035714285714286
0.5033333333333333
0.5039370078740157
0.501779359430605
0.5051903114186851
0.5051546391752577
0.5034013605442177
0.5036231884057971
0.5034013605442177
0.5
0.5033783783783784
0.5033333333333333
0.5
0.5033333333333333
0.5
0.5066666666666667
0.5066666666666667
0.5033333333333333
0.5033333333333333
0.5
0.5033333333333333
0.5066666666666667
0.5033333333333333
0.5
0.5033333333333333
0.49666666666666665
0.5
0.5
0.5033333333333333
0.5
0.49666666666666665
0.5
0.5033333333333333
0.49666666666666665
0.5
0.5
0.5
0.5
0.49666666666666665
0.5
0.5
0.5
0.5
0.5
0.5033333333333333
0.5
0.5
0.5
0.5033333333333333
0.5033333333333333
0.5033333333333333
0.5
0.5033333333333333
0.5033333333333333
0.5
0.5033333333333333
0.5
0.5033333333333333
0.5033333333333333
0.5
0.5
0.5
0.5
0.5
0.5
0.5
0.5
0.5033333333333333
0.49666666666666665
0.5
0.5
0.5
0.5
0.5
0.5033333333333333
0.5
0.5
0.49666666666666665
0.5033333333333333
0.5
0.5033333333333333
0.5
0.5
0.5033333333333333
0.5033333333333333
0.5
0.5
0.5
0.5033333333333333
0.5
0.5
0.5033333333333333
0.5
0.5
0.5
0.5
0.5
0.5
0.5033333333333333
0.5033333333333333
0.5033333333333333
0.49666666666666665
0.5
0.5
0.5
0.5
0.5
0.5033333333333333
0.49666666666666665
0.5
0.5033333333333333
0.5
0.5
0.5
0.5
0.5
0.5
0.5033333333333333
0.5
0.5
0.5
0.49666666666666665
0.49666666666666665
0.49666666666666665
0.5
0.5033333333333333
0.5
0.5033333333333333
0.5033333333333333
0.5
0.5033333333333333
0.5
0.5
0.5
0.5033333333333333
0.5
0.5033333333333333
0.5033333333333333
0.5033333333333333
0.5033333333333333
0.49666666666666665
0.5033333333333333
0.49666666666666665
0.5
0.5
0.49666666666666665
0.5
0.5
0.5
0.5
0.5
0.49666666666666665
0.5
0.5
0.5
0.5033333333333333
0.5033333333333333
0.49666666666666665
0.5
0.49666666666666665
0.5
0.5
0.5
0.5
0.49666666666666665
0.5
0.5
0.49666666666666665
0.49666666666666665
0.5
0.49666666666666665
0.49666666666666665
0.5
0.5
0.49666666666666665
0.5
0.5033333333333333
0.5
0.5
0.5033333333333333
0.5
0.5
0.5051546391752577
0.5017421602787456
0.5034013605442177
0.5017301038062284
0.5149253731343284
0.5099337748344371
0.5031055900621118
0.5104895104895105
0.5230769230769231
0.5093167701863354
0.5344827586206896
0.5221238938053098
0.5254237288135594
0.5238095238095238
0.5220588235294118
0.5303030303030303
0.543859649122807
0.5299145299145299
0.5486725663716814
0.528
0.5384615384615384
0.5384615384615384
0.543859649122807
0.5304347826086957
0.5454545454545454
0.543859649122807
0.5514018691588785
0.5471698113207547
0.5447154471544715
0.5446428571428571
0.5588235294117647
0.5431034482758621
0.5371900826446281
0.5412844036697247
0.5480769230769231
0.5480769230769231
0.5576923076923077
0.5607476635514018
0.5471698113207547
0.5544554455445545
0.5480769230769231
0.5446428571428571
0.5588235294117647
0.5478260869565217
0.5514018691588785
0.5607476635514018
0.5567010309278351
0.5486725663716814
0.5612244897959183
0.5714285714285714
0.5576923076923077
0.5514018691588785
0.5486725663716814
0.5596330275229358
0.5607476635514018
0.5555555555555556
0.5462184873949579
0.5729166666666666
0.5480769230769231
0.5588235294117647
0.5686274509803921
0.5567010309278351
0.5686274509803921
0.5476190476190477
0.5545454545454546
0.5504587155963303
0.5533980582524272
0.5619047619047619
0.5670103092783505
0.5535714285714286
0.5660377358490566
0.5596330275229358
0.5607476635514018
0.5773195876288659
0.5555555555555556
0.5607476635514018
0.5544554455445545
0.5545454545454546
0.5607476635514018
0.5545454545454546
0.5607476635514018
0.5652173913043478
0.5742574257425742
0.5544554455445545
0.56
0.5566037735849056
0.5588235294117647
0.5686274509803921
0.5656565656565656
0.5517241379310345
0.5545454545454546
0.5714285714285714
0.5575221238938053
0.5619047619047619
0.5670103092783505
0.5789473684210527
0.5841584158415841
0.5673076923076923
0.5607476635514018
0.5656565656565656
0.5636363636363636
0.5545454545454546
0.5607476635514018
0.5631067961165048
0.5660377358490566
0.57
0.5643564356435643
0.5816326530612245
0.5648148148148148
0.5714285714285714
0.5609756097560976
0.5636363636363636
0.57
0.58
0.5575221238938053
0.57
0.5714285714285714
0.5545454545454546
0.57
0.5585585585585585
0.5656565656565656
0.5789473684210527
0.5607476635514018
0.5728155339805825
0.5656565656565656
0.5728155339805825
0.5789473684210527
0.5754716981132075
0.5607476635514018
0.5757575757575758
0.5648148148148148
0.5596330275229358
0.5714285714285714
0.5648148148148148
0.5773195876288659
0.5663716814159292
0.5576923076923077
0.5700934579439252
0.5660377358490566
0.5607476635514018
0.5728155339805825
0.5648148148148148
0.5742574257425742
0.5913978494623656
0.5688073394495413
0.5652173913043478
0.5769230769230769
0.5585585585585585
0.5545454545454546
0.5576923076923077
0.5648148148148148
0.5675675675675675
0.5596330275229358
0.5607476635514018
0.5754716981132075
0.5714285714285714
0.5643564356435643
0.5675675675675675
0.5714285714285714
0.5688073394495413
0.5673076923076923
0.5757575757575758
0.5596330275229358
0.5769230769230769
0.58
0.5675675675675675
0.5773195876288659
0.5742574257425742
0.5700934579439252
0.5663716814159292
0.5714285714285714
0.5789473684210527
0.5833333333333334
0.56
0.5688073394495413
0.5585585585585585
0.574468085106383
0.5754716981132075
0.5729166666666666
0.5729166666666666
0.5700934579439252
0.5740740740740741
0.5754716981132075
0.5769230769230769
0.5754716981132075
0.5636363636363636
0.5701754385964912
0.574468085106383
0.5833333333333334
0.5789473684210527
0.5833333333333334
0.5603448275862069
0.5757575757575758
0.5754716981132075
0.5816326530612245
0.5757575757575758
0.5876288659793815
0.5675675675675675
0.5816326530612245
0.5675675675675675
0.5714285714285714
0.5675675675675675
0.5643564356435643
0.5784313725490197
0.5652173913043478
0.5714285714285714
0.5806451612903226
0.5625
0.5700934579439252
0.5625
0.5581395348837209
0.5700934579439252
0.5700934579439252
0.5740740740740741
0.5816326530612245
0.5603448275862069
0.5688073394495413
0.5757575757575758
0.57
0.5816326530612245
0.5636363636363636
0.5625
0.5625
0.5636363636363636
0.5779816513761468
0.5535714285714286
0.57
0.5614035087719298
0.5643564356435643
0.5742574257425742
0.5714285714285714
0.5714285714285714
0.5700934579439252
0.5688073394495413
0.5660377358490566
0.5660377358490566
0.5740740740740741
0.5727272727272728
0.5833333333333334
0.5754716981132075
0.5675675675675675
0.5652173913043478
0.5660377358490566
0.5773195876288659
0.5825242718446602
0.5675675675675675
0.5660377358490566
0.5740740740740741
0.5816326530612245
0.5714285714285714
0.5576923076923077
0.5531914893617021
0.5714285714285714
0.5483870967741935
0.5757575757575758
0.5742574257425742
0.5784313725490197
0.5773195876288659
0.5754716981132075
0.5754716981132075
0.5816326530612245
0.5816326530612245
0.5784313725490197
0.5833333333333334
0.5700934579439252
0.5784313725490197
0.5700934579439252
0.5701754385964912
0.5754716981132075
0.58
0.5625
0.5742574257425742
0.5531914893617021
0.5806451612903226
0.5757575757575758
0.5769230769230769
0.5754716981132075
0.5681818181818182
0.5779816513761468
0.5727272727272728
0.5765765765765766
0.5754716981132075
0.5740740740740741
0.5692307692307692
0.5619047619047619
0.573170731707317
0.5754716981132075
0.59
0.580952380952381
0.5727272727272728
0.5754716981132075
0.5918367346938775
0.5675675675675675
0.5779816513761468
0.581081081081081
0.5825242718446602
0.5740740740740741
0.5645161290322581
0.58
0.5625
0.5648148148148148
0.5773195876288659
0.5784313725490197
0.5633802816901409
0.5913978494623656
0.5858585858585859
0.5728155339805825
0.5662650602409639
0.559322033898305
0.5633802816901409
0.5775862068965517
0.5675675675675675
0.5775862068965517
0.5737704918032787
0.5688073394495413
0.57
0.5700934579439252
0.580952380952381
0.5714285714285714
0.5675675675675675
0.59
0.5677966101694916
0.5858585858585859
0.5701754385964912
0.5833333333333334
0.5714285714285714
0.5740740740740741
0.5714285714285714
0.5663716814159292
0.5825242718446602
0.5784313725490197
0.5978260869565217
0.5769230769230769
0.5757575757575758
0.5714285714285714
0.5663716814159292
0.5590551181102362
0.5701754385964912
0.5765765765765766
0.5769230769230769
0.5784313725490197
0.5688073394495413
0.5583333333333333
0.5714285714285714
0.5757575757575758
0.5726495726495726
0.5673076923076923
0.5636363636363636
0.5583333333333333
0.5841584158415841
0.5701754385964912
0.5739130434782609
0.5727272727272728
0.5573770491803278
0.5677966101694916
0.5590551181102362
0.5590551181102362
0.5714285714285714
0.5689655172413793
0.5727272727272728
0.5666666666666667
0.5564516129032258
0.5675675675675675
0.5757575757575758
0.5603448275862069
0.5609756097560976
0.5714285714285714
0.5677966101694916
0.5619834710743802
0.5590551181102362
0.5564516129032258
0.5565217391304348
0.5660377358490566
0.5688073394495413
0.5742574257425742
0.5714285714285714
0.5714285714285714
0.5689655172413793
0.5894736842105263
0.5663716814159292
0.5603448275862069
0.5630252100840336
0.5583333333333333
0.5645161290322581
0.5652173913043478
0.5673076923076923
0.5564516129032258
0.5726495726495726
0.5675675675675675
0.5573770491803278
0.56
0.5779816513761468
0.5714285714285714
0.5641025641025641
0.5727272727272728
0.5614035087719298
0.5858585858585859
0.5726495726495726
0.5700934579439252
0.5769230769230769
0.5729166666666666
0.580952380952381
0.5681818181818182
0.5773195876288659
0.5769230769230769
0.5666666666666667
0.5825242718446602
0.5689655172413793
0.5714285714285714
0.5645161290322581
0.5882352941176471
0.5641025641025641
0.5727272727272728
0.5702479338842975
0.5727272727272728
0.5631067961165048
0.5666666666666667
0.58
0.5619834710743802
0.5701754385964912
0.5666666666666667
0.5701754385964912
0.5701754385964912
0.5675675675675675
0.5794392523364486
0.5727272727272728
0.5769230769230769
0.5573770491803278
0.5727272727272728
0.5769230769230769
0.5630252100840336
0.5606060606060606
0.5740740740740741
0.5636363636363636
0.5641025641025641
0.5652173913043478
0.5666666666666667
0.5573770491803278
0.5675675675675675
0.5583333333333333
0.5675675675675675
0.5700934579439252
0.5595238095238095
0.5632183908045977
0.5769230769230769
0.5564516129032258
0.5528455284552846
0.5573770491803278
0.5673076923076923
0.5655737704918032
0.5641025641025641
0.5701754385964912
0.5740740740740741
0.5675675675675675
0.5625
0.5585585585585585
0.5575221238938053
0.5603448275862069
0.5625
0.5596330275229358
0.5614035087719298
0.5606060606060606
0.5660377358490566
0.5609756097560976
0.5728155339805825
0.5701754385964912
0.5714285714285714
0.5619834710743802
0.5688073394495413
0.5666666666666667
0.5648148148148148
0.5688073394495413
0.5714285714285714
0.5636363636363636
0.5606060606060606
0.5572519083969466
0.5641025641025641
0.5689655172413793
0.5714285714285714
0.5652173913043478
0.5575221238938053
0.5739130434782609
0.5575221238938053
0.56
0.5841584158415841
0.5565217391304348
0.5581395348837209
0.5779816513761468
0.5625
0.5581395348837209
0.5675675675675675
0.5675675675675675
0.5688073394495413
0.5614035087719298
0.5740740740740741
0.5537190082644629
0.5754716981132075
0.5655737704918032
0.5583333333333333
0.5673076923076923
0.5547445255474452
0.5625
0.5630252100840336
0.5555555555555556
0.5652173913043478
0.5565217391304348
0.5666666666666667
0.5754716981132075
0.5511811023622047
0.5546875
0.5607476635514018
0.5546218487394958
0.5565217391304348
0.5454545454545454
0.5503875968992248
0.5537190082644629
0.5700934579439252
0.5537190082644629
0.5511811023622047
0.5454545454545454
0.5491803278688525
0.5476190476190477
0.5434782608695652
0.5483870967741935
0.5526315789473685
0.5528455284552846
0.5461538461538461
0.5481481481481482
0.5535714285714286
0.5423728813559322
0.5526315789473685
0.5476190476190477
0.5491803278688525
0.5537190082644629
0.5426356589147286
0.5528455284552846
0.544
0.5357142857142857
0.5462184873949579
0.5486725663716814
0.5491803278688525
0.5426356589147286
0.5454545454545454
0.5413533834586466
0.5423728813559322
0.539568345323741
0.5403225806451613
0.5478260869565217
0.5373134328358209
0.5378151260504201
0.5373134328358209
0.5352112676056338
0.5409836065573771
0.5314685314685315
0.5416666666666666
0.5365853658536586
0.5367647058823529
0.5416666666666666
0.5384615384615384
0.536
0.5396825396825397
0.5378787878787878
0.5384615384615384
0.5367647058823529
0.5486725663716814
0.5454545454545454
0.5441176470588235
0.5517241379310345
0.5419847328244275
0.5491803278688525
0.5433070866141733
0.5396825396825397
0.5431034482758621
0.5486725663716814
0.5483870967741935
0.5526315789473685
0.5517241379310345
0.5447761194029851
0.5503875968992248
0.5486725663716814
0.5491803278688525
0.5585585585585585
0.5508474576271186
0.5476190476190477
0.5564516129032258
0.5526315789473685
0.5426356589147286
0.5546218487394958
0.5565217391304348
0.5636363636363636
0.5546875
0.5546218487394958
0.5555555555555556
0.5555555555555556
0.5546218487394958
0.5491803278688525
0.5537190082644629
0.5630252100840336
0.5636363636363636
0.5537190082644629
0.5596330275229358
0.5689655172413793
0.5660377358490566
0.5714285714285714
0.5700934579439252
0.5614035087719298
0.5700934579439252
0.5603448275862069
0.5636363636363636
0.5648148148148148
0.5555555555555556
0.5689655172413793
0.556390977443609
0.5742574257425742
0.5590551181102362
0.5648148148148148
0.549618320610687
0.5700934579439252
0.5511811023622047
0.5537190082644629
0.5740740740740741
0.5495495495495496
0.5614035087719298
0.5585585585585585
0.559322033898305
0.5675675675675675
0.5660377358490566
0.5714285714285714
0.5714285714285714
0.5491803278688525
0.5603448275862069
0.5555555555555556
0.5714285714285714
0.5609756097560976
0.5631067961165048
0.5652173913043478
0.5636363636363636
0.5488721804511278
0.5619047619047619
0.5666666666666667
0.5660377358490566
0.5545454545454546
0.5652173913043478
0.5700934579439252
0.5652173913043478
0.5630252100840336
0.5641025641025641
0.5575221238938053
0.5652173913043478
0.5728155339805825
0.5701754385964912
0.5614035087719298
0.5784313725490197
0.5663716814159292
0.5841584158415841
0.5784313725490197
0.5714285714285714
0.5647058823529412
0.5765765765765766
0.5740740740740741
