0.5
0.49666666666666665
0.5
0.5
0.49666666666666665
0.49666666666666665
0.5
0.5033333333333333
0.5
0.5
0.5
0.5033333333333333
0.5033333333333333
0.5033333333333333
0.5
0.5
0.5
0.5
0.5
0.49666666666666665
0.5
0.5033333333333333
0.5
0.5
0.5
0.5
0.5
0.5
0.5
0.5033333333333333
0.5033333333333333
0.5
0.5
0.5
0.5
0.5033333333333333
0.49666666666666665
0.5066666666666667
0.5
0.5033333333333333
0.5033333333333333
0.5
0.5
0.5
0.5
0.5
0.5033333333333333
0.5
0.5
0.5
0.5
0.5
0.5033333333333333
0.5033333333333333
0.5
0.5
0.5
0.5
0.5
0.5
0.5
0.5
0.5033333333333333
0.5
0.5
0.5
0.5
0.5033333333333333
0.5
0.5
0.5
0.5
0.5
0.5
0.5
0.5
0.5
0.5
0.5
0.5
0.5
0.5
0.5
0.5
0.5
0.5
0.5
0.5
0.5
0.5033333333333333
0.5
0.5
0.5
0.5
0.5
0.5
0.5
0.5
0.5
0.5
0.5033333333333333
0.5
0.5
0.5
0.49666666666666665
0.5
0.5
0.5
0.5
0.5
0.5033333333333333
0.5
0.5
0.5
0.5033333333333333
0.5
0.5
0.5
0.5
0.5
0.5
0.5
0.5
0.5
0.5
0.5
0.5
0.5
0.5
0.5033333333333333
0.5033333333333333
0.5033333333333333
0.5
0.5033333333333333
0.5033333333333333
0.5
0.5033333333333333
0.5033333333333333
0.5033333333333333
0.5033333333333333
0.5033333333333333
0.5
0.5033333333333333
0.5066666666666667
0.5033333333333333
0.5033783783783784
0.5033333333333333
0.5033333333333333
0.5055350553505535
0.5056179775280899
0.5078740157480315
0.5057915057915058
0.508
0.5097276264591439
0.507177033492823
0.5088495575221239
0.5092936802973977
0.5128205128205128
0.5137614678899083
0.5087719298245614
0.5078534031413613
0.5130890052356021
0.5138121546961326
0.5139664804469274
0.5154639175257731
0.5128205128205128
0.5154639175257731
0.515
0.518918918918919
0.5151515151515151
0.5176470588235295
0.5178571428571429
0.5153061224489796
0.5212121212121212
0.518918918918919
0.5136363636363637
0.5161290322580645
0.5174129353233831
0.5120772946859904
0.5198019801980198
0.5147058823529411
0.514018691588785
0.5129533678756477
0.5119617224880383
0.52
0.5181347150259067
0.5135135135135135
0.5164319248826291
0.5147058823529411
0.5113122171945701
0.5185185185185185
0.5266666666666666
0.5135135135135135
0.5166666666666667
0.5161290322580645
0.5145631067961165
0.5203619909502263
0.518324607329843
0.518324607329843
0.5177664974619289
0.521978021978022
0.5141509433962265
0.5214723926380368
0.52046783625731
0.5194805194805194
0.5176470588235295
0.5172413793103449
0.5195530726256983
0.5170731707317073
0.518324607329843
0.5222222222222223
0.5246913580246914
0.5151515151515151
0.5224719101123596
0.5225806451612903
0.5187165775401069
0.519774011299435
0.518324607329843
0.5182926829268293
0.5209580838323353
0.521978021978022
0.5243243243243243
0.5182926829268293
0.5208333333333334
0.5228758169934641
0.5238095238095238
0.5195530726256983
0.5224719101123596
0.52046783625731
0.5207100591715976
0.5269461077844312
0.519774011299435
0.5248618784530387
0.5182926829268293
0.5238095238095238
0.5166666666666667
0.51875
0.5187165775401069
0.5232558139534884
0.5212121212121212
0.5241379310344828
0.5222222222222223
0.5191256830601093
0.5238095238095238
0.5235294117647059
0.5217391304347826
0.5273972602739726
0.5256410256410257
0.5222222222222223
0.5279503105590062
0.5272727272727272
0.5191256830601093
0.5222929936305732
0.5253164556962026
0.5235602094240838
0.52
0.5222929936305732
0.518324607329843
0.5210526315789473
0.518918918918919
0.5170454545454546
0.521978021978022
0.5224719101123596
0.5191256830601093
0.5209580838323353
0.5130890052356021
0.5145631067961165
0.5117370892018779
0.52
0.5154639175257731
0.5168539325842697
0.5123152709359606
0.515
0.515
0.5129310344827587
0.5102040816326531
0.5098039215686274
0.51010101010101
0.509009009009009
0.5135135135135135
0.5083333333333333
0.5095057034220533
0.5091743119266054
0.5092592592592593
0.509090909090909
0.5082644628099173
0.510548523206751
0.5119617224880383
0.5063291139240507
0.509090909090909
0.508
0.5096525096525096
0.5084745762711864
0.5074626865671642
0.5067114093959731
0.5075757575757576
0.503448275862069
0.5066666666666667
0.5055350553505535
0.5033333333333333
0.5066666666666667
0.5033333333333333
0.5
0.5
0.5033333333333333
0.5
0.5033333333333333
0.5
0.5
0.5033333333333333
0.5
0.5033333333333333
0.5
0.5033333333333333
0.5033333333333333
0.5
0.5033333333333333
0.5033333333333333
0.5033333333333333
0.5
0.5033333333333333
0.5
0.5033333333333333
0.5
0.5033333333333333
0.5033333333333333
0.5033333333333333
0.5033333333333333
0.5
0.5
0.5033333333333333
0.5
0.5033333333333333
0.5
0.5
0.5
0.5
0.5
0.5033333333333333
0.5033333333333333
0.5033333333333333
0.5033333333333333
0.5
0.5033333333333333
0.5033333333333333
0.5033333333333333
0.5033333333333333
0.5
0.5033333333333333
0.5
0.5
0.5033333333333333
0.5
0.5033333333333333
0.5
0.5
0.5033333333333333
0.5033333333333333
0.5033333333333333
0.5033333333333333
0.5033333333333333
0.5
0.5033333333333333
0.5
0.5
0.5033333333333333
0.5
0.5
0.5
0.5033333333333333
0.5033333333333333
0.5033333333333333
0.49666666666666665
0.5
0.5033333333333333
0.5
0.5
0.5
0.5
0.5
0.5
0.5
0.5
0.5
0.5
0.5
0.5033333333333333
0.49666666666666665
0.5033333333333333
0.5
0.5
0.5033333333333333
0.5
0.5033333333333333
0.5
0.5
0.5
0.49666666666666665
0.5
0.5
0.5033333333333333
0.5
0.5
0.5
0.5033333333333333
0.5
0.5
0.5
0.5
0.5
0.49666666666666665
0.5
0.5
0.5033333333333333
0.49666666666666665
0.5
0.5
0.5
0.5
0.5
0.5
0.5
0.5
0.5
0.5
0.5
0.5
0.5033333333333333
0.5
0.49666666666666665
0.5
0.49666666666666665
0.5
0.5
0.5
0.5
0.49666666666666665
0.5
0.5
0.5
0.49666666666666665
0.5
0.5
0.5
0.5
0.5
0.5
0.5
0.5
0.5
0.5
0.5
0.5
0.5033333333333333
0.5
0.5
0.5
0.5
0.5
0.5
0.5
0.5
0.5
0.5
0.5
0.5
0.5
0.5
0.5
0.49666666666666665
0.5
0.5033333333333333
0.5
0.5
0.5
0.49666666666666665
0.49666666666666665
0.5
0.5
0.5
0.5
0.5
0.5
0.5
0.5
0.49666666666666665
0.5033333333333333
0.5
0.5
0.5
0.49666666666666665
0.49666666666666665
0.5
0.49666666666666665
0.5033333333333333
0.5
0.5033333333333333
0.5033333333333333
0.5
0.5
0.5033333333333333
0.5
0.5
0.5
0.49666666666666665
0.5033333333333333
0.49666666666666665
0.5
0.49666666666666665
0.5
0.5
0.5
0.5
0.5
0.5
0.5
0.5
0.49666666666666665
0.5
0.49666666666666665
0.49666666666666665
0.49666666666666665
0.49666666666666665
0.5
0.5033333333333333
0.5
0.5
0.5
0.5033333333333333
0.5
0.5033333333333333
0.49666666666666665
0.49666666666666665
0.5
0.5033333333333333
0.5
0.5033333333333333
0.49666666666666665
0.5
0.49666666666666665
0.5
0.5
0.49666666666666665
0.5
0.5
0.5033333333333333
0.5
0.5
0.5
0.5
0.5
0.49666666666666665
0.5
0.5
0.5
0.5033333333333333
0.49666666666666665
0.5
0.5
0.5
0.5
0.5
0.5
0.49666666666666665
0.5
0.5
0.5
0.5
0.5
0.49666666666666665
0.5
0.5
0.5
0.49666666666666665
0.5
0.5033333333333333
0.5033333333333333
0.5
0.5
0.5
0.5033333333333333
0.5
0.5
0.5
0.5
0.5
0.49666666666666665
0.5033333333333333
0.5
0.49666666666666665
0.5
0.5
0.5
0.5
0.49666666666666665
0.5
0.5
0.5
0.5
0.5033333333333333
0.5
0.5
0.5
0.5
0.5
0.5
0.5
0.5
0.5
0.49666666666666665
0.5
0.5033333333333333
0.49666666666666665
0.49666666666666665
0.5
0.5033333333333333
0.5033333333333333
0.5
0.5
0.5
0.49666666666666665
0.5
0.5
0.5
0.49666666666666665
0.5
0.49666666666666665
0.5
0.5
0.5
0.5
0.5
0.5
0.49666666666666665
0.5
0.49666666666666665
0.5
0.5
0.5
0.5
0.5033333333333333
0.5
0.5
0.5
0.49666666666666665
0.5
0.5
0.5033333333333333
0.5
0.5
0.5
0.5033333333333333
0.5
0.5
0.5
0.5
0.5
0.5
0.5
0.5
0.5
0.5
0.5
0.5
0.5
0.5
0.5
0.5
0.49666666666666665
0.5
0.5
0.5
0.5033333333333333
0.5
0.49666666666666665
0.5
0.5
0.5
0.49666666666666665
0.5
0.5
0.49666666666666665
0.5033333333333333
0.5
0.5
0.5
0.5
0.5
0.5
0.5
0.5
0.5
0.5
0.5033333333333333
0.5
0.5033333333333333
0.5
0.5
0.5033333333333333
0.49666666666666665
0.49666666666666665
0.49666666666666665
0.5
0.49666666666666665
0.5
0.5
0.5
0.5
0.5
0.5
0.49666666666666665
0.5
0.5
0.5
0.5033333333333333
0.5
0.5
0.5033333333333333
0.5
0.5033333333333333
0.5
0.5
0.5
0.49666666666666665
0.5033333333333333
0.49666666666666665
0.5
0.5
0.5
0.5033333333333333
0.501779359430605
0.5
0.5
0.5
0.5033333333333333
0.5
0.5
0.5033333333333333
0.5
0.5
0.5
0.5
0.5
0.49666666666666665
0.5
0.5
0.5
0.49666666666666665
0.5
0.5
0.49666666666666665
0.49666666666666665
0.5
0.49666666666666665
0.49666666666666665
0.5
0.49666666666666665
0.5
0.5
0.5
0.5
0.49666666666666665
0.5
0.49666666666666665
0.49666666666666665
0.49666666666666665
0.5
0.49666666666666665
0.49666666666666665
0.49666666666666665
0.5
0.5036496350364964
0.5033333333333333
0.5
0.49666666666666665
0.49666666666666665
0.5
0.5033333333333333
0.49333333333333335
0.5126050420168067
0.5
0.5
0.5033333333333333
0.49666666666666665
0.49666666666666665
0.49666666666666665
0.5
0.49666666666666665
0.5
0.49666666666666665
0.49666666666666665
0.5
0.49666666666666665
0.49666666666666665
0.49666666666666665
0.5
0.49333333333333335
0.5
0.49666666666666665
0.49333333333333335
0.49333333333333335
0.49666666666666665
0.5
0.49666666666666665
0.5
0.5
0.49666666666666665
0.49666666666666665
0.5
0.5033333333333333
0.49666666666666665
0.49666666666666665
0.5033333333333333
0.5
0.5
0.5
0.5033333333333333
0.5066666666666667
0.5033333333333333
0.5033333333333333
0.5033333333333333
0.5
0.5033333333333333
0.5033333333333333
0.49666666666666665
0.5033333333333333
0.5066666666666667
0.5066666666666667
0.5238095238095238
0.5
0.5033333333333333
0.5033333333333333
0.49666666666666665
0.5033333333333333
0.5
0.5
0.49666666666666665
0.5033333333333333
0.49666666666666665
0.49666666666666665
0.5
0.49666666666666665
0.5
0.5125
0.49333333333333335
0.49333333333333335
0.49333333333333335
0.49666666666666665
0.5066666666666667
0.5
0.5
0.5
0.5
0.5033333333333333
0.49666666666666665
0.5
0.5
0.5060240963855421
0.5033333333333333
0.5
0.5
0.5
0.49666666666666665
0.49666666666666665
0.5
0.5
0.5033333333333333
0.49666666666666665
0.49666666666666665
0.5033333333333333
0.5066666666666667
0.5033333333333333
0.49666666666666665
0.5
0.5033333333333333
0.5033333333333333
0.527027027027027
0.5033333333333333
0.5033333333333333
0.5
0.5
0.5
0.5
0.5033333333333333
0.5
0.525
0.5
0.5
0.5033333333333333
0.5033333333333333
0.5033333333333333
0.5066666666666667
0.5033333333333333
0.5130890052356021
0.49666666666666665
0.5
0.5066666666666667
0.5
0.5
0.49666666666666665
0.5033333333333333
0.5033333333333333
0.5033333333333333
0.5066666666666667
0.5176470588235295
0.5066666666666667
0.5066666666666667
0.5033333333333333
0.5
0.5
0.5033333333333333
0.5263157894736842
0.5
0.5033333333333333
0.5
0.5066666666666667
0.49666666666666665
0.5066666666666667
0.51
0.49666666666666665
0.5033333333333333
0.5066666666666667
0.5033333333333333
0.5
0.5033333333333333
0.5033333333333333
0.5033333333333333
0.5033333333333333
0.5033333333333333
0.5033333333333333
0.5066666666666667
0.5033333333333333
0.5033333333333333
0.5033333333333333
0.5
0.5033333333333333
0.5066666666666667
0.49666666666666665
0.5057471264367817
0.5033333333333333
0.5
0.49666666666666665
0.5
0.49666666666666665
0.5033333333333333
0.5033333333333333
0.5
0.5033333333333333
0.5033333333333333
0.5033333333333333
0.5
0.5033333333333333
0.5033333333333333
0.5
0.5066666666666667
0.5
0.5
0.5033333333333333
0.5
0.5066666666666667
0.5
0.49666666666666665
0.5
0.5
0.5033333333333333
0.5
0.5
0.5033333333333333
0.5033333333333333
0.5033333333333333
0.49666666666666665
0.5
0.5033333333333333
0.5
0.5
0.5033333333333333
0.5
0.5033333333333333
0.5033333333333333
0.5
0.5033333333333333
0.5
0.5
0.5
0.49666666666666665
0.5033333333333333
0.5
0.5
0.5
0.49666666666666665
0.5033333333333333
0.5
0.5
0.49666666666666665
0.49666666666666665
0.5
0.5033333333333333
0.5033333333333333
0.5
0.5
