0.49666666666666665
0.49666666666666665
0.5
0.49666666666666665
0.49666666666666665
0.49666666666666665
0.49666666666666665
0.49666666666666665
0.5
0.5
0.5
0.5
0.49666666666666665
0.49666666666666665
0.49666666666666665
0.5
0.49666666666666665
0.49666666666666665
0.49666666666666665
0.49666666666666665
0.49666666666666665
0.49666666666666665
0.49666666666666665
0.4928571428571429
0.49666666666666665
0.49466192170818507
0.49469964664310956
0.49407114624505927
0.4925925925925926
0.4962962962962963
0.49429657794676807
0.49206349206349204
0.49407114624505927
0.49612403100775193
0.4944237918215613
0.4948453608247423
0.4944649446494465
0.4931506849315068
0.4963235294117647
0.4981684981684982
0.4963768115942029
0.49097472924187724
0.4964788732394366
0.49666666666666665
0.49666666666666665
0.49666666666666665
0.49333333333333335
0.4931506849315068
0.49666666666666665
0.49333333333333335
0.49666666666666665
0.49666666666666665
0.49333333333333335
0.49333333333333335
0.49666666666666665
0.5
0.49666666666666665
0.49333333333333335
0.49333333333333335
0.49666666666666665
0.49666666666666665
0.49333333333333335
0.49666666666666665
0.49666666666666665
0.5
0.49666666666666665
0.5
0.49666666666666665
0.49666666666666665
0.49333333333333335
0.49666666666666665
0.49333333333333335
0.4966216216216216
0.49477351916376305
0.49635036496350365
0.49295774647887325
0.49242424242424243
0.4963235294117647
0.49193548387096775
0.48770491803278687
0.4963235294117647
0.49327354260089684
0.49411764705882355
0.49377593360995853
0.49333333333333335
0.49099099099099097
0.49159663865546216
0.4897959183673469
0.49224806201550386
0.49145299145299143
0.4901185770750988
0.491869918699187
0.4901185770750988
0.4945054945054945
0.4939759036144578
0.49480968858131485
0.4942084942084942
0.4931972789115646
0.4927536231884058
0.496551724137931
0.49433962264150944
0.4966216216216216
0.49666666666666665
0.49666666666666665
0.49666666666666665
0.49480968858131485
0.49666666666666665
0.49333333333333335
0.49666666666666665
0.49829351535836175
0.49473684210526314
0.49666666666666665
0.4965753424657534
0.49333333333333335
0.49498327759197325
0.4927536231884058
0.4928571428571429
0.49110320284697506
0.49230769230769234
0.4963768115942029
0.4942528735632184
0.4900398406374502
0.4959677419354839
0.49224806201550386
0.4881889763779528
0.49264705882352944
0.4945054945054945
0.49407114624505927
0.4942084942084942
0.4896265560165975
0.4925925925925926
0.4921875
0.4899598393574297
0.4959016393442623
0.4939759036144578
0.49433962264150944
0.49583333333333335
0.4911504424778761
0.49344978165938863
0.4939271255060729
0.4924812030075188
0.48945147679324896
0.4885844748858447
0.4870689655172414
0.4909090909090909
0.49193548387096775
0.49173553719008267
0.4954128440366973
0.49159663865546216
0.4889867841409692
0.49065420560747663
0.4936708860759494
0.49038461538461536
0.49173553719008267
0.4890829694323144
0.4918032786885246
0.49029126213592233
0.4908256880733945
0.49377593360995853
0.49038461538461536
0.49065420560747663
0.49222797927461137
0.4888888888888889
0.4854368932038835
0.4881516587677725
0.4900990099009901
0.48677248677248675
0.49065420560747663
0.4897959183673469
0.484375
0.48717948717948717
0.4852941176470588
0.4864864864864865
0.4891304347826087
0.48756218905472637
0.4895833333333333
0.48704663212435234
0.4876847290640394
0.49206349206349204
0.4835680751173709
0.48717948717948717
0.4878048780487805
0.49019607843137253
0.48704663212435234
0.48743718592964824
0.4864864864864865
0.4854368932038835
0.48484848484848486
0.4888888888888889
0.48717948717948717
0.48677248677248675
0.4898989898989899
0.4876847290640394
0.48333333333333334
0.4873096446700508
0.48717948717948717
0.48677248677248675
0.489010989010989
0.48128342245989303
0.48633879781420764
0.48295454545454547
0.48633879781420764
0.4861878453038674
0.483695652173913
0.4823529411764706
0.4838709677419355
0.48554913294797686
0.48633879781420764
0.48128342245989303
0.4873417721518987
0.483695652173913
0.48520710059171596
0.48214285714285715
0.48633879781420764
0.48314606741573035
0.48295454545454547
0.48466257668711654
0.48295454545454547
0.4857142857142857
0.484472049689441
0.4846938775510204
0.48066298342541436
0.47878787878787876
0.4861878453038674
0.4888888888888889
0.48214285714285715
0.480225988700565
0.484472049689441
0.48044692737430167
0.48214285714285715
0.4782608695652174
0.483695652173913
0.4861878453038674
0.474025974025974
0.480225988700565
0.4858757062146893
0.47904191616766467
0.48125
0.48125
0.4774193548387097
0.47953216374269003
0.4823529411764706
0.487012987012987
0.47530864197530864
0.4726027397260274
0.48214285714285715
0.4817073170731707
0.47878787878787876
0.48554913294797686
0.48554913294797686
0.48502994011976047
0.4823529411764706
0.4794520547945205
0.48214285714285715
0.47530864197530864
0.48366013071895425
0.4794520547945205
0.48466257668711654
0.48026315789473684
0.4714285714285714
0.477124183006536
0.4779874213836478
0.4785714285714286
0.48
0.47530864197530864
0.4797297297297297
0.475177304964539
0.47651006711409394
0.4805194805194805
0.4676258992805755
0.4805194805194805
0.4755244755244755
0.4782608695652174
0.4817073170731707
0.4768211920529801
0.4868421052631579
0.47619047619047616
0.47651006711409394
0.47297297297297297
0.47333333333333333
0.4755244755244755
0.4755244755244755
0.4779874213836478
0.47794117647058826
0.47586206896551725
0.48
0.4782608695652174
0.4840764331210191
0.4782608695652174
0.4785714285714286
0.4782608695652174
0.47770700636942676
0.4785276073619632
0.48175182481751827
0.48366013071895425
0.487012987012987
0.47619047619047616
0.48466257668711654
0.4782608695652174
0.4797297297297297
0.48322147651006714
0.48502994011976047
0.4810126582278481
0.4878048780487805
0.4875
0.48214285714285715
0.47928994082840237
0.48314606741573035
0.4888888888888889
0.4887640449438202
0.48427672955974843
0.484472049689441
0.48863636363636365
0.48717948717948717
0.48756218905472637
0.4895833333333333
0.48633879781420764
0.4864864864864865
0.48520710059171596
0.4897959183673469
0.4896907216494845
0.4918032786885246
0.49222797927461137
0.48823529411764705
0.49238578680203043
0.4846938775510204
0.484375
0.4918918918918919
0.48717948717948717
0.4898989898989899
0.48936170212765956
0.49489795918367346
0.49047619047619045
0.483695652173913
0.494949494949495
0.48756218905472637
0.49074074074074076
0.4835164835164835
0.48826291079812206
0.4954128440366973
0.48847926267281105
0.49282296650717705
0.48717948717948717
0.4908256880733945
0.4933920704845815
0.4950980392156863
0.4931506849315068
0.49528301886792453
0.49065420560747663
0.49407114624505927
0.4883720930232558
0.4909090909090909
0.4936708860759494
0.48792270531400966
0.4915254237288136
0.49047619047619045
0.4935064935064935
0.48598130841121495
0.4930875576036866
0.49783549783549785
0.49356223175965663
0.4930875576036866
0.48868778280542985
0.4935064935064935
0.49122807017543857
0.49333333333333335
0.49222797927461137
0.4883720930232558
0.4954128440366973
0.4908256880733945
0.48623853211009177
0.49130434782608695
0.4935064935064935
0.48826291079812206
0.49173553719008267
0.4950980392156863
0.4890829694323144
0.49107142857142855
0.4883720930232558
0.49074074074074076
0.4918032786885246
0.49122807017543857
0.4954954954954955
0.4942084942084942
0.4927007299270073
0.49356223175965663
0.4943820224719101
0.4942528735632184
0.4965277777777778
0.4962962962962963
0.49642857142857144
0.49823321554770317
0.49828178694158076
0.4930555555555556
0.4927536231884058
0.4965986394557823
0.4943820224719101
0.49310344827586206
0.4959677419354839
0.4942528735632184
0.496
0.49603174603174605
0.4918032786885246
0.49122807017543857
0.49612403100775193
0.49407114624505927
0.49327354260089684
0.4855769230769231
0.48936170212765956
0.49137931034482757
0.4915254237288136
0.4909090909090909
0.49327354260089684
0.4931506849315068
0.4954128440366973
0.4953271028037383
0.49344978165938863
0.4956896551724138
0.49356223175965663
0.4957627118644068
0.49193548387096775
0.49166666666666664
0.4915254237288136
0.49387755102040815
0.49407114624505927
0.4962686567164179
0.4956521739130435
0.49377593360995853
0.49666666666666665
0.49624060150375937
0.4966216216216216
0.49642857142857144
0.49666666666666665
0.49480968858131485
0.496551724137931
0.49666666666666665
0.49666666666666665
0.49666666666666665
0.49666666666666665
0.49666666666666665
0.49333333333333335
0.49666666666666665
0.49666666666666665
0.49333333333333335
0.5
0.49666666666666665
0.49666666666666665
0.5
0.49666666666666665
0.5
0.49666666666666665
0.49666666666666665
0.5
0.49666666666666665
0.49333333333333335
0.49666666666666665
0.49666666666666665
0.49666666666666665
0.5
0.49666666666666665
0.49666666666666665
0.49666666666666665
0.49666666666666665
0.49666666666666665
0.5
0.49666666666666665
0.49666666666666665
0.49666666666666665
0.49666666666666665
0.49666666666666665
0.5
0.5
0.49666666666666665
0.5
0.5
0.5
0.49666666666666665
0.5
0.5
0.5033333333333333
0.5
0.49666666666666665
0.49666666666666665
0.5
0.5
0.5
0.49666666666666665
0.5
0.5
0.5
0.5
0.5
0.5
0.5
0.5
0.49666666666666665
0.5
0.49666666666666665
0.5
0.5
0.49666666666666665
0.5
0.5
0.5
0.49666666666666665
0.5
0.49666666666666665
0.5
0.5
0.5
0.5
0.49666666666666665
0.5
0.49666666666666665
0.5
0.49825783972125437
0.49666666666666665
0.5
0.49666666666666665
0.5
0.5
0.5
0.49666666666666665
0.5
0.49666666666666665
0.49666666666666665
0.5
0.5
0.5
0.5
0.49666666666666665
0.5033333333333333
0.5
0.5
0.49666666666666665
0.5033333333333333
0.49666666666666665
0.5
0.5
0.5
0.5
0.5
0.5
0.49666666666666665
0.5
0.5
0.5
0.5
0.5
0.49666666666666665
0.5
0.5
0.49666666666666665
0.5
0.5033333333333333
0.5
0.49666666666666665
0.49666666666666665
0.5033333333333333
0.5
0.5
0.5033333333333333
0.49666666666666665
0.5
0.5
0.49666666666666665
0.49666666666666665
0.5
0.49666666666666665
0.5
0.5033333333333333
0.49666666666666665
0.5
0.49666666666666665
0.49666666666666665
0.5
0.5
0.49666666666666665
0.5
0.5
0.5
0.5
0.5
0.5
0.5033333333333333
0.5
0.5033333333333333
0.5
0.49666666666666665
0.5
0.5
0.5033333333333333
0.5
0.5
0.49666666666666665
0.49666666666666665
0.5
0.5
0.49666666666666665
0.5066666666666667
0.49666666666666665
0.49666666666666665
0.5033333333333333
0.5
0.49666666666666665
0.5033333333333333
0.5
0.49666666666666665
0.5
0.5
0.5033333333333333
0.49666666666666665
0.5033333333333333
0.49666666666666665
0.5
0.5
0.5
0.5
0.5033333333333333
0.5033333333333333
0.5
0.5033333333333333
0.5066666666666667
0.5
0.5
0.5
0.5033333333333333
0.5033333333333333
0.5
0.5
0.5
0.5033333333333333
0.5
0.5033333333333333
0.5
0.5033333333333333
0.5066666666666667
0.5
0.5033333333333333
0.5033333333333333
0.5033333333333333
0.5033333333333333
0.49666666666666665
0.5033333333333333
0.5
0.5066666666666667
0.5033333333333333
0.5
0.5033333333333333
0.5033333333333333
0.49666666666666665
0.5
0.49230769230769234
0.5
0.49666666666666665
0.49666666666666665
0.5033333333333333
0.49666666666666665
0.5033333333333333
0.5
0.5
0.49666666666666665
0.49
0.5033333333333333
0.49666666666666665
0.5033333333333333
0.5033333333333333
0.5
0.49333333333333335
0.49666666666666665
0.49823321554770317
0.5033333333333333
0.5033333333333333
0.5033333333333333
0.5
0.5033333333333333
0.5
0.49333333333333335
0.4866666666666667
0.49666666666666665
0.5
0.5066666666666667
0.49295774647887325
0.5033333333333333
0.49666666666666665
0.49333333333333335
0.5
0.5
0.49666666666666665
0.4983164983164983
0.5
0.49666666666666665
0.5
0.49666666666666665
0.5033333333333333
0.49498327759197325
0.49642857142857144
0.49666666666666665
0.5047619047619047
0.5069124423963134
0.51
0.5
0.497737556561086
0.5081967213114754
0.5
0.5033333333333333
0.5
0.5
0.49333333333333335
0.49830508474576274
0.4948805460750853
0.5023923444976076
0.49
0.49
0.4957627118644068
0.4931972789115646
0.49333333333333335
0.5121951219512195
0.4866666666666667
0.5142857142857142
0.49666666666666665
0.5135135135135135
0.4977973568281938
0.5044642857142857
0.5233160621761658
0.5
0.5098039215686274
0.5066666666666667
0.5024390243902439
0.5066666666666667
0.5089285714285714
0.5084033613445378
0.5138888888888888
0.5047619047619047
0.5
0.48333333333333334
0.5121951219512195
0.5128205128205128
0.5152838427947598
0.5181818181818182
0.509009009009009
0.5069124423963134
0.5086206896551724
0.502127659574468
0.5071090047393365
0.4957983193277311
0.5022026431718062
0.5042372881355932
0.5135135135135135
0.5180180180180181
0.48333333333333334
0.48951048951048953
0.49624060150375937
0.5064935064935064
0.5110132158590308
0.5125
0.5198237885462555
0.49242424242424243
0.5066666666666667
0.5033557046979866
0.5080645161290323
0.5158371040723982
0.502127659574468
0.4930555555555556
0.5188679245283019
0.5159817351598174
0.5034013605442177
0.5140562248995983
0.49673202614379086
0.5060240963855421
0.5076335877862596
0.5095541401273885
0.5147679324894515
0.5110132158590308
0.5038759689922481
0.503030303030303
0.5145228215767634
0.5158371040723982
0.52
0.5038759689922481
0.5
0.5158730158730159
0.5077519379844961
0.48333333333333334
0.4866666666666667
0.49333333333333335
0.5142857142857142
0.5039370078740157
0.49666666666666665
0.49333333333333335
0.49666666666666665
0.5040322580645161
0.4866666666666667
0.4866666666666667
0.49666666666666665
0.49666666666666665
0.5
0.49333333333333335
0.5
0.49666666666666665
0.49333333333333335
0.49
0.49666666666666665
0.49666666666666665
0.49
0.49333333333333335
0.49666666666666665
0.49666666666666665
0.49333333333333335
0.49333333333333335
0.49666666666666665
0.49333333333333335
0.49666666666666665
0.49666666666666665
0.49333333333333335
0.5
0.49666666666666665
0.49666666666666665
0.49666666666666665
0.49333333333333335
0.49666666666666665
0.5
0.49333333333333335
0.49666666666666665
0.49333333333333335
0.49666666666666665
0.49666666666666665
0.49333333333333335
0.49666666666666665
0.49333333333333335
0.49666666666666665
0.5
0.49666666666666665
0.49666666666666665
0.49666666666666665
0.49666666666666665
0.49333333333333335
0.49666666666666665
0.49
0.49666666666666665
0.5
0.49333333333333335
0.49333333333333335
0.49666666666666665
0.49666666666666665
0.5
0.49666666666666665
0.49666666666666665
0.5
0.5
0.5
0.49666666666666665
0.49666666666666665
0.5
0.49333333333333335
0.5
0.49333333333333335
0.5
0.49666666666666665
0.49333333333333335
0.49666666666666665
0.5
0.49666666666666665
0.49666666666666665
0.5
0.49666666666666665
0.49666666666666665
0.49666666666666665
0.49666666666666665
0.5
0.49666666666666665
0.49666666666666665
0.5033333333333333
0.49666666666666665
0.5
0.5
0.49666666666666665
0.5
0.5
0.5
0.5
0.5
0.5
0.5
0.5
0.5
0.5
0.49666666666666665
0.5
0.5
0.5
0.5
0.5
0.49666666666666665
0.5
0.5
0.5
0.5
0.49666666666666665
0.5
0.5
0.5
0.5
0.49666666666666665
0.5033333333333333
0.5
0.5
0.5
0.5
0.5033333333333333
0.5
0.49666666666666665
0.5033333333333333
0.5
0.5
0.5
0.5
0.49666666666666665
0.5
0.5
0.5
0.49666666666666665
0.5
0.5
0.5033333333333333
0.5
0.5033333333333333
0.5
0.5
0.5
0.5
0.5
0.49666666666666665
0.5
0.5033333333333333
0.5
0.5
0.5
0.5
0.5
0.5
0.5
0.5033333333333333
0.49666666666666665
0.5
0.5033333333333333
0.5
0.5033333333333333
0.5
0.5
0.5
0.49666666666666665
0.49666666666666665
0.5
0.5
0.5033333333333333
0.5
0.49666666666666665
0.5033333333333333
0.5
0.5
0.5
0.5033333333333333
0.5
0.5
0.5
0.5
0.5
0.5
0.5
0.5
0.5
0.5
0.5
0.5
0.5033333333333333
0.5
0.5033333333333333
0.49666666666666665
0.5
0.5033333333333333
0.49666666666666665
0.5
0.49666666666666665
0.5
0.5
0.5
0.5
0.5
0.5
0.5033333333333333
0.5
0.5
0.5
0.5
0.5
0.5
0.5
0.49666666666666665
0.5
