0.5
0.49666666666666665
0.5033333333333333
0.5
0.5033333333333333
0.5033333333333333
0.5
0.5
0.5
0.49333333333333335
0.5033333333333333
0.5
0.5
0.5
0.5
0.5033333333333333
0.5
0.5
0.5033333333333333
0.5
0.5033333333333333
0.49666666666666665
0.49666666666666665
0.5
0.5
0.5
0.5
0.5
0.5
0.5
0.5
0.5
0.5
0.5033333333333333
0.5033333333333333
0.5
0.5066666666666667
0.49666666666666665
0.5
0.5
0.5
0.5
0.5
0.5
0.5
0.5033333333333333
0.5033333333333333
0.5
0.5033333333333333
0.5
0.5
0.5
0.5
0.5
0.5
0.5
0.49666666666666665
0.5
0.49666666666666665
0.5
0.5033333333333333
0.5
0.5
0.5033333333333333
0.49666666666666665
0.5
0.5
0.5033333333333333
0.5033333333333333
0.5033333333333333
0.5
0.5033333333333333
0.5
0.5
0.5
0.5066666666666667
0.5066666666666667
0.49333333333333335
0.5033333333333333
0.5033333333333333
0.5
0.5
0.49666666666666665
0.49666666666666665
0.49666666666666665
0.5
0.5
0.5
0.5033333333333333
0.49666666666666665
0.5
0.5
0.5033333333333333
0.5
0.5033333333333333
0.5
0.49666666666666665
0.5
0.5
0.49666666666666665
0.5033333333333333
0.5
0.5
0.49666666666666665
0.5033333333333333
0.5
0.5
0.49333333333333335
0.49333333333333335
0.49666666666666665
0.5
0.5
0.49666666666666665
0.5
0.49666666666666665
0.5
0.5066666666666667
0.5
0.5033333333333333
0.5
0.49666666666666665
0.49666666666666665
0.49666666666666665
0.5033333333333333
0.49666666666666665
0.5
0.5033333333333333
0.5033333333333333
0.5
0.51
0.5
0.5033333333333333
0.5033333333333333
0.5
0.5066666666666667
0.5033333333333333
0.5033333333333333
0.5033333333333333
0.5023923444976076
0.49666666666666665
0.5033333333333333
0.5
0.5033333333333333
0.49333333333333335
0.5
0.5033333333333333
0.5
0.5066666666666667
0.5016835016835017
0.5
0.5
0.5066666666666667
0.5
0.5
0.5066666666666667
0.5033333333333333
0.5033333333333333
0.5066666666666667
0.5033333333333333
0.49333333333333335
0.5
0.5033333333333333
0.49333333333333335
0.49666666666666665
0.4966442953020134
0.5066666666666667
0.5033333333333333
0.5
0.5
0.5
0.5
0.49666666666666665
0.51
0.5066666666666667
0.49645390070921985
0.5
0.5033333333333333
0.5033333333333333
0.5
0.5033333333333333
0.5066666666666667
0.5
0.49333333333333335
0.51
0.5
0.49333333333333335
0.49666666666666665
0.5066666666666667
0.50187265917603
0.51
0.49666666666666665
0.5033333333333333
0.5066666666666667
0.5
0.49122807017543857
0.5133333333333333
0.5033333333333333
0.5133333333333333
0.5033333333333333
0.5
0.5
0.51
0.49666666666666665
0.5033333333333333
0.49666666666666665
0.49110320284697506
0.5066666666666667
0.51
0.5133333333333333
0.49666666666666665
0.5133333333333333
0.5066666666666667
0.49333333333333335
0.5
0.49333333333333335
0.5
0.51
0.5066666666666667
0.5033333333333333
0.5033333333333333
0.49666666666666665
0.5066666666666667
0.5
0.5033333333333333
0.5066666666666667
0.49333333333333335
0.5033333333333333
0.5066666666666667
0.5066666666666667
0.5076923076923077
0.5066666666666667
0.5033333333333333
0.5054151624548736
0.49666666666666665
0.49333333333333335
0.49333333333333335
0.5
0.5066666666666667
0.49666666666666665
0.5066666666666667
0.49333333333333335
0.5120274914089347
0.5
0.49666666666666665
0.51
0.5066666666666667
0.49333333333333335
0.5
0.49333333333333335
0.5033333333333333
0.5066666666666667
0.49333333333333335
0.5033333333333333
0.49666666666666665
0.5033333333333333
0.5041322314049587
0.49333333333333335
0.5033333333333333
0.5033333333333333
0.5
0.5100401606425703
0.49333333333333335
0.5033333333333333
0.51
0.5
0.4979757085020243
0.5066666666666667
0.5
0.51
0.49666666666666665
0.49666666666666665
0.5066666666666667
0.49
0.49666666666666665
0.5033333333333333
0.4866666666666667
0.49
0.5
0.49
0.49333333333333335
0.5
0.49
0.5066666666666667
0.49666666666666665
0.49
0.49
0.5
0.5033333333333333
0.51
0.5
0.5133333333333333
0.5
0.49
0.5056179775280899
0.5
0.5067264573991032
0.49333333333333335
0.5066666666666667
0.5040322580645161
0.5
0.5133333333333333
0.49666666666666665
0.5033333333333333
0.5017301038062284
0.49466192170818507
0.4959016393442623
0.49
0.5033333333333333
0.5066666666666667
0.4981684981684982
0.5098039215686274
0.4977973568281938
0.5066666666666667
0.5033333333333333
0.49
0.49
0.5066666666666667
0.5134099616858238
0.5023923444976076
0.5
0.49333333333333335
0.49158249158249157
0.4861111111111111
0.510989010989011
0.5094339622641509
0.49333333333333335
0.5
0.4866666666666667
0.5
0.49333333333333335
0.5034246575342466
0.5074626865671642
0.5
0.49
0.51
0.5
0.5133333333333333
0.49333333333333335
0.49333333333333335
0.5066666666666667
0.48333333333333334
0.5037037037037037
0.49666666666666665
0.5067873303167421
0.5066666666666667
0.49
0.5
0.49666666666666665
0.49333333333333335
0.5
0.49666666666666665
0.5019607843137255
0.5
0.5
0.5
0.49333333333333335
0.49333333333333335
0.51
0.5
0.49
0.49666666666666665
0.5033333333333333
0.49666666666666665
0.4953271028037383
0.5066666666666667
0.49333333333333335
0.48788927335640137
0.5
0.49666666666666665
0.49333333333333335
0.5
0.49666666666666665
0.51
0.48333333333333334
0.5043859649122807
0.49666666666666665
0.5066666666666667
0.49333333333333335
0.5
0.5033333333333333
0.49666666666666665
0.49
0.5033333333333333
0.5033333333333333
0.5033333333333333
0.49333333333333335
0.49333333333333335
0.49666666666666665
0.49666666666666665
0.49666666666666665
0.49333333333333335
0.5
0.5023041474654378
0.4866666666666667
0.5033333333333333
0.5066666666666667
0.49333333333333335
0.5
0.5042735042735043
0.49333333333333335
0.4882943143812709
0.49666666666666665
0.4962962962962963
0.4866666666666667
0.49
0.49333333333333335
0.49
0.5018867924528302
0.5058823529411764
0.49333333333333335
0.4866666666666667
0.49
0.5039370078740157
0.49333333333333335
0.49333333333333335
0.5
0.5063829787234042
0.49666666666666665
0.49666666666666665
0.49
0.4866666666666667
0.49333333333333335
0.5056179775280899
0.49666666666666665
0.49
0.5128205128205128
0.5047619047619047
0.4866666666666667
0.49333333333333335
0.509090909090909
0.49333333333333335
0.4866666666666667
0.4866666666666667
0.4866666666666667
0.4866666666666667
0.5122950819672131
0.4866666666666667
0.5
0.4866666666666667
0.5
0.4866666666666667
0.49635036496350365
0.49
0.5058823529411764
0.5063291139240507
0.49666666666666665
0.5057915057915058
0.49
0.49666666666666665
0.49
0.49333333333333335
0.5037037037037037
0.4866666666666667
0.49666666666666665
0.4866666666666667
0.5037878787878788
0.5
0.4866666666666667
0.49333333333333335
0.5020746887966805
0.49
0.49333333333333335
0.49
0.4866666666666667
0.4866666666666667
0.49666666666666665
0.5
0.49783549783549785
0.49
0.4866666666666667
0.4980694980694981
0.49333333333333335
0.49
0.49333333333333335
0.49666666666666665
0.49333333333333335
0.5
0.5045454545454545
0.49
0.49
0.5
0.49333333333333335
0.4866666666666667
0.5099601593625498
0.48333333333333334
0.49
0.4866666666666667
0.5
0.49666666666666665
0.4866666666666667
0.5116279069767442
0.4968553459119497
0.5103734439834025
0.503968253968254
0.5
0.5119047619047619
0.5038461538461538
0.4965034965034965
0.5146443514644351
0.4966442953020134
0.487012987012987
0.4714285714285714
0.5
0.5055350553505535
0.5096525096525096
0.48507462686567165
0.49333333333333335
0.48905109489051096
0.4968553459119497
0.5027624309392266
0.4827586206896552
0.4868421052631579
0.49264705882352944
0.5017543859649123
0.516728624535316
0.4788732394366197
0.4896551724137931
0.4861111111111111
0.4896551724137931
0.4827586206896552
0.5017301038062284
0.48299319727891155
0.4791666666666667
0.48322147651006714
0.5033333333333333
0.4788732394366197
0.46153846153846156
0.46808510638297873
0.46875
0.48366013071895425
0.5
0.4603174603174603
0.4782608695652174
0.47101449275362317
0.4807692307692308
0.4755244755244755
0.47368421052631576
0.48226950354609927
0.46551724137931033
0.4701492537313433
0.47244094488188976
0.4779874213836478
0.4779874213836478
0.48
0.47101449275362317
0.47101449275362317
0.4765625
0.47297297297297297
0.47183098591549294
0.4788732394366197
0.4817073170731707
0.47586206896551725
0.47619047619047616
0.47586206896551725
0.4805194805194805
0.4726027397260274
0.4755244755244755
0.48427672955974843
0.4885057471264368
0.47586206896551725
0.4875
0.48214285714285715
0.4891304347826087
0.4810126582278481
0.4755244755244755
0.49214659685863876
0.4722222222222222
0.49122807017543857
0.4972677595628415
0.5033333333333333
0.48520710059171596
0.5033333333333333
0.4972375690607735
0.49019607843137253
0.5033333333333333
0.49473684210526314
0.49390243902439024
0.4880952380952381
0.49411764705882355
0.49079754601226994
0.5
0.5
0.4946808510638298
0.5033333333333333
0.49666666666666665
0.5
0.5
0.4896551724137931
0.5
0.5
0.49666666666666665
0.49666666666666665
0.49
0.49666666666666665
0.5033333333333333
0.49666666666666665
0.49
0.49
0.49333333333333335
0.49666666666666665
0.5033333333333333
0.49
0.5070422535211268
0.49
0.49333333333333335
0.49
0.49333333333333335
0.5021097046413502
0.49333333333333335
0.49333333333333335
0.5
0.49
0.49666666666666665
0.49
0.49333333333333335
0.49333333333333335
0.49
0.49333333333333335
0.49666666666666665
0.49333333333333335
0.49666666666666665
0.49
0.49333333333333335
0.49333333333333335
0.49666666666666665
0.49333333333333335
0.49666666666666665
0.49666666666666665
0.49333333333333335
0.5
0.49666666666666665
0.49333333333333335
0.49333333333333335
0.5
0.49666666666666665
0.5
0.5
0.5
0.49333333333333335
0.49666666666666665
0.5
0.49666666666666665
0.49666666666666665
0.5
0.49666666666666665
0.5
0.5
0.49666666666666665
0.49666666666666665
0.49666666666666665
0.49666666666666665
0.5
0.49666666666666665
0.49666666666666665
0.49666666666666665
0.49666666666666665
0.49333333333333335
0.49666666666666665
0.5
0.5
0.5033333333333333
0.49666666666666665
0.49666666666666665
0.5
0.49666666666666665
0.5
0.5
0.49666666666666665
0.5
0.5
0.49666666666666665
0.5
0.5
0.49666666666666665
0.49666666666666665
0.49666666666666665
0.49666666666666665
0.5
0.49666666666666665
0.49666666666666665
0.5
0.5033333333333333
0.49666666666666665
0.5
0.5
0.49666666666666665
0.49666666666666665
0.49666666666666665
0.5
0.49666666666666665
0.5
0.49666666666666665
0.5
0.5
0.5
0.5
0.5033333333333333
0.5
0.49666666666666665
0.5
0.5
0.5033333333333333
0.49666666666666665
0.49666666666666665
0.49666666666666665
0.5
0.5
0.5
0.5
0.49666666666666665
0.5
0.5033333333333333
0.5
0.5033333333333333
0.5
0.5
0.5
0.5
0.5
0.5
0.49666666666666665
0.5033333333333333
0.5
0.49666666666666665
0.5
0.5033333333333333
0.5
0.5
0.49666666666666665
0.5
0.49666666666666665
0.5033333333333333
0.49666666666666665
0.5033333333333333
0.49666666666666665
0.5033333333333333
0.5
0.5
0.5
0.5
0.5
0.49666666666666665
0.49666666666666665
0.49666666666666665
0.5
0.5
0.5
0.5033333333333333
0.5
0.5033333333333333
0.5033333333333333
0.5
0.5
0.5
0.5
0.49666666666666665
0.5
0.49666666666666665
0.5033333333333333
0.5
0.49666666666666665
0.49666666666666665
0.5
0.5
0.5
0.5
0.5
0.5033333333333333
0.5033333333333333
0.49666666666666665
0.5033333333333333
0.5
0.49666666666666665
0.5
0.49666666666666665
0.5
0.5
0.5
0.49666666666666665
0.49666666666666665
0.5
0.5
0.5033333333333333
0.49666666666666665
0.5
0.5
0.5
0.49666666666666665
0.5033333333333333
0.5
0.5
0.5
0.5
0.5
0.5033333333333333
0.5
0.49666666666666665
0.5
0.49666666666666665
0.5
0.5
0.49666666666666665
0.49666666666666665
0.5
0.49666666666666665
0.49666666666666665
0.5033333333333333
0.5
0.5033333333333333
0.5
0.5
0.5
0.49666666666666665
0.5
0.5
0.5
0.5033333333333333
0.5033333333333333
0.5
0.49666666666666665
0.49666666666666665
0.5
0.5
0.5033333333333333
0.5
0.5
0.5033333333333333
0.5
0.5
0.5
0.49666666666666665
0.5033333333333333
0.5
0.5
0.5
0.5
0.5
0.5
0.49666666666666665
0.49666666666666665
0.49666666666666665
0.5033333333333333
0.5
0.5
0.5
0.5
0.5033333333333333
0.5033333333333333
0.5033333333333333
0.5
0.5
0.5
0.5
0.5
0.5
0.5033333333333333
0.5033333333333333
0.5
0.5
0.5
0.5
0.49666666666666665
0.5
0.5033333333333333
0.49666666666666665
0.5
0.5
0.5033333333333333
0.5
0.5
0.5
0.5
0.5
0.5
0.5
0.5
0.49666666666666665
0.5033333333333333
0.49666666666666665
0.5033333333333333
0.5
0.5
0.5033333333333333
0.5
0.49666666666666665
0.49666666666666665
0.5
0.5
0.5
0.5
0.5
0.5033333333333333
0.5
0.5033333333333333
0.5
0.49666666666666665
0.49666666666666665
0.5
0.5033333333333333
0.5
0.5
0.5
0.5
0.5
0.5
0.5
0.5
0.5
0.5033333333333333
0.5
0.5033333333333333
0.5
0.5
0.49666666666666665
0.5
0.5
0.5
0.5
0.5
0.49666666666666665
0.5033333333333333
0.5033333333333333
0.5
0.5033333333333333
0.49666666666666665
0.5
0.5
0.5
0.5033333333333333
0.49666666666666665
0.5
0.5
0.5
0.5
0.5
0.5
0.5
0.5
0.49666666666666665
0.5
0.5
0.49666666666666665
0.5
0.5
0.49666666666666665
0.49666666666666665
0.49666666666666665
0.5
0.49666666666666665
0.49666666666666665
0.49666666666666665
0.5
0.5033333333333333
0.49666666666666665
0.49666666666666665
0.5
0.5
0.5033333333333333
0.49666666666666665
0.5
0.5033333333333333
0.5033333333333333
0.49666666666666665
0.5
0.5033333333333333
0.5
0.5033333333333333
0.49666666666666665
0.5
0.49666666666666665
0.5
0.49333333333333335
0.49666666666666665
0.5
0.5033333333333333
0.49333333333333335
0.5033333333333333
0.5
0.49666666666666665
0.5
0.5
0.49666666666666665
0.5033333333333333
0.5033333333333333
0.5
0.5033333333333333
0.5
0.5033333333333333
0.49666666666666665
0.49666666666666665
0.5
0.49333333333333335
0.49666666666666665
0.49666666666666665
0.49666666666666665
0.49666666666666665
0.5
0.5
0.5
0.49666666666666665
