0.5
0.35714285714285715
0.6470588235294118
0.5294117647058824
0.4482758620689655
0.5245901639344263
0.4722222222222222
0.46153846153846156
0.8333333333333334
0.42857142857142855
0.4666666666666667
0.5
0.52
0.44
0.5555555555555556
0.4576271186440678
0.48936170212765956
0.5272727272727272
0.4675324675324675
0.4666666666666667
0.515625
0.5555555555555556
0.509090909090909
0.5
0.5294117647058824
0.4878048780487805
0.46153846153846156
0.46808510638297873
0.525
0.48
0.4857142857142857
0.47619047619047616
0.5
0.4745762711864407
0.4878048780487805
0.6666666666666666
0.5172413793103449
0.4731182795698925
0.5
0.4411764705882353
0.4827586206896552
0.5
0.47540983606557374
0.5238095238095238
0.5210526315789473
0.5
0.5238095238095238
0.4519230769230769
0.4666666666666667
0.5151515151515151
0.5145631067961165
0.5675675675675675
0.5555555555555556
0.48936170212765956
0.5
0.4666666666666667
0.5128205128205128
0.5161290322580645
0.524390243902439
0.5294117647058824
0.5211267605633803
0.45652173913043476
0.5384615384615384
0.5148514851485149
0.5357142857142857
0.509090909090909
0.5227272727272727
0.5274725274725275
0.5643564356435643
0.5294117647058824
0.45263157894736844
0.47368421052631576
0.5209580838323353
0.5294117647058824
0.4634146341463415
0.5217391304347826
0.4601226993865031
0.4782608695652174
0.41509433962264153
0.4591194968553459
0.5
0.47410358565737054
0.5092250922509225
0.5088967971530249
0.5073529411764706
0.5243243243243243
0.5579710144927537
0.48186528497409326
0.5173611111111112
0.5374149659863946
0.5578947368421052
0.5406976744186046
0.5379746835443038
0.5526315789473685
0.5579710144927537
0.5352112676056338
0.5612244897959183
0.5555555555555556
0.5555555555555556
0.5614035087719298
0.5504587155963303
0.5531914893617021
0.5531914893617021
0.5700934579439252
0.5565217391304348
0.5405405405405406
0.549618320610687
0.5462184873949579
0.5447154471544715
0.535031847133758
0.5433070866141733
0.5280373831775701
0.5157232704402516
0.5514018691588785
0.5194174757281553
0.5172413793103449
0.5219123505976095
0.5242290748898678
0.5062761506276151
0.5120967741935484
0.5133333333333333
0.5116279069767442
0.5127118644067796
0.49666666666666665
0.5066666666666667
0.49666666666666665
0.49666666666666665
0.51
0.5033333333333333
0.52
0.5
0.5066666666666667
0.5029585798816568
0.49
0.49
0.5033333333333333
0.4898785425101215
0.49666666666666665
0.5
0.5
0.4829059829059829
0.49666666666666665
0.4780701754385965
0.4881889763779528
0.4838709677419355
0.48120300751879697
0.49
0.49
0.5
0.5033333333333333
0.5
0.49666666666666665
0.5
0.4866666666666667
0.5033333333333333
0.49666666666666665
0.5033333333333333
0.49666666666666665
0.5066666666666667
0.5
0.49
0.49666666666666665
0.5
0.5066666666666667
0.5066666666666667
0.5033333333333333
0.5066666666666667
0.5
0.5031847133757962
0.5
0.5033333333333333
0.5066666666666667
0.5
0.5
0.49666666666666665
0.49666666666666665
0.5105633802816901
0.5050505050505051
0.5033333333333333
0.5066666666666667
0.52
0.5061728395061729
0.5076923076923077
0.5033333333333333
0.5133333333333333
0.5085324232081911
0.5066666666666667
0.5033333333333333
0.5134099616858238
0.5066666666666667
0.49666666666666665
0.5066666666666667
0.5
0.49666666666666665
0.5033333333333333
0.5035460992907801
0.5066666666666667
0.5
0.5089605734767025
0.5033333333333333
