0.5
0.49666666666666665
0.5
0.49666666666666665
0.5
0.5
0.5
0.5
0.5
0.5
0.5
0.49666666666666665
0.5
0.5
0.5
0.49666666666666665
0.5
0.5033333333333333
0.5033333333333333
0.5
0.5033333333333333
0.5
0.5
0.5
0.5
0.5
0.5
0.5
0.5
0.5
0.49666666666666665
0.5
0.5033333333333333
0.5
0.5
0.5
0.5
0.5
0.5
0.5
0.5
0.5
0.5
0.5
0.5
0.5
0.5
0.5
0.5
0.5
0.5
0.5
0.5
0.5
0.5
0.5
0.5
0.5
0.49666666666666665
0.5
0.5
0.5
0.5
0.5
0.5
0.5
0.5
0.49666666666666665
0.5
0.5
0.5
0.5
0.5
0.5
0.5
0.5
0.5
0.5
0.5
0.49666666666666665
0.5
0.5
0.5
0.5
0.49666666666666665
0.5
0.5
0.5033333333333333
0.5
0.5
0.5
0.5
0.5
0.5
0.5
0.5
0.5033333333333333
0.5
0.5
0.5
0.5
0.5
0.5
0.5033333333333333
0.5
0.5
0.5033333333333333
0.5
0.5
0.5
0.5
0.5
0.5
0.5
0.5
0.5
0.5
0.5
0.5
0.5
0.5
0.5
0.5
0.5
0.5
0.5
0.5
0.5033333333333333
0.5
0.5
0.5
0.5033333333333333
0.5033333333333333
0.5033333333333333
0.5033333333333333
0.5033333333333333
0.5033333333333333
0.5033333333333333
0.5053003533568905
0.5033333333333333
0.5054151624548736
0.5037878787878788
0.5033333333333333
0.5062240663900415
0.5037878787878788
0.5088495575221239
0.5019011406844106
0.5064377682403434
0.5085470085470085
0.5063829787234042
0.5065502183406113
0.5066079295154186
0.5067873303167421
0.509090909090909
0.5103092783505154
0.51
0.51010101010101
0.5133689839572193
0.5125628140703518
0.510989010989011
0.5108695652173914
0.5077720207253886
0.51010101010101
0.5089820359281437
0.5146198830409356
0.5082872928176796
0.5103092783505154
0.5135135135135135
0.5146198830409356
0.5116279069767442
0.5144508670520231
0.5146198830409356
0.5113636363636364
0.5087719298245614
0.5098039215686274
0.5114942528735632
0.5197368421052632
0.5105263157894737
0.510989010989011
0.5135135135135135
0.5080213903743316
0.515527950310559
0.5105263157894737
0.5074626865671642
0.5163398692810458
0.5108695652173914
0.5047169811320755
0.5111111111111111
0.5081967213114754
0.5128205128205128
0.5092592592592593
0.5081081081081081
0.507537688442211
0.5072463768115942
0.5052083333333334
0.5111111111111111
0.5048543689320388
0.510752688172043
0.5050505050505051
0.5054347826086957
0.5052083333333334
0.5068493150684932
0.5083798882681564
0.5079365079365079
0.5079365079365079
0.5054347826086957
0.5076142131979695
0.5054347826086957
0.50625
0.5105263157894737
0.5120481927710844
0.5120481927710844
0.5120481927710844
0.5096774193548387
0.510989010989011
0.5125
0.5086705202312138
0.5086705202312138
0.5140845070422535
0.5128205128205128
0.5089820359281437
0.5142857142857142
0.5179856115107914
0.5220588235294118
0.51875
0.524822695035461
0.5177304964539007
0.5231788079470199
0.5214285714285715
0.5231788079470199
0.5231788079470199
0.5307692307692308
0.5238095238095238
0.5259259259259259
0.5205479452054794
0.5285714285714286
0.5348837209302325
0.5384615384615384
0.5348837209302325
0.5396825396825397
0.5317460317460317
0.5362318840579711
0.5431034482758621
0.5396825396825397
0.5333333333333333
0.5526315789473685
0.544
0.5535714285714286
0.5526315789473685
0.5461538461538461
0.5476190476190477
0.5454545454545454
0.5407407407407407
0.5517241379310345
0.5476190476190477
0.546875
0.5565217391304348
0.5508474576271186
0.5508474576271186
0.5476190476190477
0.5491803278688525
0.5461538461538461
0.5555555555555556
0.5476190476190477
0.5573770491803278
0.5583333333333333
0.5528455284552846
0.5511811023622047
0.546875
0.5508474576271186
0.5495495495495496
0.5447154471544715
0.5537190082644629
0.5447154471544715
0.5528455284552846
0.549618320610687
0.5433070866141733
0.5454545454545454
0.5545454545454546
0.549618320610687
0.5565217391304348
0.5508474576271186
0.5517241379310345
0.55
0.5486725663716814
0.5433070866141733
0.5546218487394958
0.5447154471544715
0.5517241379310345
0.5419847328244275
0.544
0.5483870967741935
0.5454545454545454
0.5517241379310345
0.5575221238938053
0.5401459854014599
0.5447154471544715
0.5573770491803278
0.5419847328244275
0.5526315789473685
0.5555555555555556
0.5454545454545454
0.5454545454545454
0.5474452554744526
0.5441176470588235
0.5454545454545454
0.5491803278688525
0.5461538461538461
0.5367647058823529
0.5426356589147286
0.5367647058823529
0.5454545454545454
0.5407407407407407
0.5347222222222222
0.5324675324675324
0.5403225806451613
0.5328467153284672
0.5347222222222222
0.5348837209302325
0.5294117647058824
0.5338345864661654
0.5244755244755245
0.5244755244755245
0.528169014084507
0.5225806451612903
0.5327868852459017
0.5208333333333334
0.5222929936305732
0.5251798561151079
0.525974025974026
0.5234899328859061
0.5273972602739726
0.5209580838323353
0.5202312138728323
0.5211267605633803
0.5212121212121212
0.5149700598802395
0.5170068027210885
0.5163398692810458
0.5174418604651163
0.5153374233128835
0.5194805194805194
0.5139664804469274
0.5176470588235295
0.5167785234899329
0.5166666666666667
0.5124378109452736
0.5146198830409356
0.5144508670520231
0.5073170731707317
0.5103092783505154
0.5108695652173914
0.5116279069767442
0.510989010989011
0.5089820359281437
0.5078534031413613
0.5123456790123457
0.51010101010101
0.5108695652173914
0.5079365079365079
0.507537688442211
0.5081967213114754
0.5153374233128835
0.5052631578947369
0.5112359550561798
0.5113636363636364
0.5116279069767442
0.5112359550561798
0.5108695652173914
0.5161290322580645
0.5121951219512195
0.5081967213114754
0.5112359550561798
0.5125
0.5113636363636364
0.5174418604651163
0.5095541401273885
0.5117647058823529
0.5149700598802395
0.5151515151515151
0.5172413793103449
0.5163398692810458
0.5146198830409356
0.5149700598802395
0.5161290322580645
0.5146198830409356
0.5139664804469274
0.514792899408284
0.5117647058823529
0.5189873417721519
0.5178571428571429
0.5168539325842697
0.5172413793103449
0.5146198830409356
0.5157232704402516
0.5161290322580645
0.515527950310559
0.5217391304347826
0.5165562913907285
0.5172413793103449
0.5176470588235295
0.5142857142857142
0.5157232704402516
0.5194805194805194
0.510752688172043
0.5138121546961326
0.5093167701863354
0.5139664804469274
0.515527950310559
0.5080213903743316
0.5102040816326531
0.510989010989011
0.5081967213114754
0.510752688172043
0.5088757396449705
0.5095541401273885
0.510752688172043
0.5094339622641509
0.5105263157894737
0.5114942528735632
0.51
0.5172413793103449
0.5132275132275133
0.5071090047393365
0.5161290322580645
0.5146198830409356
0.5251798561151079
0.5159235668789809
0.5146198830409356
0.5176470588235295
0.5241379310344828
0.5185185185185185
0.515527950310559
0.524390243902439
0.5225806451612903
0.5255474452554745
0.5256410256410257
0.5306122448979592
0.5231788079470199
0.5338345864661654
0.5244755244755245
0.5285714285714286
0.5253164556962026
0.5362318840579711
0.5294117647058824
0.5246913580246914
0.5371900826446281
0.5235294117647059
0.5390625
0.5279503105590062
0.5343511450381679
0.5333333333333333
0.5314685314685315
0.5403225806451613
0.5343511450381679
0.5454545454545454
0.5338345864661654
0.5362318840579711
0.5390625
0.532051282051282
0.5390625
0.5373134328358209
0.5431034482758621
0.5369127516778524
0.539568345323741
0.5413533834586466
0.544
0.5483870967741935
0.5447761194029851
0.5390070921985816
0.5483870967741935
0.5413533834586466
0.5481481481481482
0.5555555555555556
0.5378787878787878
0.5503875968992248
0.546875
0.539568345323741
0.5511811023622047
0.5476190476190477
0.5422535211267606
0.5517241379310345
0.5528455284552846
0.5546875
0.5428571428571428
0.5413533834586466
0.5426356589147286
0.5483870967741935
0.552
0.5426356589147286
0.5537190082644629
0.5476190476190477
0.5434782608695652
0.5447761194029851
0.5441176470588235
0.5401459854014599
0.5447761194029851
0.5517241379310345
0.5491803278688525
0.5461538461538461
0.5436241610738255
0.5488721804511278
0.5441176470588235
0.5433070866141733
0.5476190476190477
0.552
0.539568345323741
0.5422535211267606
0.5555555555555556
0.5416666666666666
0.5535714285714286
0.5503875968992248
0.54
0.5436241610738255
0.5478260869565217
0.5454545454545454
0.5422535211267606
0.5607476635514018
0.5511811023622047
0.5448275862068965
0.55
0.5488721804511278
0.5470085470085471
0.546875
0.5434782608695652
0.5434782608695652
0.5517241379310345
0.5555555555555556
0.5511811023622047
0.5517241379310345
0.5603448275862069
0.5546875
0.5503875968992248
0.54421768707483
0.552
0.5573770491803278
0.5481481481481482
0.5652173913043478
0.5581395348837209
0.5609756097560976
0.5555555555555556
0.5677966101694916
0.5606060606060606
0.5583333333333333
0.5555555555555556
0.5538461538461539
0.5636363636363636
0.5614035087719298
0.5754716981132075
0.5634920634920635
0.5688073394495413
0.5754716981132075
0.5514705882352942
0.5700934579439252
0.58
0.5514705882352942
0.56
0.5625
0.5641025641025641
0.5655737704918032
0.5583333333333333
0.5641025641025641
0.5619834710743802
0.556390977443609
0.5625
0.5714285714285714
0.5555555555555556
0.5581395348837209
0.5636363636363636
0.5575221238938053
0.5546218487394958
0.5688073394495413
0.5583333333333333
0.5688073394495413
0.5538461538461539
0.5508474576271186
0.552
0.5503875968992248
0.5555555555555556
0.5573770491803278
0.5537190082644629
0.5575221238938053
0.5441176470588235
0.5528455284552846
0.5585585585585585
0.5447761194029851
0.5528455284552846
0.5413533834586466
0.5483870967741935
0.55
0.544
0.539568345323741
0.5508474576271186
0.5470085470085471
0.5454545454545454
0.5441176470588235
0.5454545454545454
0.5454545454545454
0.5441176470588235
0.5422535211267606
0.5374149659863946
0.5333333333333333
0.5462184873949579
0.5447154471544715
0.5419847328244275
0.5384615384615384
0.5343511450381679
0.5285714285714286
0.5367647058823529
0.528169014084507
0.541095890410959
0.5357142857142857
0.5348837209302325
0.524390243902439
0.5338345864661654
0.5310344827586206
0.5294117647058824
0.5367647058823529
0.5413533834586466
0.5378787878787878
0.532051282051282
0.5323741007194245
0.5413533834586466
0.5338345864661654
0.5338345864661654
0.5367647058823529
0.5362318840579711
0.5343511450381679
0.5286624203821656
0.5373134328358209
0.5343511450381679
0.5403225806451613
0.5362318840579711
0.5419847328244275
0.5384615384615384
0.5290697674418605
0.524390243902439
0.5483870967741935
0.5426356589147286
0.5343511450381679
0.5324675324675324
0.5343511450381679
0.5413533834586466
0.5359477124183006
0.5359477124183006
0.5316455696202531
0.5454545454545454
0.5433070866141733
0.5426356589147286
0.539568345323741
0.5373134328358209
0.5426356589147286
0.55
0.5478260869565217
0.5476190476190477
0.5359477124183006
0.5454545454545454
0.5369127516778524
0.5419847328244275
0.5508474576271186
0.5454545454545454
0.5454545454545454
0.5491803278688525
0.5369127516778524
0.5514018691588785
0.5416666666666666
0.5426356589147286
0.5422535211267606
0.541095890410959
0.544
0.5603448275862069
0.5503875968992248
0.5488721804511278
0.5508474576271186
0.5537190082644629
0.5488721804511278
0.5491803278688525
0.5511811023622047
0.5447761194029851
0.539568345323741
0.5434782608695652
0.5441176470588235
0.5454545454545454
0.5461538461538461
0.5546875
0.5396825396825397
0.5422535211267606
0.5454545454545454
0.5416666666666666
0.5454545454545454
0.5483870967741935
0.5359477124183006
0.544
0.5517241379310345
0.5419354838709678
0.5419847328244275
0.5401459854014599
0.5491803278688525
0.5433070866141733
0.5454545454545454
0.5369127516778524
0.5461538461538461
0.5428571428571428
0.5428571428571428
0.5462184873949579
0.5428571428571428
0.5379310344827586
0.5384615384615384
0.5428571428571428
0.5426356589147286
0.5454545454545454
0.5384615384615384
0.5433070866141733
0.535031847133758
0.538961038961039
0.5359477124183006
0.5364238410596026
0.5345911949685535
0.535031847133758
0.55
0.5434782608695652
0.5367647058823529
0.5503875968992248
0.5528455284552846
0.549618320610687
0.5394736842105263
0.5364238410596026
0.549618320610687
0.5413533834586466
0.538961038961039
0.5481481481481482
0.541095890410959
0.5517241379310345
0.5454545454545454
0.55
0.5419847328244275
0.546875
0.552
0.5357142857142857
0.5583333333333333
0.5448275862068965
0.5424836601307189
0.5333333333333333
0.5370370370370371
0.5481481481481482
0.5426356589147286
0.5441176470588235
0.5528455284552846
0.5447761194029851
0.5433070866141733
0.54421768707483
0.5511811023622047
0.5384615384615384
0.5483870967741935
0.5428571428571428
0.5528455284552846
0.5424836601307189
0.5413533834586466
0.541095890410959
0.5419354838709678
0.5481481481481482
0.5436241610738255
0.5483870967741935
0.5460992907801419
0.5511811023622047
0.5401459854014599
0.5511811023622047
0.5555555555555556
0.553030303030303
0.5481481481481482
0.5481481481481482
0.5528455284552846
0.5454545454545454
0.5365853658536586
0.5424836601307189
0.5537190082644629
0.5371428571428571
0.5454545454545454
0.54421768707483
0.536144578313253
0.5514705882352942
0.5460992907801419
0.5488721804511278
0.5375722543352601
0.546875
0.54421768707483
0.543046357615894
0.5564516129032258
0.5467625899280576
0.5380434782608695
0.5421686746987951
0.5447761194029851
0.5424836601307189
0.5394736842105263
0.538961038961039
0.5422535211267606
0.5424836601307189
0.5405405405405406
0.5408805031446541
0.5369127516778524
0.533678756476684
0.5428571428571428
0.5276381909547738
0.5333333333333333
0.5277777777777778
0.5369127516778524
0.532258064516129
0.54
0.5413533834586466
0.5294117647058824
0.5257731958762887
0.5337837837837838
0.5307262569832403
0.5260416666666666
0.5247524752475248
0.5172413793103449
0.5202020202020202
0.5228426395939086
0.5066666666666667
0.5212765957446809
0.525
0.5180722891566265
0.5230769230769231
0.5208333333333334
0.5150375939849624
0.5251396648044693
0.518324607329843
0.5135135135135135
0.5135135135135135
0.51
0.5
0.5033333333333333
0.5133333333333333
0.5175438596491229
0.5155555555555555
0.5181818181818182
0.5152838427947598
0.5180180180180181
0.5248618784530387
0.5202020202020202
0.5066666666666667
0.5198237885462555
0.5188679245283019
0.5201612903225806
0.5191489361702127
0.521505376344086
0.5280898876404494
0.5328947368421053
0.53125
0.5210084033613446
0.5290697674418605
0.5316455696202531
0.5342465753424658
0.532051282051282
0.5280373831775701
0.5345911949685535
0.5362318840579711
0.5384615384615384
0.5310734463276836
0.535483870967742
0.541095890410959
0.529126213592233
0.5390070921985816
0.538961038961039
0.5394736842105263
0.5297619047619048
0.5303867403314917
0.5337423312883436
0.5341614906832298
0.5345911949685535
0.5369127516778524
0.54
0.5341614906832298
0.532051282051282
0.53125
0.5379310344827586
0.5320197044334976
0.5309278350515464
0.5359477124183006
0.5419847328244275
0.5297297297297298
0.5328947368421053
0.5284974093264249
0.5416666666666666
0.5345911949685535
0.5384615384615384
0.5461538461538461
0.5405405405405406
0.5337423312883436
0.5307262569832403
0.526829268292683
0.5316455696202531
0.5303867403314917
0.5352112676056338
0.5394736842105263
0.5379310344827586
0.5369127516778524
0.5337423312883436
0.5243243243243243
0.53125
0.5277777777777778
0.5352112676056338
0.5286624203821656
0.539568345323741
0.5407407407407407
0.5337837837837838
0.5341614906832298
0.5369127516778524
0.5352112676056338
0.5301204819277109
0.5258215962441315
0.5375
0.532608695652174
0.5317919075144508
0.538961038961039
0.5503875968992248
0.532608695652174
0.5370370370370371
0.54421768707483
0.538961038961039
0.543046357615894
0.5345911949685535
0.5408805031446541
0.5390070921985816
0.5390070921985816
0.5460992907801419
0.5454545454545454
0.5546218487394958
0.5424836601307189
0.546875
0.5573770491803278
0.5476190476190477
0.5394736842105263
0.5393939393939394
0.5454545454545454
0.5461538461538461
0.5488721804511278
0.54421768707483
0.5503875968992248
0.5344827586206896
0.5428571428571428
0.5460992907801419
0.5448275862068965
0.5414012738853503
0.5488721804511278
0.5370370370370371
0.5511811023622047
0.5363128491620112
0.543046357615894
0.5460992907801419
0.5434782608695652
0.5441176470588235
0.5474452554744526
0.5394736842105263
0.536144578313253
0.5419847328244275
0.5379310344827586
0.5422535211267606
0.5405405405405406
0.5390070921985816
0.535031847133758
0.5337078651685393
0.5511811023622047
0.5329341317365269
0.5329341317365269
0.5434782608695652
0.5375
0.539568345323741
0.5365853658536586
0.5424836601307189
0.5308641975308642
0.5441176470588235
0.5301204819277109
0.5454545454545454
0.5374149659863946
0.5419847328244275
0.5413533834586466
0.5317919075144508
0.544
0.55
0.5357142857142857
0.5441176470588235
0.5314285714285715
0.5407407407407407
0.5447761194029851
0.535483870967742
0.5394736842105263
0.5341614906832298
0.5461538461538461
0.5390070921985816
0.5317919075144508
0.55
0.5341614906832298
0.5426356589147286
0.5422535211267606
0.5422535211267606
0.5405405405405406
0.5419354838709678
0.5426356589147286
0.5461538461538461
