0.49666666666666665
0.5
0.5033333333333333
0.49666666666666665
0.5
0.5
0.5
0.5
0.5033333333333333
0.5
0.5
0.5
0.5
0.5
0.5
0.5
0.5
0.5
0.5
0.5
0.5
0.49666666666666665
0.5
0.5
0.5
0.5
0.49666666666666665
0.5
0.5
0.5033333333333333
0.5033333333333333
0.49666666666666665
0.5
0.49666666666666665
0.5
0.5
0.5
0.5
0.5
0.5
0.5033333333333333
0.5033333333333333
0.5
0.5
0.5
0.49666666666666665
0.5
0.49333333333333335
0.5
0.49666666666666665
0.49666666666666665
0.5
0.5
0.5
0.5
0.49666666666666665
0.5
0.5033333333333333
0.5033333333333333
0.5
0.5
0.5
0.5
0.49666666666666665
0.49666666666666665
0.5
0.5033333333333333
0.49666666666666665
0.5
0.5
0.5
0.5
0.5
0.5
0.5
0.5
0.5
0.5
0.5033333333333333
0.49666666666666665
0.49666666666666665
0.49666666666666665
0.5
0.5
0.5
0.5
0.5
0.49666666666666665
0.5
0.5
0.5033333333333333
0.49666666666666665
0.5
0.5
0.5
0.49666666666666665
0.5
0.5
0.49666666666666665
0.5
0.5
0.5
0.5
0.5033333333333333
0.49666666666666665
0.49666666666666665
0.5
0.49666666666666665
0.5
0.5
0.49666666666666665
0.5
0.5
0.49666666666666665
0.5
0.5
0.5
0.5
0.49666666666666665
0.5
0.5
0.5
0.5
0.5
0.5
0.5
0.5033333333333333
0.49666666666666665
0.49666666666666665
0.49666666666666665
0.5033333333333333
0.5033333333333333
0.5
0.49666666666666665
0.5
0.5
0.5033333333333333
0.5
0.5033333333333333
0.49666666666666665
0.5
0.5033333333333333
0.5
0.49666666666666665
0.5
0.5033333333333333
0.5033333333333333
0.5
0.49333333333333335
0.5
0.5033333333333333
0.5
0.5
0.5
0.5
0.5
0.49666666666666665
0.5
0.49666666666666665
0.5033333333333333
0.5
0.5033333333333333
0.5
0.49666666666666665
0.5033333333333333
0.5
0.5033333333333333
0.5
0.5
0.5
0.5033333333333333
0.49666666666666665
0.5
0.5
0.5
0.5
0.5
0.49666666666666665
0.5
0.5
0.5
0.5
0.5
0.49666666666666665
0.5
0.5
0.5
0.5
0.5
0.5
0.49333333333333335
0.49666666666666665
0.49666666666666665
0.5
0.5
0.5
0.49666666666666665
0.49666666666666665
0.49666666666666665
0.5
0.5
0.5
0.5
0.5033333333333333
0.5033333333333333
0.5
0.5
0.5
0.49666666666666665
0.49666666666666665
0.5
0.5
0.5033333333333333
0.5
0.5
0.49666666666666665
0.49666666666666665
0.5033333333333333
0.5066666666666667
0.49333333333333335
0.5
0.49666666666666665
0.5033333333333333
0.5
0.5
0.5033333333333333
0.49333333333333335
0.5
0.5
0.49666666666666665
0.5
0.49666666666666665
0.5
0.5
0.5
0.49666666666666665
0.5
0.49666666666666665
0.5033333333333333
0.5
0.49666666666666665
0.49666666666666665
0.5
0.5
0.5066666666666667
0.5
0.5
0.5
0.5033333333333333
0.49666666666666665
0.5
0.5
0.5
0.5033333333333333
0.5
0.5033333333333333
0.49666666666666665
0.5033333333333333
0.49666666666666665
0.5
0.5033333333333333
0.5
0.5
0.49666666666666665
0.5
0.5
0.5
0.49666666666666665
0.5
0.5
0.5033333333333333
0.5
0.5
0.49666666666666665
0.49666666666666665
0.5
0.5
0.5
0.5
0.5
0.5
0.5033333333333333
0.5
0.5
0.5
0.5
0.5
0.5
0.5
0.5
0.5
0.5033333333333333
0.5
0.5
0.49666666666666665
0.5
0.5
0.5033333333333333
0.49666666666666665
0.5
0.5
0.49666666666666665
0.5
0.5
0.49666666666666665
0.5
0.5
0.49666666666666665
0.5
0.5
0.5
0.5
0.49666666666666665
0.5033333333333333
0.5
0.5
0.5
0.49333333333333335
0.5
0.5033333333333333
0.5
0.5
0.5
0.5033333333333333
0.5033333333333333
0.5
0.49666666666666665
0.49333333333333335
0.5
0.49666666666666665
0.5033333333333333
0.49666666666666665
0.49666666666666665
0.5
0.5
0.49666666666666665
0.5
0.5
0.49666666666666665
0.5
0.5
0.49666666666666665
0.5033333333333333
0.5
0.49666666666666665
0.49333333333333335
0.5
0.5
0.49666666666666665
0.49666666666666665
0.49666666666666665
0.49666666666666665
0.49666666666666665
0.49333333333333335
0.49666666666666665
0.49666666666666665
0.5
0.4965277777777778
0.5
0.49333333333333335
0.49666666666666665
0.49666666666666665
0.49
0.49333333333333335
0.49666666666666665
0.4965753424657534
0.49666666666666665
0.49333333333333335
0.49666666666666665
0.5
0.49666666666666665
0.49666666666666665
0.49333333333333335
0.5
0.49666666666666665
0.49666666666666665
0.49666666666666665
0.49666666666666665
0.49666666666666665
0.49666666666666665
0.5
0.5
0.49666666666666665
0.49666666666666665
0.49666666666666665
0.5033333333333333
0.49333333333333335
0.49333333333333335
0.49666666666666665
0.49666666666666665
0.5
0.49666666666666665
0.49333333333333335
0.5
0.49666666666666665
0.49666666666666665
0.5
0.49666666666666665
0.5
0.5
0.49666666666666665
0.5033333333333333
0.49333333333333335
0.49666666666666665
0.5
0.5033333333333333
0.49666666666666665
0.5
0.5
0.49666666666666665
0.5
0.49666666666666665
0.49666666666666665
0.5
0.49666666666666665
0.49666666666666665
0.49666666666666665
0.49666666666666665
0.5033333333333333
0.49666666666666665
0.49666666666666665
0.49666666666666665
0.49666666666666665
0.5
0.49666666666666665
0.49333333333333335
0.5
0.4896551724137931
0.4925925925925926
0.49640287769784175
0.49324324324324326
0.4939271255060729
0.4936708860759494
0.49606299212598426
0.4921875
0.48828125
0.4921259842519685
0.4892703862660944
0.48847926267281105
0.49099099099099097
0.4855769230769231
0.4885844748858447
0.484304932735426
0.4931506849315068
0.48847926267281105
0.48497854077253216
0.4890829694323144
0.49038461538461536
0.4908256880733945
0.48672566371681414
0.49038461538461536
0.4908256880733945
0.48756218905472637
0.48314606741573035
0.49065420560747663
0.4835164835164835
0.485
0.4878048780487805
0.48792270531400966
0.4835680751173709
0.4927536231884058
0.48128342245989303
0.48847926267281105
0.49047619047619045
0.4834123222748815
0.4830917874396135
0.49162011173184356
0.49056603773584906
0.48792270531400966
0.4900990099009901
0.48325358851674644
0.48372093023255813
0.4838709677419355
0.4883720930232558
0.4897959183673469
0.4878048780487805
0.4878048780487805
0.4909090909090909
0.4883720930232558
0.48623853211009177
0.48292682926829267
0.4898989898989899
0.4867924528301887
0.49074074074074076
0.4931506849315068
0.4956896551724138
0.49107142857142855
0.4915254237288136
0.49282296650717705
0.49586776859504134
0.4936708860759494
0.48945147679324896
0.49295774647887325
0.4942084942084942
0.4939271255060729
0.4961832061068702
0.4895833333333333
0.4948453608247423
0.49377593360995853
0.5
0.49666666666666665
0.49491525423728816
0.5
0.49666666666666665
0.49
0.5
0.49666666666666665
0.5
0.49666666666666665
0.49666666666666665
0.49666666666666665
0.49666666666666665
0.5
0.49666666666666665
0.5
0.5
0.49666666666666665
0.5
0.49333333333333335
0.49666666666666665
0.5
0.49666666666666665
0.5
0.49666666666666665
0.49666666666666665
0.49666666666666665
0.5
0.49666666666666665
0.49666666666666665
0.49666666666666665
0.49666666666666665
0.49666666666666665
0.5
0.5
0.49666666666666665
0.49666666666666665
0.5
0.5
0.5
0.5033333333333333
0.5
0.49666666666666665
0.5033333333333333
0.49666666666666665
0.5
0.5
0.49666666666666665
0.49666666666666665
0.49666666666666665
0.5
0.49666666666666665
0.5033333333333333
0.49666666666666665
0.49666666666666665
0.5
0.5033333333333333
0.5
0.5
0.5
0.49666666666666665
0.5033333333333333
0.5
0.49666666666666665
0.49666666666666665
0.5
0.5
0.49666666666666665
0.5
0.5
0.5
0.5033333333333333
0.5033333333333333
0.49666666666666665
0.5
0.5033333333333333
0.5
0.49666666666666665
0.49333333333333335
0.5
0.5
0.49
0.49333333333333335
0.49666666666666665
0.5
0.5
0.5
0.49666666666666665
0.49333333333333335
0.49666666666666665
0.49666666666666665
0.49666666666666665
0.5
0.49333333333333335
0.49666666666666665
0.5
0.49666666666666665
0.49666666666666665
0.49666666666666665
0.5
0.5
0.5
0.5
0.5
0.5
0.49666666666666665
0.49333333333333335
0.49666666666666665
0.49666666666666665
0.49333333333333335
0.49666666666666665
0.5033333333333333
0.49
0.5
0.5
0.49333333333333335
0.49666666666666665
0.5033333333333333
0.5555555555555556
0.5
0.5
0.5
0.49333333333333335
0.49666666666666665
0.5
0.5
0.5
0.49666666666666665
0.5033333333333333
0.5033333333333333
0.49666666666666665
0.49666666666666665
0.49666666666666665
0.5
0.5
0.49666666666666665
0.5
0.5033333333333333
0.5033333333333333
0.49333333333333335
0.49666666666666665
0.49666666666666665
0.49666666666666665
0.5
0.49666666666666665
0.5
0.5033333333333333
0.5033333333333333
0.5
0.5
0.49333333333333335
0.49666666666666665
0.5
0.5
0.5
0.49666666666666665
0.5033333333333333
0.49666666666666665
0.5
0.5
0.49666666666666665
0.49333333333333335
0.5033333333333333
0.5
0.5033333333333333
0.5033333333333333
0.5
0.5033333333333333
0.5
0.5
0.5
0.49666666666666665
0.49666666666666665
0.5
0.49666666666666665
0.5033333333333333
0.49666666666666665
0.5
0.5
0.5
0.5033333333333333
0.49666666666666665
0.5
0.5
0.5033333333333333
0.5
0.5
0.5
0.49666666666666665
0.5033333333333333
0.49666666666666665
0.5
0.5033333333333333
0.5
0.49666666666666665
0.5
0.49666666666666665
0.5
0.49666666666666665
0.49666666666666665
0.5
0.5
0.5033333333333333
0.5
0.49666666666666665
0.49666666666666665
0.49666666666666665
0.5
0.5
0.49666666666666665
0.49666666666666665
0.49666666666666665
0.5033333333333333
0.49666666666666665
0.5033333333333333
0.49666666666666665
0.5
0.5033333333333333
0.5
0.49666666666666665
0.49666666666666665
0.49666666666666665
0.5033333333333333
0.49666666666666665
0.5066666666666667
0.5
0.49666666666666665
0.5
0.5
0.5
0.49666666666666665
0.5
0.5
0.5033333333333333
0.5
0.5
0.5
0.49666666666666665
0.5033333333333333
0.5
0.49666666666666665
0.5033333333333333
0.5
0.5033333333333333
0.5
0.5
0.5
0.5
0.5
0.5
0.5033333333333333
0.49666666666666665
0.49666666666666665
0.5
0.5
0.49666666666666665
0.5
0.5
0.5
0.5
0.49666666666666665
0.49666666666666665
0.5
0.49666666666666665
0.5
0.5
0.49666666666666665
0.49666666666666665
0.5
0.49666666666666665
0.5
0.49666666666666665
0.49666666666666665
0.5
0.49666666666666665
0.5033333333333333
0.5
0.5
0.5
0.5
0.5
0.5
0.5033333333333333
0.5
0.49666666666666665
0.5
0.5
0.5
0.5
0.5
0.5
0.5
0.49666666666666665
0.5
0.49666666666666665
0.49333333333333335
0.5
0.49666666666666665
0.5
0.49666666666666665
0.49666666666666665
0.5
0.49666666666666665
0.5
0.5
0.5
0.5
0.49666666666666665
0.5
0.5
0.5
0.5033333333333333
0.5
0.5
0.5
0.5
0.5033333333333333
0.5
0.5
0.49666666666666665
0.5
0.5
0.49666666666666665
0.5
0.5
0.5
0.5
0.5
0.5
0.5033333333333333
0.49666666666666665
0.5
0.5
0.5
0.5
0.5033333333333333
0.5
0.49666666666666665
0.5033333333333333
0.5
0.49666666666666665
0.5
0.5
0.5
0.5
0.5
0.5
0.5
0.49666666666666665
0.5
0.5
0.49666666666666665
0.5
0.5
0.5
0.5
0.5
0.5
0.49666666666666665
0.5
0.5033333333333333
0.5
0.5
0.5
0.49666666666666665
0.5
0.5
0.5
0.5
0.49666666666666665
0.5
0.5
0.5
0.5033333333333333
0.5
0.5
0.5033333333333333
0.49666666666666665
0.5
0.5
0.5
0.5033333333333333
0.5
0.5
0.5
0.5
0.5
0.5033333333333333
0.5
0.5
0.5
0.5
0.5033333333333333
0.5
0.49666666666666665
0.5033333333333333
0.5
0.49666666666666665
0.5
0.5
0.5
0.5
0.49666666666666665
0.5
0.5
0.5
0.5
0.5
0.49666666666666665
0.5
0.5
0.49666666666666665
0.5033333333333333
0.5
0.49666666666666665
0.5
0.5033333333333333
0.5033333333333333
0.5033333333333333
0.5
0.5
0.5033333333333333
0.5
0.49333333333333335
0.5
0.5
0.5
0.5
0.5
0.49666666666666665
0.49666666666666665
0.49666666666666665
0.5
0.5033333333333333
0.5
0.5
0.5
0.5
0.5
0.5
0.5033333333333333
0.5033333333333333
0.5
0.5
0.5
0.5
0.5033333333333333
0.5033333333333333
0.49666666666666665
0.5
0.49666666666666665
0.5
0.49666666666666665
0.5
0.5
0.5
0.5
0.49666666666666665
0.5
0.5
0.5
0.49666666666666665
0.5
0.5
0.5033333333333333
0.5
0.49666666666666665
0.5
0.49666666666666665
0.5
0.5033333333333333
0.5033333333333333
0.5
0.5
0.5
0.49666666666666665
0.5
0.5
0.5
0.5
0.5033333333333333
0.5
0.49666666666666665
0.5
0.5033333333333333
0.5033333333333333
0.5
0.5
0.5
0.49666666666666665
0.5
0.5
0.5
0.49666666666666665
0.5
0.5
0.5
0.5
0.5
0.49666666666666665
0.5
