0.5102040816326531
0.7272727272727273
0.4583333333333333
0.4444444444444444
0.42857142857142855
0.2222222222222222
0.56
0.6923076923076923
0.2222222222222222
0.3
0.5882352941176471
0.35
0.25
0.5
0.4339622641509434
0.5555555555555556
0.09090909090909091
0.6
0.39655172413793105
0.47619047619047616
0.4533333333333333
0.5625
0.5357142857142857
0.6666666666666666
0.47058823529411764
0.4642857142857143
0.41904761904761906
0.5576923076923077
0.6
0.5263157894736842
0.46153846153846156
0.5066666666666667
0.4642857142857143
0.6666666666666666
0.53125
0.4782608695652174
0.6666666666666666
0.5333333333333333
0.37037037037037035
0.47058823529411764
0.4827586206896552
0.5393258426966292
0.5333333333333333
0.5263157894736842
0.4583333333333333
0.4358974358974359
0.5151515151515151
0.5538461538461539
0.4666666666666667
0.48936170212765956
0.4489795918367347
0.42857142857142855
0.5
0.4943820224719101
0.5111111111111111
0.5084745762711864
0.4583333333333333
0.5161290322580645
0.4298245614035088
0.5142857142857142
0.49606299212598426
0.5054945054945055
0.5288461538461539
0.42857142857142855
0.45390070921985815
0.56
0.49666666666666665
0.5526315789473685
0.4661016949152542
0.5538461538461539
0.4855072463768116
0.5
0.5448717948717948
0.5287958115183246
0.536
0.5273972602739726
0.515625
0.45454545454545453
0.5461538461538461
0.5212121212121212
0.5433070866141733
0.5411764705882353
0.5364238410596026
0.532051282051282
0.5229885057471264
0.5202702702702703
0.5447154471544715
0.5033333333333333
0.526829268292683
0.5086705202312138
0.5066666666666667
0.5066666666666667
0.512987012987013
0.51
0.5066666666666667
0.5033333333333333
0.5033333333333333
0.5033333333333333
0.5
0.49666666666666665
0.49666666666666665
0.5033333333333333
0.5
0.507177033492823
0.5
0.49666666666666665
0.49
0.5036496350364964
0.49333333333333335
0.49666666666666665
0.4866666666666667
0.4968152866242038
0.49
0.5066666666666667
0.48507462686567165
0.46875
0.4857142857142857
0.4782608695652174
0.4608695652173913
0.4444444444444444
0.44696969696969696
0.4339622641509434
0.43884892086330934
0.456
0.464
0.4470588235294118
0.43636363636363634
0.46938775510204084
0.43902439024390244
0.4528301886792453
0.43548387096774194
0.4375
0.43243243243243246
0.44144144144144143
0.4507042253521127
0.42727272727272725
0.43333333333333335
0.45774647887323944
0.43333333333333335
0.47058823529411764
0.4375
0.4489795918367347
0.42990654205607476
0.45454545454545453
0.45588235294117646
0.4339622641509434
0.4434782608695652
0.46099290780141844
0.4583333333333333
0.44715447154471544
0.44
0.45217391304347826
0.45714285714285713
0.4666666666666667
0.47101449275362317
0.44554455445544555
0.4853801169590643
0.46511627906976744
0.46715328467153283
0.48333333333333334
0.4580152671755725
0.4915254237288136
0.4796747967479675
0.4742857142857143
0.48823529411764705
0.48026315789473684
0.47058823529411764
0.4909090909090909
0.49310344827586206
0.4936708860759494
0.48880597014925375
0.4897260273972603
0.49333333333333335
0.49666666666666665
0.49333333333333335
0.4866666666666667
0.5
0.5
0.5
0.49666666666666665
0.5033333333333333
0.5066666666666667
0.49333333333333335
0.5
0.5
0.5
0.5033333333333333
0.5
0.49666666666666665
0.49666666666666665
0.49666666666666665
0.5033333333333333
0.5033333333333333
0.49333333333333335
0.5
0.5
0.5
0.49666666666666665
0.5
0.49666666666666665
0.5
0.5
0.49333333333333335
0.49666666666666665
0.49666666666666665
0.5033333333333333
0.49666666666666665
0.49666666666666665
0.49666666666666665
0.5
0.5
0.49333333333333335
0.49666666666666665
0.5
0.49333333333333335
0.5
0.5
0.5
0.49666666666666665
0.5033333333333333
0.5033333333333333
0.5
0.5033333333333333
0.5
0.5
0.5033333333333333
0.5033333333333333
0.5033333333333333
0.5033333333333333
0.49666666666666665
0.5033333333333333
0.5033333333333333
0.49666666666666665
0.49666666666666665
0.5
0.5
0.49333333333333335
0.5033333333333333
0.5
0.5
0.5
0.5033333333333333
0.49666666666666665
0.5
0.49333333333333335
0.49666666666666665
0.49666666666666665
0.5033333333333333
0.5033333333333333
0.5
0.5066666666666667
0.5
0.49666666666666665
0.5033333333333333
0.5
0.5033333333333333
0.49666666666666665
0.49333333333333335
0.49333333333333335
0.49333333333333335
0.49333333333333335
0.49666666666666665
0.49666666666666665
0.49666666666666665
0.49
0.5
0.4838709677419355
0.5
0.49140893470790376
0.49666666666666665
0.49324324324324326
0.4896551724137931
0.49666666666666665
0.48502994011976047
0.48175182481751827
0.49101796407185627
0.49696969696969695
0.47651006711409394
0.49666666666666665
0.46825396825396826
0.47244094488188976
0.49666666666666665
0.4866666666666667
0.47333333333333333
0.49
0.5079365079365079
0.5
0.49
0.5041666666666667
0.4964788732394366
0.49333333333333335
0.49
0.49
0.49333333333333335
0.49
0.49
0.49333333333333335
0.49666666666666665
0.49666666666666665
0.49333333333333335
0.49466192170818507
0.5
0.49666666666666665
0.49333333333333335
0.49
0.49
0.49666666666666665
0.49666666666666665
0.49
0.49333333333333335
0.49777777777777776
0.5
0.49333333333333335
0.49666666666666665
0.5066666666666667
0.5
0.49333333333333335
0.49
0.49645390070921985
0.49666666666666665
0.49666666666666665
0.5033333333333333
0.4866666666666667
0.49333333333333335
0.5066666666666667
0.49333333333333335
0.4866666666666667
0.5066666666666667
0.5
0.49666666666666665
0.5033333333333333
0.5066666666666667
0.51
0.51
0.5033333333333333
0.5066666666666667
0.49642857142857144
0.5133333333333333
0.5135135135135135
0.5066666666666667
0.5
0.5033333333333333
0.49635036496350365
0.5
0.49333333333333335
0.5
0.49
0.5066666666666667
0.49666666666666665
0.49812734082397003
0.5
0.49466192170818507
0.5033333333333333
0.5020576131687243
0.5066666666666667
0.5064935064935064
0.5133333333333333
0.5016835016835017
0.5066666666666667
0.51
0.5033333333333333
0.49666666666666665
0.49666666666666665
0.4880952380952381
0.5033333333333333
0.49333333333333335
0.4880952380952381
0.49666666666666665
0.5033333333333333
0.5144230769230769
0.5066666666666667
0.49
0.4939271255060729
0.48828125
0.51
0.5066666666666667
0.5033333333333333
0.49333333333333335
0.49666666666666665
0.49666666666666665
0.5
0.49666666666666665
0.5066666666666667
0.5
0.5033333333333333
0.5
0.5033333333333333
0.493006993006993
0.5033333333333333
0.5033333333333333
0.5066666666666667
0.5033333333333333
0.49666666666666665
0.5066666666666667
0.5066666666666667
0.5
0.5
0.5066666666666667
0.49666666666666665
0.5066666666666667
0.49828178694158076
0.5
0.5
0.5066666666666667
0.5033333333333333
0.5033333333333333
0.5033333333333333
0.5033333333333333
0.49333333333333335
0.49333333333333335
0.49666666666666665
0.5
0.49666666666666665
0.5066666666666667
0.49333333333333335
0.5
0.49666666666666665
0.5
0.5033333333333333
0.5033333333333333
0.5033333333333333
0.5033333333333333
0.49666666666666665
0.49666666666666665
0.49333333333333335
0.5
0.5
0.5033333333333333
0.5
0.49
0.5066666666666667
0.5
0.5033333333333333
0.5
0.5
0.5033333333333333
0.5033333333333333
0.49666666666666665
0.49666666666666665
0.49666666666666665
0.5033333333333333
0.5
0.5
0.5
0.49666666666666665
0.5
0.5033333333333333
0.5
0.49666666666666665
0.5033333333333333
0.49666666666666665
0.49666666666666665
0.5
0.5
0.5033333333333333
0.49333333333333335
0.49666666666666665
0.5033333333333333
0.49666666666666665
0.5
0.49666666666666665
0.49333333333333335
0.49666666666666665
0.5033333333333333
0.5
0.49666666666666665
0.5
0.49666666666666665
0.5
0.5033333333333333
0.5
0.49333333333333335
0.5
0.5
0.5
0.5
0.49666666666666665
0.5
0.5033333333333333
0.49666666666666665
0.49666666666666665
0.49666666666666665
0.49666666666666665
0.5
0.5
0.5
0.5
0.5
0.5066666666666667
0.49666666666666665
0.5
0.49666666666666665
0.5
0.5
0.5033333333333333
0.5
0.5033333333333333
0.5033333333333333
0.49666666666666665
0.49666666666666665
0.5066666666666667
0.5
0.5
0.49666666666666665
0.49666666666666665
0.5
0.5
0.5
0.5033333333333333
0.49666666666666665
0.5066666666666667
0.5
0.49333333333333335
0.49666666666666665
0.49666666666666665
0.5
0.5033333333333333
0.5033333333333333
0.49666666666666665
0.5033333333333333
0.49666666666666665
0.5
0.49666666666666665
0.5
0.5033333333333333
0.5033333333333333
0.49666666666666665
0.5
0.5033333333333333
0.5
0.5
0.49666666666666665
0.5
0.5033333333333333
0.5033333333333333
0.5033333333333333
0.5
0.5033333333333333
0.5
0.49666666666666665
0.49333333333333335
0.5
0.49666666666666665
0.5
0.5033333333333333
0.5
0.5033333333333333
0.49666666666666665
0.5
0.5033333333333333
0.5
0.5033333333333333
0.5
0.5
0.5
0.5033333333333333
0.49333333333333335
0.5
0.5
0.5033333333333333
0.5
0.49666666666666665
0.49666666666666665
0.5
0.5
0.49666666666666665
0.5
0.5
0.49666666666666665
0.5
0.5033333333333333
0.5033333333333333
0.5066666666666667
0.49666666666666665
0.5
0.5
0.5
0.5
0.49666666666666665
0.5
0.5
0.5
0.5
0.49666666666666665
0.5
0.5033333333333333
0.5
0.5033333333333333
0.5
0.5
0.5066666666666667
0.5033333333333333
0.5
0.5033333333333333
0.49666666666666665
0.5
0.5033333333333333
0.5033333333333333
0.5033333333333333
0.5033333333333333
0.5066666666666667
0.5
0.5033333333333333
0.5051903114186851
0.5
0.5
0.5033333333333333
0.5033333333333333
0.5033333333333333
0.5066666666666667
0.5051194539249146
0.5034722222222222
0.5
0.5033333333333333
0.5017921146953405
0.5072463768115942
0.5017182130584192
0.5037878787878788
0.505338078291815
0.5088967971530249
0.5054151624548736
0.5073529411764706
0.5054945054945055
0.5103448275862069
0.503968253968254
0.5059760956175299
0.5074626865671642
0.5079365079365079
0.5072992700729927
0.5116279069767442
0.5058823529411764
0.509090909090909
0.5126050420168067
0.5059760956175299
0.502127659574468
0.5057034220532319
0.5084745762711864
0.5087719298245614
0.5102880658436214
0.5083333333333333
0.5040650406504065
0.5060240963855421
0.5055762081784386
0.5021645021645021
0.5104602510460251
0.5061224489795918
0.5060728744939271
0.5096525096525096
0.5096525096525096
0.5097276264591439
0.5061224489795918
0.5086206896551724
0.5073529411764706
0.5111940298507462
0.5077519379844961
0.503731343283582
0.5040983606557377
0.5066666666666667
0.5035714285714286
0.5017667844522968
0.506993006993007
0.5033333333333333
0.5033333333333333
0.5066666666666667
0.5066666666666667
0.5066666666666667
0.5033333333333333
0.5033333333333333
0.5066666666666667
0.5089605734767025
0.5052264808362369
0.506993006993007
0.5087108013937283
0.5056603773584906
0.5055762081784386
0.5
0.5098814229249012
0.5101214574898786
0.5038461538461538
0.5056603773584906
0.5043859649122807
0.5084745762711864
0.5061728395061729
0.5101214574898786
0.5102040816326531
0.5137614678899083
0.5062240663900415
0.5103734439834025
0.5068493150684932
0.5109170305676856
0.5047169811320755
0.5099009900990099
0.507177033492823
0.5103092783505154
0.5146443514644351
0.5102040816326531
0.5235294117647059
0.5070422535211268
0.5136612021857924
0.5147058823529411
0.5095238095238095
0.5120772946859904
0.5126903553299492
0.5154639175257731
0.515695067264574
0.5097087378640777
0.5045045045045045
0.5099009900990099
0.5051020408163265
0.5108225108225108
0.5071090047393365
0.5131578947368421
0.5043859649122807
0.5125628140703518
0.508695652173913
0.5123152709359606
0.510548523206751
0.5097087378640777
0.5096153846153846
0.5084745762711864
0.5084033613445378
0.5051020408163265
0.5079365079365079
0.5102880658436214
0.5113122171945701
0.5069124423963134
0.5062761506276151
0.5094339622641509
0.5073170731707317
0.5059288537549407
0.5046296296296297
0.5096153846153846
0.5069124423963134
0.5064377682403434
0.51
0.509009009009009
0.5174129353233831
0.5073170731707317
0.5114155251141552
0.5067873303167421
0.5091743119266054
0.5119617224880383
0.5114155251141552
0.5128205128205128
0.51010101010101
0.5069124423963134
0.5141509433962265
0.5105263157894737
0.5066079295154186
0.5124378109452736
0.51
0.5098039215686274
0.5093457943925234
0.5084745762711864
0.5073891625615764
0.5066666666666667
0.5106382978723404
0.5135135135135135
0.5119047619047619
0.5086206896551724
0.5089285714285714
0.5076142131979695
0.504424778761062
0.5089285714285714
0.5108225108225108
0.5132275132275133
0.5103092783505154
0.507177033492823
0.5121951219512195
0.5104166666666666
0.5093457943925234
0.5124378109452736
0.5128205128205128
0.5102040816326531
0.5166666666666667
0.5072463768115942
0.5093167701863354
0.507177033492823
0.5172413793103449
0.5191256830601093
0.5129533678756477
0.5113636363636364
0.5081081081081081
0.5106382978723404
0.5088757396449705
0.5121951219512195
0.512987012987013
0.507177033492823
0.514792899408284
0.5084745762711864
0.5121951219512195
0.5185185185185185
0.5185185185185185
0.5104166666666666
0.5166666666666667
0.5149700598802395
0.5096153846153846
0.51010101010101
0.5151515151515151
0.5142857142857142
0.5144230769230769
0.5081967213114754
0.5120772946859904
0.5079365079365079
0.5114155251141552
0.5104166666666666
0.5093457943925234
0.5067264573991032
0.5024630541871922
0.514018691588785
0.5114155251141552
0.5110132158590308
0.5089285714285714
0.5117370892018779
0.5069767441860465
0.5068493150684932
0.5071090047393365
0.5102880658436214
0.5089285714285714
0.5124378109452736
0.5112107623318386
0.5101214574898786
0.509009009009009
0.5060240963855421
0.5099009900990099
0.5086206896551724
0.5058823529411764
0.5153061224489796
0.5145631067961165
0.511520737327189
0.5111111111111111
0.5117370892018779
0.5061224489795918
0.509090909090909
0.5106382978723404
0.5065502183406113
0.5084745762711864
0.5033333333333333
0.5041322314049587
0.5
0.502092050209205
0.49666666666666665
0.5033333333333333
0.5033333333333333
0.5
0.49666666666666665
0.5033333333333333
0.49666666666666665
0.49333333333333335
0.49666666666666665
0.49333333333333335
0.5
0.49666666666666665
0.5
0.5033333333333333
0.5
0.5
0.5
0.5033333333333333
0.49333333333333335
0.5033333333333333
0.49666666666666665
0.49666666666666665
0.5033333333333333
0.49666666666666665
0.49666666666666665
0.5
0.5033333333333333
0.49666666666666665
0.49666666666666665
0.49693251533742333
0.5
0.5
0.49666666666666665
0.5
0.49666666666666665
0.5
0.49666666666666665
0.5
0.5033333333333333
0.5
0.5
0.49666666666666665
0.49666666666666665
0.49666666666666665
0.5
0.49333333333333335
0.5
0.5033333333333333
0.5
0.5033333333333333
0.5
0.5033333333333333
0.5033333333333333
0.5033333333333333
0.5
0.5
0.5
0.5033333333333333
0.5
0.5033333333333333
0.5033333333333333
0.5
0.5017421602787456
0.5075187969924813
0.5078740157480315
0.5017543859649123
0.5016835016835017
0.5037593984962406
0.5033333333333333
0.501779359430605
0.5099601593625498
0.5
0.5054151624548736
0.5033333333333333
0.5
0.5033333333333333
0.5
0.5
0.5
0.5066666666666667
0.5066666666666667
0.5033333333333333
0.5
0.5
0.5033333333333333
0.49666666666666665
0.5
0.5
0.5
0.49666666666666665
0.5033333333333333
0.5
0.49666666666666665
0.5
0.5
0.5033333333333333
0.49666666666666665
0.49666666666666665
0.49666666666666665
0.5033333333333333
0.49333333333333335
0.5
0.5
0.5033333333333333
0.5
0.5066666666666667
0.49666666666666665
0.5
0.5
0.5066666666666667
0.5
0.5033333333333333
0.5
0.5
0.5033333333333333
0.5033333333333333
0.5033333333333333
0.5033333333333333
0.5033333333333333
0.5071428571428571
0.49666666666666665
0.5066666666666667
0.5033333333333333
0.53
0.5033333333333333
0.5066666666666667
0.5018315018315018
0.5066666666666667
0.5037037037037037
0.5169491525423728
0.5133333333333333
0.51
0.4977578475336323
0.5
0.51
0.497907949790795
0.515625
0.5066666666666667
0.5071428571428571
0.5128205128205128
0.5454545454545454
0.5230769230769231
0.5245901639344263
0.5294117647058824
0.5333333333333333
0.5504587155963303
0.5259259259259259
0.5327868852459017
0.5445544554455446
0.5303030303030303
0.5495495495495496
0.5391304347826087
0.5491803278688525
0.5454545454545454
0.559322033898305
0.5607476635514018
0.5384615384615384
0.5514018691588785
0.5636363636363636
