0.5
0.5
0.5033333333333333
0.5
0.49666666666666665
0.5
0.5
0.5
0.5
0.5
0.5
0.5
0.5
0.5
0.5
0.5
0.5
0.49666666666666665
0.5
0.5
0.5033333333333333
0.5
0.5
0.5
0.5
0.5
0.5
0.5
0.5
0.5
0.5
0.5
0.5
0.5
0.5
0.5
0.5033333333333333
0.5
0.5
0.5033333333333333
0.5033333333333333
0.5033333333333333
0.5
0.5
0.5033333333333333
0.5
0.5
0.5
0.5
0.5
0.5
0.5033333333333333
0.5033333333333333
0.5
0.5
0.5
0.5033333333333333
0.5033333333333333
0.5
0.5
0.5
0.5033333333333333
0.5
0.5
0.5033333333333333
0.5066666666666667
0.5
0.5
0.5033333333333333
0.5
0.5
0.5
0.5
0.5
0.5
0.5
0.5
0.5
0.5
0.5
0.5
0.5
0.5
0.5
0.5033333333333333
0.5
0.5
0.5
0.5
0.5
0.5
0.5
0.5
0.5033333333333333
0.5
0.5033333333333333
0.5
0.5
0.5033333333333333
0.5
0.5
0.5033333333333333
0.5033333333333333
0.5
0.5
0.5033333333333333
0.5
0.5
0.5
0.5
0.5
0.5
0.5033333333333333
0.5
0.5
0.5
0.5
0.5
0.5
0.5
0.5
0.5
0.5
0.5
0.5033333333333333
0.5
0.5
0.5033333333333333
0.5
0.5
0.5033333333333333
0.5
0.5
0.49666666666666665
0.5
0.5
0.5
0.5
0.5
0.5033333333333333
0.5
0.5
0.5033333333333333
0.5
0.5
0.5
0.5
0.5
0.5033333333333333
0.5
0.5
0.5033333333333333
0.5
0.5033333333333333
0.5
0.5033333333333333
0.5033333333333333
0.5033333333333333
0.5
0.5033333333333333
0.5
0.5033333333333333
0.5
0.5
0.5
0.5033333333333333
0.5
0.5
0.5
0.5
0.5033333333333333
0.5
0.5
0.5
0.5033333333333333
0.5
0.5
0.5
0.5
0.5033333333333333
0.5
0.5
0.5
0.5033333333333333
0.5
0.5
0.5
0.5
0.5
0.5
0.5033333333333333
0.5
0.5
0.5
0.5033333333333333
0.5033333333333333
0.5
0.5033333333333333
0.5033333333333333
0.5033333333333333
0.5033333333333333
0.5033333333333333
0.5033333333333333
0.5
0.5033333333333333
0.5033333333333333
0.5033333333333333
0.5033333333333333
0.5
0.5033333333333333
0.5033333333333333
0.5033333333333333
0.5033333333333333
0.5
0.5033333333333333
0.5033333333333333
0.5
0.5033333333333333
0.5
0.5033333333333333
0.5033333333333333
0.5033333333333333
0.5033333333333333
0.5033333333333333
0.5033333333333333
0.5
0.5033333333333333
0.5033333333333333
0.5
0.5033333333333333
0.5
0.5
0.5033333333333333
0.5
0.5
0.5
0.5033333333333333
0.5
0.5
0.5033333333333333
0.5033333333333333
0.5
0.5
0.5
0.5
0.5
0.5
0.5033333333333333
0.5
0.5
0.5033333333333333
0.5
0.5033333333333333
0.5
0.5
0.5033333333333333
0.5
0.5033333333333333
0.5
0.5
0.5033333333333333
0.5
0.5
0.5
0.5
0.5033333333333333
0.5
0.5
0.5
0.5033333333333333
0.5
0.5
0.5
0.5
0.5
0.5
0.5
0.5
0.5
0.5
0.5
0.5033333333333333
0.5
0.5
0.5
0.5
0.5
0.5
0.5
0.5
0.5033333333333333
0.5033333333333333
0.5033333333333333
0.5
0.5
0.5033333333333333
0.5
0.5
0.5
0.5
0.5
0.5
0.5
0.5
0.5
0.5033333333333333
0.5
0.5
0.5033333333333333
0.5033333333333333
0.5033333333333333
0.5033333333333333
0.5
0.5033333333333333
0.5033333333333333
0.5
0.5033333333333333
0.5033333333333333
0.5033333333333333
0.5
0.5
0.5
0.5033333333333333
0.5
0.5
0.5033333333333333
0.5033333333333333
0.5033333333333333
0.5033333333333333
0.5
0.5
0.5033333333333333
0.5033333333333333
0.5
0.5033333333333333
0.5
0.5
0.5033333333333333
0.5033333333333333
0.5033333333333333
0.5033333333333333
0.5033333333333333
0.5033333333333333
0.5
0.5033333333333333
0.5033333333333333
0.5066666666666667
0.5033333333333333
0.5033333333333333
0.505338078291815
0.5066666666666667
0.5053763440860215
0.5086505190311419
0.5092936802973977
0.5054545454545455
0.5072463768115942
0.5119047619047619
0.5086206896551724
0.5088495575221239
0.5061728395061729
0.5089285714285714
0.5111111111111111
0.5092592592592593
0.5158371040723982
0.5121951219512195
0.5102040816326531
0.5142857142857142
0.5125628140703518
0.5141242937853108
0.5121951219512195
0.5186915887850467
0.5151515151515151
0.515
0.5169082125603864
0.5161290322580645
0.5151515151515151
0.5157894736842106
0.519774011299435
0.5172413793103449
0.5153061224489796
0.52
0.5193370165745856
0.5166666666666667
0.5217391304347826
0.5164835164835165
0.5174418604651163
0.5185185185185185
0.5185185185185185
0.5180722891566265
0.521978021978022
0.5229885057471264
0.5202312138728323
0.5178571428571429
0.5232558139534884
0.5240963855421686
0.5212121212121212
0.5235294117647059
0.5263157894736842
0.524390243902439
0.5214723926380368
0.525974025974026
0.5279503105590062
0.5342465753424658
0.5294117647058824
0.5207100591715976
0.5212121212121212
0.5314685314685315
0.5298013245033113
0.5260115606936416
0.5240963855421686
0.5302013422818792
0.5302013422818792
0.5286624203821656
0.5229885057471264
0.5287356321839081
0.5263157894736842
0.5316455696202531
0.5302013422818792
0.5324675324675324
0.5279503105590062
0.5227272727272727
0.5308641975308642
0.5276073619631901
0.5274725274725275
0.5246913580246914
0.5263157894736842
0.5248618784530387
0.5224719101123596
0.5222222222222223
0.5266272189349113
0.525
0.5222222222222223
0.521505376344086
0.5224719101123596
0.5240641711229946
0.5208333333333334
0.518324607329843
0.5177664974619289
0.518324607329843
0.5224719101123596
0.5175879396984925
0.5217391304347826
0.5172413793103449
0.5198019801980198
0.5130434782608696
0.5208333333333334
0.5128205128205128
0.5151515151515151
0.5174129353233831
0.5204081632653061
0.5185185185185185
0.5170731707317073
0.5133928571428571
0.5148514851485149
0.5162790697674419
0.5185185185185185
0.5145631067961165
0.5130434782608696
0.5122950819672131
0.5130890052356021
0.5110132158590308
0.5177664974619289
0.5154639175257731
0.5141509433962265
0.510548523206751
0.5126050420168067
0.5142857142857142
0.5177664974619289
0.5127118644067796
0.5062761506276151
0.5106382978723404
0.5091575091575091
0.5118110236220472
0.5099601593625498
0.5095057034220533
0.5116279069767442
0.5076335877862596
0.5035714285714286
0.5050167224080268
0.5059288537549407
0.5054545454545455
0.5079365079365079
0.5066666666666667
0.5067567567567568
0.5057034220532319
0.5066666666666667
0.5033333333333333
0.5068027210884354
0.5051546391752577
0.5090252707581228
0.5051546391752577
0.5071428571428571
0.5059760956175299
0.5074626865671642
0.5056179775280899
0.5072992700729927
0.5077519379844961
0.5089605734767025
0.510548523206751
0.5089285714285714
0.508695652173913
0.5084745762711864
0.5093457943925234
0.5086206896551724
0.5095238095238095
0.5089285714285714
0.5066079295154186
0.5089285714285714
0.5112107623318386
0.5113122171945701
0.5099009900990099
0.5081967213114754
0.5116279069767442
0.5104602510460251
0.5084033613445378
0.5082644628099173
0.5083333333333333
0.5066666666666667
0.5098814229249012
0.5070422535211268
0.5064377682403434
0.5058823529411764
0.5084033613445378
0.5080645161290323
0.5080645161290323
0.5128205128205128
0.5080645161290323
0.5081967213114754
0.5060728744939271
0.5087719298245614
0.5085470085470085
0.5104602510460251
0.5078740157480315
0.5067873303167421
0.5085470085470085
0.5081967213114754
0.51171875
0.5066079295154186
0.5064377682403434
0.510548523206751
0.5068493150684932
0.5102040816326531
0.5112107623318386
0.5083333333333333
0.5088495575221239
0.5076923076923077
0.5062240663900415
0.5118483412322274
0.5112107623318386
0.5092592592592593
0.5108225108225108
0.5119617224880383
0.5111111111111111
0.5165876777251185
0.5117370892018779
0.5113122171945701
0.5096153846153846
0.511520737327189
0.5147058823529411
0.5093457943925234
0.5079365079365079
0.5078740157480315
0.5107296137339056
0.5079365079365079
0.5055762081784386
0.5060240963855421
0.5095785440613027
0.5072463768115942
0.5075757575757576
0.5077519379844961
0.5053763440860215
0.5070422535211268
0.5055762081784386
0.5073529411764706
0.5071942446043165
0.5035460992907801
0.5057915057915058
0.5057915057915058
0.5087108013937283
0.5084745762711864
0.5055762081784386
0.5076923076923077
0.50390625
0.5073529411764706
0.5056603773584906
0.5076923076923077
0.5095785440613027
0.5058365758754864
0.5075187969924813
0.5095785440613027
0.5054945054945055
0.5056603773584906
0.5079365079365079
0.5081967213114754
0.5074074074074074
0.508
0.5087719298245614
0.5082644628099173
0.5063291139240507
0.5101214574898786
0.5084745762711864
0.5102040816326531
0.5064935064935064
0.5093457943925234
0.5041322314049587
0.5110132158590308
0.5095238095238095
0.5085470085470085
0.510548523206751
0.5088495575221239
0.5087719298245614
0.5104602510460251
0.5109170305676856
0.5092592592592593
0.5067873303167421
0.5077519379844961
0.5109170305676856
0.5113122171945701
0.5086206896551724
0.507177033492823
0.5070422535211268
0.5114155251141552
0.5083333333333333
0.5114155251141552
0.511520737327189
0.5067264573991032
0.5114155251141552
0.5148514851485149
0.51010101010101
0.5091743119266054
0.5099009900990099
0.5091743119266054
0.5094339622641509
0.5118483412322274
0.5123152709359606
0.5095238095238095
0.5069767441860465
0.5148514851485149
0.515
0.5125628140703518
0.5092592592592593
0.5141509433962265
0.5116279069767442
0.5113122171945701
0.5093457943925234
0.509090909090909
0.5103092783505154
0.5116279069767442
0.5098039215686274
0.51010101010101
0.5093457943925234
0.510752688172043
0.5139664804469274
0.5117370892018779
0.51010101010101
0.5103092783505154
0.5105263157894737
0.5054945054945055
0.5154639175257731
0.5148514851485149
0.5106382978723404
0.5112359550561798
0.51
0.5161290322580645
0.5118483412322274
0.5177664974619289
0.5103092783505154
0.5108695652173914
0.5116279069767442
0.5138121546961326
0.5118483412322274
0.5154639175257731
0.5124378109452736
0.5145631067961165
0.5102040816326531
0.5147058823529411
0.5071090047393365
0.5164835164835165
0.5074626865671642
0.5095238095238095
0.5099009900990099
0.5118483412322274
0.5051546391752577
0.5123152709359606
0.5099009900990099
0.5094339622641509
0.5125628140703518
0.5104166666666666
0.5185185185185185
0.5103092783505154
0.5106382978723404
0.5125628140703518
0.5076923076923077
0.5104166666666666
0.515625
0.518324607329843
0.521978021978022
0.5130890052356021
0.5164835164835165
0.5161290322580645
0.5104166666666666
0.5082872928176796
0.510752688172043
0.5105263157894737
0.5135135135135135
0.5130890052356021
0.5082872928176796
0.5080213903743316
0.518324607329843
0.5129533678756477
0.5138121546961326
0.51010101010101
0.5172413793103449
0.5077720207253886
0.5108695652173914
0.5141242937853108
0.5077720207253886
0.5125628140703518
0.5081967213114754
0.5079365079365079
0.505
0.5133689839572193
0.5132275132275133
0.5111111111111111
0.5026737967914439
0.5126903553299492
0.5083798882681564
0.5144508670520231
0.5106382978723404
0.5105263157894737
0.5112359550561798
0.514792899408284
0.5172413793103449
0.5142857142857142
0.5168539325842697
0.5149700598802395
0.5151515151515151
0.5202312138728323
0.5170454545454546
0.5128205128205128
0.5211267605633803
0.5159235668789809
0.5128205128205128
0.5231788079470199
0.5167785234899329
0.52
0.5202702702702703
0.5241379310344828
0.524822695035461
0.5338345864661654
0.5251798561151079
0.5244755244755245
0.518796992481203
0.5307692307692308
0.5234375
0.5317460317460317
0.5205479452054794
0.5271317829457365
0.5259259259259259
0.5263157894736842
0.5251798561151079
0.5238095238095238
0.5193798449612403
0.5275590551181102
0.5230769230769231
0.5267175572519084
0.5333333333333333
0.5294117647058824
0.5267175572519084
0.5284552845528455
0.5277777777777778
0.5263157894736842
0.5230769230769231
0.5373134328358209
0.5317460317460317
0.5284552845528455
0.5303030303030303
0.5223880597014925
0.5307692307692308
0.5230769230769231
0.536
0.5193798449612403
0.5298507462686567
0.532258064516129
0.53125
0.5238095238095238
0.5267175572519084
0.5317460317460317
0.5378787878787878
0.5338345864661654
0.5289256198347108
0.5294117647058824
0.5343511450381679
0.5275590551181102
0.5384615384615384
0.5294117647058824
0.5230769230769231
0.5666666666666667
0.5317460317460317
0.5365853658536586
0.5348837209302325
0.528
0.5263157894736842
0.532258064516129
0.5371900826446281
0.5284552845528455
0.536
0.5378787878787878
0.5371900826446281
0.5348837209302325
0.53125
0.5303030303030303
0.53125
0.5343511450381679
0.5275590551181102
0.532258064516129
0.53125
0.53125
0.5363636363636364
0.5289256198347108
0.5267175572519084
0.5371900826446281
0.5327868852459017
0.536
0.53125
0.5284552845528455
0.536
0.5365853658536586
0.536
0.532258064516129
0.5354330708661418
0.5299145299145299
0.528169014084507
0.528
0.5327868852459017
0.5284552845528455
0.5255474452554745
0.5317460317460317
0.5307692307692308
0.536
0.5327868852459017
0.5307692307692308
0.532258064516129
0.5271317829457365
0.5371900826446281
0.5338345864661654
0.5327868852459017
0.5275590551181102
0.5333333333333333
0.5396825396825397
0.5426356589147286
0.532258064516129
0.5416666666666666
0.5307692307692308
0.5371900826446281
0.5299145299145299
0.5348837209302325
0.5365853658536586
0.5343511450381679
0.532258064516129
0.5317460317460317
0.5317460317460317
0.528
0.536
0.5271317829457365
0.5303030303030303
0.5343511450381679
0.5384615384615384
0.5365853658536586
0.5289855072463768
0.5259259259259259
0.528
0.532258064516129
0.5259259259259259
0.5327868852459017
0.5303030303030303
0.5307692307692308
0.5255474452554745
0.5275590551181102
0.5298507462686567
0.5275590551181102
0.5384615384615384
0.5230769230769231
0.5343511450381679
0.5263157894736842
0.5289855072463768
0.5289855072463768
0.5230769230769231
0.5185185185185185
0.5338345864661654
0.5303030303030303
0.5294117647058824
0.5328467153284672
0.5211267605633803
0.524822695035461
0.5244755244755245
0.5174825174825175
0.5238095238095238
0.5298507462686567
0.5251798561151079
0.5220125786163522
0.5138888888888888
0.5172413793103449
0.5205479452054794
0.5197368421052632
0.5128205128205128
0.52
0.5131578947368421
0.5163398692810458
0.51875
0.5128205128205128
0.5185185185185185
0.5146198830409356
0.5222929936305732
0.5142857142857142
0.5163398692810458
0.5146198830409356
0.5157232704402516
0.5151515151515151
0.5126582278481012
0.5146198830409356
0.5117647058823529
0.5083798882681564
0.5149700598802395
0.5176470588235295
0.519774011299435
0.5180722891566265
0.515527950310559
0.5165562913907285
0.5178571428571429
0.5149700598802395
0.5163398692810458
0.515527950310559
0.5189873417721519
0.5202312138728323
0.5165562913907285
0.5146198830409356
0.5228758169934641
0.5241379310344828
0.5120481927710844
0.5189873417721519
0.5185185185185185
0.5165562913907285
0.515527950310559
0.5207100591715976
0.5151515151515151
0.5185185185185185
0.5174418604651163
0.5163398692810458
0.5149700598802395
0.5178571428571429
0.5136612021857924
0.5111111111111111
0.5163043478260869
0.5116279069767442
0.5170454545454546
0.510989010989011
0.5168539325842697
0.5142857142857142
0.5170454545454546
0.5119047619047619
0.5139664804469274
0.5174418604651163
0.5081081081081081
0.5138121546961326
0.50920245398773
0.5113636363636364
0.5135135135135135
0.5119047619047619
0.5166666666666667
0.5151515151515151
0.5141242937853108
0.5128205128205128
0.5163043478260869
0.5176470588235295
0.5112359550561798
0.514792899408284
0.5176470588235295
0.5129533678756477
0.5161290322580645
0.510989010989011
0.5112359550561798
0.5104166666666666
0.5081967213114754
0.510989010989011
0.5077720207253886
0.5129533678756477
0.5129533678756477
0.5099009900990099
0.514792899408284
0.5133689839572193
0.5052083333333334
0.5133689839572193
0.5103092783505154
0.5168539325842697
0.5104166666666666
0.5135135135135135
0.5185185185185185
0.5083798882681564
0.5117647058823529
