0.15384615384615385
0.3684210526315789
0.4594594594594595
0.3181818181818182
0.4117647058823529
0.5384615384615384
0.2857142857142857
0.5333333333333333
0.42857142857142855
0.45454545454545453
0.35714285714285715
0.125
0.65
0.5882352941176471
0.6666666666666666
0.5
0.2857142857142857
0.4090909090909091
0.4583333333333333
0.42857142857142855
0.5
0.375
0.6
0.5
0.4794520547945205
0.4
0.5909090909090909
0.5294117647058824
0.5483870967741935
0.6153846153846154
0.5
0.56
0.44
0.4166666666666667
0.48148148148148145
0.44
0.5106382978723404
0.5
0.5
0.47058823529411764
0.48936170212765956
0.5
0.5102040816326531
0.4666666666666667
0.5625
0.5185185185185185
0.42105263157894735
0.5
0.48484848484848486
0.4473684210526316
0.49230769230769234
0.5245901639344263
0.5434782608695652
0.5
0.4782608695652174
0.48484848484848486
0.4864864864864865
0.5263157894736842
0.5
0.5
0.5625
0.5
0.4782608695652174
0.52
0.4827586206896552
0.48484848484848486
0.5416666666666666
0.5
0.47058823529411764
0.48148148148148145
0.5172413793103449
0.5384615384615384
0.46153846153846156
0.45614035087719296
0.49230769230769234
0.5
0.5
0.5
0.5192307692307693
0.46153846153846156
0.5517241379310345
0.5263157894736842
0.4852941176470588
0.47058823529411764
0.5238095238095238
0.475
0.5079365079365079
0.48314606741573035
0.4883720930232558
0.5217391304347826
0.5053763440860215
0.5161290322580645
0.525
0.5214723926380368
0.47058823529411764
0.5454545454545454
0.5
0.5205479452054794
0.5
0.5285714285714286
0.48333333333333334
0.4791666666666667
0.504424778761062
0.5384615384615384
0.4957983193277311
0.5
0.4878048780487805
0.45161290322580644
0.5227272727272727
0.46938775510204084
0.5227272727272727
0.5454545454545454
0.4626865671641791
0.5166666666666667
0.5081967213114754
0.52
0.5
0.5348837209302325
0.5164835164835165
0.5
0.52
0.5245901639344263
0.55
0.5
0.5294117647058824
0.47619047619047616
0.5230769230769231
0.5135135135135135
0.5333333333333333
0.53125
0.5555555555555556
0.5151515151515151
0.44871794871794873
0.5
0.5272727272727272
0.5454545454545454
0.5189873417721519
0.5185185185185185
0.48484848484848486
0.5
0.5172413793103449
0.5
0.5238095238095238
0.5151515151515151
0.5142857142857142
0.5483870967741935
0.5294117647058824
0.5172413793103449
0.5333333333333333
0.5348837209302325
0.5476190476190477
0.5
0.5217391304347826
0.5483870967741935
0.5128205128205128
0.5151515151515151
0.5
0.5
0.53125
0.5172413793103449
0.509090909090909
0.5151515151515151
0.5135135135135135
0.509090909090909
0.5172413793103449
0.5230769230769231
0.5370370370370371
0.5294117647058824
0.527027027027027
0.5263157894736842
0.5232558139534884
0.4752475247524752
0.5370370370370371
0.45714285714285713
0.5267857142857143
0.4647887323943662
0.5625
0.45901639344262296
0.527027027027027
0.5384615384615384
0.489247311827957
0.46875
0.4805194805194805
0.5370370370370371
0.4745762711864407
0.4489795918367347
0.47619047619047616
0.5
0.4489795918367347
0.5196078431372549
0.5416666666666666
0.5371900826446281
0.48
0.5299145299145299
0.453125
0.53125
0.5287356321839081
0.5384615384615384
0.4603174603174603
0.4752475247524752
0.5405405405405406
0.5204081632653061
0.5362318840579711
0.5333333333333333
0.5137614678899083
0.5299145299145299
0.5168539325842697
0.5384615384615384
0.5256410256410257
0.5268817204301075
0.5357142857142857
0.5128205128205128
0.5394736842105263
0.5128205128205128
0.509090909090909
0.46923076923076923
0.4588235294117647
0.5476190476190477
0.4634146341463415
0.5447761194029851
0.4782608695652174
0.4647887323943662
0.4918032786885246
0.47368421052631576
0.47674418604651164
0.45614035087719296
0.45714285714285713
0.47560975609756095
0.48
0.4883720930232558
0.47674418604651164
0.475
0.48717948717948717
0.4647887323943662
0.4482758620689655
0.49382716049382713
0.4606741573033708
0.5606060606060606
0.47058823529411764
0.4626865671641791
0.4953271028037383
0.47126436781609193
0.46153846153846156
0.5180722891566265
0.45054945054945056
0.4473684210526316
0.44680851063829785
0.5488721804511278
0.5028571428571429
0.5492957746478874
0.4621212121212121
0.4642857142857143
0.5269461077844312
0.5
0.4927536231884058
0.49696969696969695
0.4878048780487805
0.5084745762711864
0.559322033898305
0.552
0.5040650406504065
0.5328467153284672
0.5384615384615384
0.524822695035461
0.5555555555555556
0.5855855855855856
0.48
0.5563380281690141
0.48507462686567165
0.5096774193548387
0.5641025641025641
0.48936170212765956
0.5238095238095238
0.5054945054945055
0.48091603053435117
0.5219298245614035
0.5037037037037037
0.5116279069767442
0.5116279069767442
0.4915254237288136
0.4925373134328358
0.48936170212765956
0.5094339622641509
0.45454545454545453
0.4690265486725664
0.46551724137931033
0.4791666666666667
0.48201438848920863
0.47058823529411764
0.4672131147540984
0.46218487394957986
0.4634146341463415
0.46846846846846846
0.464
0.4625
0.47191011235955055
0.4444444444444444
0.4576271186440678
0.46808510638297873
0.4411764705882353
0.44
0.4444444444444444
0.4528301886792453
0.43902439024390244
0.43636363636363634
0.44954128440366975
0.4424778761061947
0.4444444444444444
0.43564356435643564
0.4857142857142857
0.4661016949152542
0.45614035087719296
0.4732824427480916
0.463768115942029
0.4270833333333333
0.46938775510204084
0.5102880658436214
0.4380165289256198
0.5096774193548387
0.4788732394366197
0.4715447154471545
0.4768211920529801
0.4919786096256685
0.46551724137931033
0.5094339622641509
0.48743718592964824
0.5128205128205128
0.4981949458483754
0.49612403100775193
0.51
0.49666666666666665
0.4897260273972603
0.49818181818181817
0.49333333333333335
0.49333333333333335
0.49333333333333335
0.4925925925925926
0.5
0.5
0.49333333333333335
0.5
0.49261083743842365
0.5
0.49666666666666665
0.5033333333333333
0.5133333333333333
0.5110294117647058
0.5136186770428015
0.52046783625731
0.5128205128205128
0.5148148148148148
0.5170731707317073
0.5228426395939086
0.5158371040723982
0.5212765957446809
0.5223880597014925
0.5163398692810458
0.510989010989011
0.5203619909502263
0.5145631067961165
0.5133928571428571
0.5102880658436214
0.5066666666666667
0.5141509433962265
0.518796992481203
0.5033333333333333
0.4977578475336323
0.5033333333333333
0.5066666666666667
0.5033333333333333
0.4962121212121212
0.5033333333333333
0.51
0.49333333333333335
0.5
0.5080645161290323
0.5033333333333333
0.5138888888888888
0.5
0.4827586206896552
0.5033333333333333
0.5166666666666667
0.4947916666666667
0.49038461538461536
0.5081967213114754
0.51
0.5033333333333333
0.49333333333333335
0.5066666666666667
0.49666666666666665
0.49264705882352944
0.5
0.5066666666666667
0.5174825174825175
0.5016949152542373
0.5052631578947369
0.4930555555555556
0.5
0.5106382978723404
0.5085470085470085
0.5
0.49333333333333335
0.5
0.49666666666666665
0.49666666666666665
0.49333333333333335
0.49387755102040815
0.5033333333333333
0.5066666666666667
0.49333333333333335
0.49514563106796117
0.5
0.49666666666666665
0.5033333333333333
0.5033333333333333
0.5
0.49333333333333335
0.49333333333333335
0.514018691588785
0.49666666666666665
0.49829351535836175
0.5066666666666667
0.5
0.4866666666666667
0.498220640569395
0.5033333333333333
0.49333333333333335
0.4940239043824701
0.4798206278026906
0.4978723404255319
0.5066666666666667
0.51
0.47619047619047616
0.5
0.5034013605442177
0.49586776859504134
0.5033333333333333
0.4934210526315789
0.49429657794676807
0.5131578947368421
0.491869918699187
0.51
0.5133333333333333
0.51875
0.5033333333333333
0.51
0.5035971223021583
0.5177304964539007
0.5277777777777778
0.5177304964539007
0.5357142857142857
0.5333333333333333
0.5245901639344263
0.5526315789473685
0.5537190082644629
0.5478260869565217
0.525974025974026
0.5575221238938053
0.5491803278688525
0.5384615384615384
0.5428571428571428
0.5569620253164557
0.5546875
0.5728155339805825
0.5754716981132075
0.5784313725490197
0.5545454545454546
0.5729166666666666
0.5483870967741935
0.5585585585585585
0.5714285714285714
0.5531914893617021
0.5865384615384616
0.5641025641025641
0.5675675675675675
0.5555555555555556
0.5547445255474452
0.5714285714285714
0.5740740740740741
0.5384615384615384
0.5673076923076923
0.5405405405405406
0.5691056910569106
0.5609756097560976
0.5585585585585585
0.5533333333333333
0.5564516129032258
0.553030303030303
0.5703125
0.56
0.5555555555555556
0.5476190476190477
0.5503875968992248
0.5615384615384615
0.5636363636363636
0.5784313725490197
0.5526315789473685
0.5546218487394958
0.5546875
0.5503355704697986
0.5428571428571428
0.5606060606060606
0.5433526011560693
0.5673076923076923
0.5546875
0.5434782608695652
0.5488721804511278
0.5394736842105263
0.5539568345323741
0.5503875968992248
0.5660377358490566
0.54
0.536144578313253
0.5460526315789473
0.5526315789473685
0.5537190082644629
0.5508474576271186
0.5531914893617021
0.5454545454545454
0.5480225988700564
0.543046357615894
0.552
0.5433070866141733
0.5547445255474452
0.5555555555555556
0.5565217391304348
0.535031847133758
0.527363184079602
0.5546875
0.5319148936170213
0.5235602094240838
0.5245901639344263
0.5316455696202531
0.512396694214876
0.5159235668789809
0.525
0.52
0.518348623853211
0.5133928571428571
0.5033333333333333
0.5085324232081911
0.5033333333333333
0.5066666666666667
0.5033333333333333
0.5033333333333333
0.5
0.5
0.49666666666666665
0.49333333333333335
0.49333333333333335
0.5
0.5
0.5
0.5
0.49666666666666665
0.5
0.5066666666666667
0.49666666666666665
0.5
0.49666666666666665
0.5
0.5033333333333333
0.5152542372881356
0.49666666666666665
0.5
0.5
0.5066666666666667
0.5
0.5036764705882353
0.5033333333333333
0.512
0.5145985401459854
0.5283018867924528
0.5128205128205128
0.5089285714285714
0.524390243902439
0.510989010989011
0.5235294117647059
0.5433070866141733
0.5357142857142857
0.5304878048780488
0.5220588235294118
0.5517241379310345
0.5446428571428571
0.5528455284552846
0.5447154471544715
0.5428571428571428
0.5476190476190477
0.5401459854014599
0.5565217391304348
0.5686274509803921
0.5528455284552846
0.5474452554744526
0.5576923076923077
0.5565217391304348
0.5538461538461539
0.5491803278688525
0.552
0.5691056910569106
0.5514705882352942
0.5426356589147286
0.5765765765765766
0.57
0.5481481481481482
0.5714285714285714
0.5581395348837209
0.5714285714285714
0.5652173913043478
0.5483870967741935
0.5614035087719298
0.5434782608695652
0.5384615384615384
0.5747126436781609
0.5609756097560976
0.5677966101694916
0.559322033898305
0.559322033898305
0.56
0.5503875968992248
0.5583333333333333
0.5583333333333333
0.5616438356164384
0.5673076923076923
0.5625
0.5625
0.5603448275862069
0.5565217391304348
0.5647058823529412
0.5422535211267606
0.5391304347826087
0.556390977443609
0.5765765765765766
0.5564516129032258
0.5545454545454546
0.5573770491803278
0.5416666666666666
0.5488721804511278
0.5508474576271186
0.5373134328358209
0.5555555555555556
0.544
0.528169014084507
0.5423728813559322
0.5343511450381679
0.5277777777777778
0.5462184873949579
0.543859649122807
0.5230769230769231
0.5423728813559322
0.527027027027027
0.5225806451612903
0.5289256198347108
0.5371900826446281
0.544
0.5314685314685315
0.5319148936170213
0.5223880597014925
0.5208333333333334
0.5202312138728323
0.5128205128205128
0.5266666666666666
0.5223880597014925
0.5163398692810458
0.53125
0.5263157894736842
0.5099337748344371
0.5141242937853108
0.5077720207253886
0.5084745762711864
0.5205479452054794
0.5103092783505154
0.5190476190476191
0.5111111111111111
0.5051546391752577
0.5089820359281437
0.5166666666666667
0.5170731707317073
0.5129310344827587
0.5178571428571429
0.514792899408284
0.5172413793103449
0.5105263157894737
0.5125628140703518
0.5093457943925234
0.510752688172043
0.5141509433962265
0.5157894736842106
0.51010101010101
0.5094339622641509
0.511520737327189
0.5148514851485149
0.510548523206751
0.508695652173913
0.5111111111111111
0.5086206896551724
0.510548523206751
0.5135135135135135
0.5066666666666667
0.5
0.5033333333333333
0.5033333333333333
0.5033333333333333
0.5033333333333333
0.49673202614379086
0.5
0.49333333333333335
0.49666666666666665
0.5033333333333333
0.51
0.5033333333333333
0.508130081300813
0.5
0.49222797927461137
0.5
0.5027027027027027
0.5
0.49333333333333335
0.5
0.5033333333333333
0.49666666666666665
0.5033333333333333
0.49666666666666665
0.5
0.49333333333333335
0.5019455252918288
0.5
0.49333333333333335
0.49333333333333335
0.5
0.5040650406504065
0.5
0.5033333333333333
0.49666666666666665
0.5
0.5059288537549407
0.49666666666666665
0.5
0.5
0.49333333333333335
0.5
0.5046728971962616
0.49333333333333335
0.5
0.5019157088122606
0.49666666666666665
0.49666666666666665
0.5188679245283019
0.49666666666666665
0.49666666666666665
0.514018691588785
0.49469964664310956
0.5033333333333333
0.5102040816326531
0.5033333333333333
0.5
0.5033333333333333
0.5
0.5
0.5033333333333333
0.5189873417721519
0.5
0.5
0.5033333333333333
0.5
0.5294117647058824
0.49666666666666665
0.5033333333333333
0.5
0.5123152709359606
0.5
0.5033333333333333
0.5454545454545454
0.49333333333333335
0.5033333333333333
0.49666666666666665
0.49
0.5033333333333333
0.49666666666666665
0.5
0.49666666666666665
0.49666666666666665
0.49333333333333335
0.49666666666666665
0.49333333333333335
0.49666666666666665
0.5
0.5
0.5033333333333333
0.49404761904761907
0.5019455252918288
0.49666666666666665
0.49
0.5066666666666667
0.5
0.49666666666666665
0.49333333333333335
0.5
0.489247311827957
0.49
0.49666666666666665
0.49
0.5
0.5033333333333333
0.5
0.5
0.49666666666666665
0.5033333333333333
0.5033333333333333
0.5033333333333333
0.5033333333333333
0.5093632958801498
0.5052631578947369
0.5071942446043165
0.5066666666666667
0.5020242914979757
0.503968253968254
0.5079365079365079
0.5038461538461538
0.5091743119266054
0.5060975609756098
0.52
0.5177304964539007
0.5151515151515151
0.5088757396449705
0.5234899328859061
0.5371900826446281
0.5102040816326531
0.5317460317460317
0.5211267605633803
0.5205479452054794
0.5255474452554745
0.5151515151515151
0.5317460317460317
0.5284552845528455
0.5234375
0.5354330708661418
0.5196850393700787
0.5409836065573771
0.5462184873949579
0.5454545454545454
0.536
0.518796992481203
0.5416666666666666
0.5317460317460317
0.5565217391304348
0.5403225806451613
0.5423728813559322
0.5486725663716814
0.5576923076923077
0.5619047619047619
0.5409836065573771
0.5423728813559322
0.5555555555555556
0.5483870967741935
0.5446428571428571
0.5555555555555556
0.5656565656565656
0.5596330275229358
0.5673076923076923
0.5555555555555556
0.5576923076923077
0.5348837209302325
0.5416666666666666
0.5491803278688525
0.5740740740740741
0.5564516129032258
0.5454545454545454
0.5523809523809524
0.559322033898305
0.5643564356435643
0.5486725663716814
0.5416666666666666
0.5486725663716814
0.5673076923076923
0.5700934579439252
0.5294117647058824
0.5656565656565656
0.5585585585585585
0.5390070921985816
0.5378151260504201
0.5462962962962963
0.559322033898305
0.5454545454545454
0.5423728813559322
0.5419847328244275
0.5508474576271186
0.5462184873949579
0.5378151260504201
0.5619047619047619
0.5378151260504201
0.5384615384615384
0.5462184873949579
0.5333333333333333
0.5384615384615384
0.5259259259259259
0.5396825396825397
0.527027027027027
0.53125
0.5533980582524272
0.5384615384615384
0.5307692307692308
0.5234375
0.5478260869565217
0.5128205128205128
0.528169014084507
0.5338345864661654
0.5211267605633803
0.5106382978723404
0.5107913669064749
0.5275590551181102
0.5344827586206896
0.5446428571428571
0.5338345864661654
0.5348837209302325
0.5147058823529411
0.5158730158730159
0.506578947368421
0.5093167701863354
0.5398230088495575
0.52
0.52
0.518796992481203
0.5062761506276151
0.53125
0.5193798449612403
0.5412844036697247
0.5230769230769231
0.5115384615384615
0.5144927536231884
0.5054545454545455
0.5
0.5073529411764706
0.5066666666666667
0.5051903114186851
0.5051194539249146
0.5051903114186851
0.503731343283582
0.5033333333333333
0.5133079847908745
0.5109170305676856
0.5052264808362369
0.5059760956175299
0.5085910652920962
0.503731343283582
0.5096525096525096
0.5112781954887218
0.503731343283582
0.5093632958801498
0.5081967213114754
0.5120967741935484
0.5185185185185185
0.5018450184501845
0.5020746887966805
0.5135135135135135
0.510548523206751
0.5103734439834025
0.5129310344827587
0.514018691588785
0.5128205128205128
0.511520737327189
0.5041322314049587
0.5103734439834025
0.5167464114832536
0.5119617224880383
0.5138888888888888
0.5175438596491229
0.5107296137339056
0.5128205128205128
0.5099601593625498
0.5114503816793893
0.5137931034482759
0.5141509433962265
0.5092250922509225
0.5161290322580645
0.5147679324894515
0.5147679324894515
0.5088495575221239
0.5097087378640777
0.5173913043478261
0.51440329218107
0.5242718446601942
0.5119047619047619
0.5150375939849624
0.5087719298245614
0.5141509433962265
0.5138339920948617
0.5120274914089347
0.5115384615384615
0.5077720207253886
0.5117845117845118
0.5098039215686274
0.5061728395061729
0.5091575091575091
0.5033333333333333
0.5033333333333333
0.5035714285714286
0.5054545454545455
0.5033333333333333
0.5033333333333333
0.5033333333333333
