0.5
0.5
0.5
0.5
0.5033333333333333
0.5
0.5
0.5033333333333333
0.5
0.5
0.5033333333333333
0.5033333333333333
0.5033333333333333
0.49666666666666665
0.5
0.5
0.5
0.5
0.5
0.5
0.5
0.5
0.5033333333333333
0.5
0.5
0.5
0.5
0.5033333333333333
0.5
0.5033333333333333
0.5
0.5
0.5
0.5
0.5
0.5033333333333333
0.5033333333333333
0.5
0.5
0.5
0.5
0.5
0.5033333333333333
0.5
0.5
0.5033333333333333
0.5
0.5
0.5033333333333333
0.5033333333333333
0.5
0.5
0.5
0.5
0.5
0.5033333333333333
0.5
0.5
0.5033333333333333
0.5033333333333333
0.5033333333333333
0.5
0.5
0.5
0.5
0.5
0.5033333333333333
0.5
0.5033333333333333
0.49666666666666665
0.5
0.5033333333333333
0.5
0.5
0.5
0.5
0.5033333333333333
0.5033333333333333
0.5033333333333333
0.5033333333333333
0.5033333333333333
0.5033333333333333
0.5035211267605634
0.5
0.5033333333333333
0.5016949152542373
0.5033333333333333
0.5036496350364964
0.5033333333333333
0.5034965034965035
0.5
0.5
0.5033333333333333
0.5
0.5
0.5033333333333333
0.5
0.5033333333333333
0.5033333333333333
0.5
0.5
0.5
0.5
0.503731343283582
0.5033333333333333
0.5017064846416383
0.501779359430605
0.5042372881355932
0.5035971223021583
0.5088495575221239
0.504424778761062
0.5080645161290323
0.5068493150684932
0.5024390243902439
0.5069767441860465
0.5092592592592593
0.5071090047393365
0.5067264573991032
0.5078534031413613
0.505
0.5103092783505154
0.5025906735751295
0.5024630541871922
0.5097087378640777
0.5151515151515151
0.5054347826086957
0.510989010989011
0.505
0.5072463768115942
0.5048076923076923
0.5057471264367817
0.5053191489361702
0.5094339622641509
0.5076142131979695
0.5078534031413613
0.5067873303167421
0.5047169811320755
0.5103092783505154
0.5023041474654378
0.507537688442211
0.5063291139240507
0.5046296296296297
0.5041666666666667
0.5057471264367817
0.5041666666666667
0.5042016806722689
0.5017301038062284
0.5035714285714286
0.5033783783783784
0.5071428571428571
0.5033333333333333
0.5033783783783784
0.5033333333333333
0.49666666666666665
0.5033333333333333
0.5
0.5
0.5
0.5
0.5033333333333333
0.5
0.5033333333333333
0.5033333333333333
0.5
0.5
0.49666666666666665
0.49666666666666665
0.5
0.5
0.5
0.5
0.5
0.5
0.5033333333333333
0.5
0.5
0.5
0.5
0.5
0.5033333333333333
0.49666666666666665
0.5
0.5
0.49666666666666665
0.5
0.5
0.49666666666666665
0.5
0.5
0.5
0.5
0.49666666666666665
0.5
0.49666666666666665
0.49666666666666665
0.5033333333333333
0.5
0.49666666666666665
0.5
0.5033333333333333
0.5033333333333333
0.49666666666666665
0.49666666666666665
0.5
0.5
0.49666666666666665
0.49666666666666665
0.5
0.49666666666666665
0.49666666666666665
0.5
0.5
0.5
0.5033333333333333
0.5
0.5
0.49666666666666665
0.49666666666666665
0.5
0.5
0.5
0.49666666666666665
0.5
0.5
0.5
0.49666666666666665
0.5
0.5
0.5
0.5
0.49666666666666665
0.49666666666666665
0.5033333333333333
0.5033333333333333
0.49666666666666665
0.5
0.5
0.5
0.5
0.5
0.5
0.49666666666666665
0.49666666666666665
0.5
0.5033333333333333
0.49666666666666665
0.5
0.5
0.5
0.5
0.5
0.49666666666666665
0.5
0.5
0.5
0.49666666666666665
0.5
0.5
0.5
0.5
0.5
0.5
0.5033333333333333
0.5033333333333333
0.5
0.5
0.5033333333333333
0.5
0.5
0.5033333333333333
0.5
0.5
0.49666666666666665
0.5
0.5033333333333333
0.5033333333333333
0.5
0.5033333333333333
0.5033333333333333
0.5
0.5
0.5
0.5
0.49666666666666665
0.49666666666666665
0.5033333333333333
0.49666666666666665
0.5
0.5033333333333333
0.5
0.5
0.5
0.5
0.5
0.5
0.5033333333333333
0.5033333333333333
0.5033333333333333
0.49666666666666665
0.5033333333333333
0.5
0.5
0.5
0.5033333333333333
0.5
0.5033333333333333
0.5033333333333333
0.5033333333333333
0.49666666666666665
0.5
0.5
0.5
0.5
0.5
0.5033333333333333
0.5
0.5
0.5
0.5
0.5
0.49666666666666665
0.5033333333333333
0.5
0.49666666666666665
0.5
0.49666666666666665
0.5
0.5033333333333333
0.5033333333333333
0.5033333333333333
0.5033333333333333
0.5
0.5
0.5
0.5
0.5
0.5
0.5
0.5033333333333333
0.49666666666666665
0.5
0.5033333333333333
0.5
0.5
0.5066666666666667
0.5033333333333333
0.5033333333333333
0.5
0.5033333333333333
0.49666666666666665
0.5
0.5033333333333333
0.49666666666666665
0.5
0.5
0.49666666666666665
0.5
0.49666666666666665
0.5
0.5033333333333333
0.5
0.5033333333333333
0.5
0.5033333333333333
0.5
0.5
0.5033333333333333
0.5
0.5
0.5
0.5
0.5033333333333333
0.5033333333333333
0.5
0.5033333333333333
0.5
0.49666666666666665
0.5033333333333333
0.5
0.5
0.5033333333333333
0.5
0.5033333333333333
0.5033333333333333
0.49666666666666665
0.5
0.5
0.49666666666666665
0.5033333333333333
0.5
0.5
0.49666666666666665
0.5
0.5033333333333333
0.49666666666666665
0.5
0.49666666666666665
0.49666666666666665
0.5
0.5
0.5
0.5
0.5
0.5
0.5033333333333333
0.5
0.5
0.5
0.5
0.5
0.5033333333333333
0.5033333333333333
0.49666666666666665
0.5
0.5
0.49666666666666665
0.5
0.5
0.5033333333333333
0.49666666666666665
0.5
0.5
0.5
0.5033333333333333
0.49666666666666665
0.5
0.5
0.5
0.5
0.49666666666666665
0.5
0.5033333333333333
0.5033333333333333
0.5033333333333333
0.5
0.49666666666666665
0.5
0.5
0.49666666666666665
0.49666666666666665
0.5033333333333333
0.49666666666666665
0.5
0.49666666666666665
0.5033333333333333
0.5066666666666667
0.5
0.5
0.5
0.5
0.49666666666666665
0.5
0.49666666666666665
0.49666666666666665
0.5
0.5033333333333333
0.5
0.5
0.49666666666666665
0.49666666666666665
0.5
0.5033333333333333
0.49333333333333335
0.49666666666666665
0.49333333333333335
0.5
0.49666666666666665
0.5033333333333333
0.49666666666666665
0.5
0.49666666666666665
0.49666666666666665
0.5
0.49666666666666665
0.5033333333333333
0.5
0.5033333333333333
0.5
0.5116279069767442
0.5
0.5033333333333333
0.5
0.49666666666666665
0.5033333333333333
0.49666666666666665
0.5
0.5
0.4639175257731959
0.5
0.5
0.5033333333333333
0.5066666666666667
0.5033333333333333
0.5
0.5029585798816568
0.5
0.5
0.51
0.5
0.5066666666666667
0.5
0.5033783783783784
0.4978902953586498
0.49056603773584906
0.5
0.484375
0.4981949458483754
0.5033333333333333
0.4980544747081712
0.5263157894736842
0.5033333333333333
0.5315315315315315
0.49666666666666665
0.5066666666666667
0.5
0.5066666666666667
0.4908424908424908
0.5531914893617021
0.5066666666666667
0.4946808510638298
0.5
0.49666666666666665
0.5
0.49333333333333335
0.5033333333333333
0.5033333333333333
0.5033333333333333
0.5033333333333333
0.5
0.5033333333333333
0.49666666666666665
0.5033333333333333
0.5
0.5066666666666667
0.49666666666666665
0.5
0.5033333333333333
0.5033333333333333
0.5
0.49333333333333335
0.5
0.5
0.49666666666666665
0.5
0.5
0.5
0.49666666666666665
0.5
0.49666666666666665
0.5033333333333333
0.49666666666666665
0.49666666666666665
0.5033333333333333
0.5
0.5
0.5
0.49666666666666665
0.5033333333333333
0.49666666666666665
0.49666666666666665
0.5
0.5
0.5
0.49666666666666665
0.49666666666666665
0.5033333333333333
0.5
0.5033333333333333
0.49666666666666665
0.5033333333333333
0.5
0.5033333333333333
0.5
0.49666666666666665
0.5
0.5
0.49666666666666665
0.5
0.5
0.49666666666666665
0.5
0.5033333333333333
0.49666666666666665
0.5
0.5
0.5
0.5
0.49666666666666665
0.5
0.5
0.5
0.5
0.5
0.5
0.5
0.5033333333333333
0.5
0.5033333333333333
0.5033333333333333
0.5033333333333333
0.5
0.5033333333333333
0.5
0.5
0.5
0.5033333333333333
0.5066666666666667
0.49666666666666665
0.5033333333333333
0.49666666666666665
0.5033333333333333
0.5033333333333333
0.49666666666666665
0.5033333333333333
0.5033333333333333
0.5
0.5
0.5033333333333333
0.5033333333333333
0.5
0.5
0.5033333333333333
0.49333333333333335
0.49333333333333335
0.5
0.49333333333333335
0.49666666666666665
0.5
0.5
0.5
0.5
0.5033333333333333
0.5
0.5033333333333333
0.5
0.5033333333333333
0.5
0.5
0.5033333333333333
0.5
0.5
0.5
0.5
0.5
0.49333333333333335
0.5
0.5
0.5
0.5
0.49666666666666665
0.5033333333333333
0.5
0.5
0.5
0.49666666666666665
0.49666666666666665
0.5033333333333333
0.49666666666666665
0.5033333333333333
0.5
0.5
0.5033333333333333
0.5
0.5
0.5
0.5
0.5
0.49666666666666665
0.4948453608247423
0.49666666666666665
0.5
0.5
0.5
0.5
0.5
0.5033333333333333
0.49666666666666665
0.49666666666666665
0.5
0.5
0.5
0.5033333333333333
0.5
0.49666666666666665
0.5
0.5
0.5
0.5033333333333333
0.5033333333333333
0.5
0.5
0.5
0.5
0.5
0.49666666666666665
0.49333333333333335
0.49666666666666665
0.49333333333333335
0.5
0.49666666666666665
0.5
0.5
0.5033333333333333
0.49666666666666665
0.49666666666666665
0.5
0.48333333333333334
0.5033333333333333
0.5066666666666667
0.5033333333333333
0.49333333333333335
0.5
0.5
0.5033333333333333
0.49666666666666665
0.5033333333333333
0.5
0.5
0.49666666666666665
0.5
0.5033333333333333
0.5033333333333333
0.49666666666666665
0.49666666666666665
0.49666666666666665
0.49666666666666665
0.49666666666666665
0.49666666666666665
0.49666666666666665
0.49666666666666665
0.49666666666666665
0.49666666666666665
0.5033333333333333
0.49666666666666665
0.49666666666666665
0.5384615384615384
0.5
0.5033333333333333
0.5
0.5
0.5033333333333333
0.5033333333333333
0.49666666666666665
0.49666666666666665
0.5
0.49666666666666665
0.49333333333333335
0.49666666666666665
0.5
0.5
0.5
0.5
0.49666666666666665
0.49666666666666665
0.5
0.49333333333333335
0.49666666666666665
0.49666666666666665
0.49666666666666665
0.49333333333333335
0.5
0.49666666666666665
0.5
0.49666666666666665
0.49666666666666665
0.49666666666666665
0.49333333333333335
0.4930555555555556
0.48736462093862815
0.5
0.4928571428571429
0.49411764705882355
0.49372384937238495
0.49387755102040815
0.49159663865546216
0.5
0.5384615384615384
0.49159663865546216
0.49166666666666664
0.4939271255060729
0.4939271255060729
0.4915254237288136
0.49034749034749037
0.4961832061068702
0.5
0.4963768115942029
0.4927536231884058
0.4944237918215613
0.49295774647887325
0.4931972789115646
0.4931506849315068
0.49324324324324326
0.4948453608247423
0.49310344827586206
0.4966216216216216
0.4915254237288136
0.5384615384615384
0.4948453608247423
0.49666666666666665
0.5033333333333333
0.49666666666666665
0.49666666666666665
0.49666666666666665
0.5
0.49666666666666665
0.49666666666666665
0.49333333333333335
0.49333333333333335
0.49666666666666665
0.49333333333333335
0.49666666666666665
0.49477351916376305
0.4930555555555556
0.4981949458483754
0.4927007299270073
0.4921259842519685
0.49407114624505927
0.4962686567164179
0.4956896551724138
0.4940239043824701
0.49206349206349204
0.4957627118644068
0.4940239043824701
0.49586776859504134
0.4978723404255319
0.4977973568281938
0.49145299145299143
0.49130434782608695
0.48878923766816146
0.4889867841409692
0.49056603773584906
0.4931506849315068
0.49261083743842365
0.48792270531400966
0.49056603773584906
0.4900990099009901
0.485
0.4896907216494845
0.48947368421052634
0.4898989898989899
0.48936170212765956
0.48554913294797686
0.4919786096256685
0.484375
0.489247311827957
0.4891304347826087
0.48677248677248675
0.4942528735632184
0.48663101604278075
0.4891304347826087
0.49171270718232046
0.4858757062146893
0.48717948717948717
0.4846938775510204
0.4827586206896552
0.49206349206349204
0.49230769230769234
0.49162011173184356
0.48663101604278075
0.483695652173913
0.4891304347826087
0.49171270718232046
0.4858757062146893
0.48554913294797686
0.48863636363636365
0.48466257668711654
0.4879518072289157
0.4819277108433735
0.4885057471264368
0.4868421052631579
0.48502994011976047
0.4876543209876543
0.48148148148148145
0.4880952380952381
0.484472049689441
0.4810126582278481
0.48502994011976047
0.4768211920529801
0.4876543209876543
0.4768211920529801
0.484472049689441
0.48427672955974843
0.4840764331210191
0.48148148148148145
0.4875
0.48
0.484472049689441
0.477124183006536
0.4840764331210191
0.48344370860927155
0.47651006711409394
0.4797297297297297
0.4817073170731707
0.4794520547945205
0.4791666666666667
0.4873417721518987
0.45
0.4768211920529801
0.47651006711409394
0.487012987012987
0.4755244755244755
0.4825174825174825
0.48322147651006714
0.4855072463768116
0.5
0.4827586206896552
0.4755244755244755
0.4791666666666667
0.4788732394366197
0.4791666666666667
0.4744525547445255
0.4857142857142857
0.48026315789473684
0.4794520547945205
0.47368421052631576
0.4791666666666667
0.4827586206896552
0.48
0.4859154929577465
0.48299319727891155
0.4794520547945205
0.48344370860927155
0.46153846153846156
0.4791666666666667
0.47794117647058826
0.4782608695652174
0.4785714285714286
0.4827586206896552
0.47794117647058826
0.475177304964539
0.4791666666666667
0.47297297297297297
0.4805194805194805
0.4825174825174825
0.48322147651006714
0.4807692307692308
0.4797297297297297
0.4768211920529801
0.48717948717948717
0.47058823529411764
0.48299319727891155
0.4863013698630137
0.4825174825174825
0.47651006711409394
0.48427672955974843
0.48366013071895425
0.4840764331210191
0.48366013071895425
0.47468354430379744
0.48344370860927155
0.5333333333333333
0.47435897435897434
0.49101796407185627
0.4807692307692308
0.44
0.4823529411764706
0.4853801169590643
0.48823529411764705
0.4861878453038674
0.4885057471264368
0.4860335195530726
0.4891304347826087
0.4864864864864865
0.4888888888888889
0.489247311827957
0.48520710059171596
0.4891304347826087
0.49162011173184356
0.49222797927461137
0.4885057471264368
0.4864864864864865
0.4885057471264368
0.4913294797687861
0.48295454545454547
0.48255813953488375
0.48863636363636365
0.489010989010989
0.4858757062146893
0.48125
0.4911242603550296
0.48823529411764705
0.4857142857142857
0.48554913294797686
0.4819277108433735
0.48823529411764705
0.4819277108433735
0.4823529411764706
0.48255813953488375
0.49101796407185627
0.4918032786885246
0.4919786096256685
0.48554913294797686
0.4860335195530726
0.4864864864864865
0.49122807017543857
0.4918918918918919
0.48633879781420764
0.48823529411764705
0.4883720930232558
0.4887640449438202
