0.58
0.18181818181818182
0.6923076923076923
0.4411764705882353
0.4084507042253521
0.45161290322580644
0.3333333333333333
0.391304347826087
0.5
0.6071428571428571
0.5625
0.56
0.6363636363636364
0.5277777777777778
0.5517241379310345
0.3076923076923077
0.3333333333333333
0.5625
0.5185185185185185
0.5483870967741935
0.5263157894736842
0.4642857142857143
0.4827586206896552
0.5
0.4423076923076923
0.5
0.38461538461538464
0.5
0.4716981132075472
0.5294117647058824
0.5454545454545454
0.48
0.4375
0.5373134328358209
0.46511627906976744
0.5102040816326531
0.55
0.6
0.4
0.5555555555555556
0.5333333333333333
0.5327102803738317
0.5588235294117647
0.45
0.48484848484848486
0.5540540540540541
0.46774193548387094
0.5384615384615384
0.5495495495495496
0.475
0.5192307692307693
0.48484848484848486
0.4482758620689655
0.4827586206896552
0.5
0.5333333333333333
0.5337837837837838
0.509090909090909
0.44642857142857145
0.5280898876404494
0.5058823529411764
0.5243243243243243
0.5050505050505051
0.4583333333333333
0.4853801169590643
0.5024390243902439
0.55
0.5142857142857142
0.5447154471544715
0.5
0.5337078651685393
0.5
0.5303030303030303
0.5138888888888888
0.5106382978723404
0.5238095238095238
0.5
0.5
0.49760765550239233
0.5064935064935064
0.5130890052356021
0.49333333333333335
0.5040322580645161
0.49666666666666665
0.5202702702702703
0.49710982658959535
0.5342465753424658
0.5105633802816901
0.5
0.5141700404858299
0.4866666666666667
0.49333333333333335
0.5148936170212766
0.5101214574898786
0.49122807017543857
0.5274725274725275
0.5033333333333333
0.49333333333333335
0.49
0.5123152709359606
0.5238095238095238
0.5066666666666667
0.5033333333333333
0.525
0.5134228187919463
0.5192307692307693
0.5277777777777778
0.5172413793103449
0.5076335877862596
0.524390243902439
0.5142857142857142
0.5259259259259259
0.5314285714285715
0.5454545454545454
0.5214723926380368
0.5142857142857142
0.5470085470085471
0.5252525252525253
0.5141509433962265
0.5169082125603864
0.5352112676056338
0.5138888888888888
0.5087719298245614
0.5104166666666666
0.5179856115107914
0.5085470085470085
0.5095785440613027
0.4975124378109453
0.5241935483870968
0.5033333333333333
0.5033333333333333
0.5087108013937283
0.5
0.5166666666666667
0.5106382978723404
0.5241935483870968
0.51
0.5078125
0.5068027210884354
0.5
0.49295774647887325
0.49666666666666665
0.5035211267605634
0.51
0.5033333333333333
0.51
0.5
0.5
0.5
0.5033333333333333
0.5
0.5136054421768708
0.5
0.5
0.5033333333333333
0.49333333333333335
0.5
0.5033333333333333
0.5033333333333333
0.5033333333333333
0.5
0.5033333333333333
0.49333333333333335
0.5033333333333333
0.5
0.5033333333333333
0.5
0.5033333333333333
0.49666666666666665
0.5
0.5066666666666667
0.5033333333333333
0.5033333333333333
0.5033333333333333
0.5033333333333333
0.5066666666666667
0.49333333333333335
0.5033333333333333
0.5066666666666667
0.5033333333333333
0.5033333333333333
0.51
0.5066666666666667
0.5
0.5066666666666667
0.5066666666666667
0.5033333333333333
0.505338078291815
0.5
0.5066666666666667
0.5
0.5033333333333333
0.49666666666666665
0.5066666666666667
0.5033333333333333
0.5
0.5
0.5
0.5
0.4973821989528796
0.5033333333333333
0.51
0.5
0.5033333333333333
0.5
0.5
0.5
0.5
0.5066666666666667
0.49666666666666665
0.5033333333333333
0.49666666666666665
0.51
0.5
0.5
0.49666666666666665
0.5
0.49666666666666665
0.5
0.5
0.5
0.5033333333333333
0.5
0.49666666666666665
0.5
0.5
0.5033333333333333
0.5
0.5033333333333333
0.49666666666666665
0.49666666666666665
0.49333333333333335
0.5033333333333333
0.5
0.5033333333333333
0.5
0.5066666666666667
0.5
0.5058139534883721
0.5066666666666667
0.5066666666666667
0.5033333333333333
0.49666666666666665
0.5066666666666667
0.51
0.49666666666666665
0.5
0.5066666666666667
0.5
0.5
0.5066666666666667
0.49666666666666665
0.5033333333333333
0.51
0.5066666666666667
0.5066666666666667
0.5033333333333333
0.5066666666666667
0.5033333333333333
0.5066666666666667
0.5
0.5033333333333333
0.5090252707581228
0.5066666666666667
0.509090909090909
0.5033333333333333
0.5034246575342466
0.5164319248826291
0.5078125
0.5107296137339056
0.5149700598802395
0.5064935064935064
0.5108225108225108
0.5141242937853108
0.5136363636363637
0.5188679245283019
0.5153061224489796
0.5194174757281553
0.52046783625731
0.5195530726256983
0.5089285714285714
0.5154639175257731
0.5135135135135135
0.5154639175257731
0.5164835164835165
0.5089285714285714
0.5111111111111111
0.5096153846153846
0.5235294117647059
0.5174418604651163
0.5128205128205128
0.5119047619047619
0.5137614678899083
0.5130434782608696
0.5123152709359606
0.5124555160142349
0.51
0.5060975609756098
0.5124378109452736
0.5128205128205128
0.5102880658436214
0.5141700404858299
0.5045871559633027
0.5061728395061729
0.5050167224080268
0.5073891625615764
0.5033333333333333
0.5084033613445378
0.5114503816793893
0.5087719298245614
0.5
0.5
0.5
0.5066666666666667
0.5033333333333333
0.5
0.5
0.51
0.5033333333333333
0.5066666666666667
0.5
0.5
0.5
0.4966442953020134
0.5
0.5066666666666667
0.5
0.49666666666666665
0.5
0.5033333333333333
0.5
0.49666666666666665
0.5033333333333333
0.5033333333333333
0.5
0.5033333333333333
0.5033333333333333
0.5285714285714286
0.49666666666666665
0.5033333333333333
0.4956521739130435
0.48520710059171596
0.4881889763779528
0.4892086330935252
0.5
0.5
0.5066666666666667
0.5
0.5
0.5
0.5085714285714286
0.5033333333333333
0.5017182130584192
0.5043859649122807
0.5033333333333333
0.49333333333333335
0.48936170212765956
0.47761194029850745
0.5
0.49666666666666665
0.5
0.49333333333333335
0.49666666666666665
0.5108695652173914
0.504424778761062
0.5033333333333333
0.5066666666666667
0.5069767441860465
0.4930555555555556
0.5
0.5066666666666667
0.5
0.49635036496350365
0.5066666666666667
0.49666666666666665
0.49666666666666665
0.5066666666666667
0.5
0.5059523809523809
0.5
0.49666666666666665
0.49333333333333335
0.506578947368421
0.49666666666666665
0.5
0.5033333333333333
0.49666666666666665
0.5033333333333333
0.5106382978723404
0.49122807017543857
0.5066666666666667
0.5
0.5
0.5
0.5056818181818182
0.5033333333333333
0.49333333333333335
0.5
0.49333333333333335
0.5066666666666667
0.5
0.49666666666666665
0.49333333333333335
0.5033333333333333
0.5033333333333333
0.5
0.49333333333333335
0.5066666666666667
0.49666666666666665
0.5066666666666667
0.49666666666666665
0.49514563106796117
0.49333333333333335
0.5
0.49666666666666665
0.49666666666666665
0.49333333333333335
0.49333333333333335
0.5
0.5033333333333333
0.5066666666666667
0.49666666666666665
0.5018050541516246
0.5033333333333333
0.5066666666666667
0.5033333333333333
0.5033333333333333
0.5033333333333333
0.49666666666666665
0.5033333333333333
0.49
0.49666666666666665
0.49666666666666665
0.5
0.5
0.5
0.5033333333333333
0.5033333333333333
0.5132743362831859
0.5
0.5033333333333333
0.5033333333333333
0.5
0.5066666666666667
0.49666666666666665
0.51
0.5
0.49666666666666665
0.49333333333333335
0.5066666666666667
0.49666666666666665
0.5
0.49666666666666665
0.5033333333333333
0.45901639344262296
0.5066666666666667
0.49666666666666665
0.5033333333333333
0.5066666666666667
0.49666666666666665
0.5066666666666667
0.5
0.5033333333333333
0.49333333333333335
0.5
0.49666666666666665
0.5
0.49333333333333335
0.5033333333333333
0.49333333333333335
0.5033333333333333
0.5
0.5033333333333333
0.5
0.5033333333333333
0.5
0.5033333333333333
0.5033333333333333
0.5
0.49666666666666665
0.5033333333333333
0.5
0.49333333333333335
0.49666666666666665
0.5033333333333333
0.49666666666666665
0.49333333333333335
0.5033333333333333
0.5033333333333333
0.5033333333333333
0.5
0.48484848484848486
0.49
0.5
0.5
0.5
0.49666666666666665
0.5066666666666667
0.49666666666666665
0.49666666666666665
0.5066666666666667
0.5
0.5033333333333333
0.5
0.5033333333333333
0.49
0.51
0.5
0.5033333333333333
0.49666666666666665
0.5
0.5033333333333333
0.5033333333333333
0.5033333333333333
0.5
0.49572649572649574
0.5033333333333333
0.5
0.5066666666666667
0.49666666666666665
0.5066666666666667
0.49333333333333335
0.5
0.49333333333333335
0.49767441860465117
0.5066666666666667
0.49333333333333335
0.5033333333333333
0.49666666666666665
0.5
0.5
0.49666666666666665
0.51
0.49666666666666665
0.49
0.49666666666666665
0.49666666666666665
0.5
0.49666666666666665
0.5033333333333333
0.49666666666666665
0.5
0.5033333333333333
0.5033333333333333
0.5033333333333333
0.49666666666666665
0.49666666666666665
0.5033333333333333
0.49666666666666665
0.5033333333333333
0.5066666666666667
0.49666666666666665
0.5
0.5
0.5
0.49666666666666665
0.49666666666666665
0.4977973568281938
0.5033333333333333
0.49333333333333335
0.49557522123893805
0.49666666666666665
0.4908424908424908
0.4890829694323144
0.49
0.5033333333333333
0.5
0.49666666666666665
0.5
0.46788990825688076
0.47863247863247865
0.5
0.5
0.5033333333333333
0.5
0.49666666666666665
0.48484848484848486
0.49333333333333335
0.5
0.5
0.5
0.5033333333333333
0.4807692307692308
0.5
0.49333333333333335
0.5066666666666667
0.49333333333333335
0.5033333333333333
0.49514563106796117
0.5
0.49666666666666665
0.5033333333333333
0.4842105263157895
0.5
0.49666666666666665
0.5033333333333333
0.5
0.5
0.5
0.5033333333333333
0.5066666666666667
0.5066666666666667
0.5066666666666667
0.5033333333333333
0.5033333333333333
0.5035460992907801
0.49666666666666665
0.5066666666666667
0.5066666666666667
0.5
0.5033333333333333
0.5
0.5066666666666667
0.5025380710659898
0.5033333333333333
0.5
0.5033333333333333
0.5033333333333333
0.51
0.5
0.49333333333333335
0.5033333333333333
0.5033333333333333
0.5
0.49333333333333335
0.5033333333333333
0.49666666666666665
0.5
0.5033333333333333
0.5033333333333333
0.5033333333333333
0.5
0.4962686567164179
0.49019607843137253
0.5
0.5
0.5033333333333333
0.5017182130584192
0.5033333333333333
0.5066666666666667
0.5033333333333333
0.5033333333333333
0.5033333333333333
0.5066666666666667
0.49666666666666665
0.5
0.4774774774774775
0.5
0.5033333333333333
0.5066666666666667
0.5033333333333333
0.5066666666666667
0.5
0.5
0.49333333333333335
0.5066666666666667
0.5
0.5033333333333333
0.5033333333333333
0.5033333333333333
0.5033333333333333
0.5
0.49666666666666665
0.5033333333333333
0.5
0.5033333333333333
0.5
0.5033333333333333
0.5
0.49666666666666665
0.5
0.49333333333333335
0.49666666666666665
0.5033333333333333
0.5033333333333333
0.5033333333333333
0.5
0.49666666666666665
0.5
0.5
0.5033333333333333
0.5
0.5
0.5033333333333333
0.49666666666666665
0.5
0.49333333333333335
0.49666666666666665
0.5033333333333333
0.5
0.5055350553505535
0.5033333333333333
0.5
0.5
0.49666666666666665
0.49666666666666665
0.5066666666666667
0.5
0.5
0.5033333333333333
0.5066666666666667
0.49666666666666665
0.5066666666666667
0.5033333333333333
0.5
0.5
0.5
0.5
0.5
0.5
0.5
0.5033333333333333
0.5
0.5
0.5033333333333333
0.5033333333333333
0.49666666666666665
0.49666666666666665
0.5
0.49333333333333335
0.5033333333333333
0.49666666666666665
0.49666666666666665
0.49333333333333335
0.49666666666666665
0.50187265917603
0.49666666666666665
0.49333333333333335
0.5
0.5
0.5
0.5
0.49
0.49666666666666665
0.5
0.5
0.5
0.49333333333333335
0.5
0.5
0.5033333333333333
0.49666666666666665
0.49666666666666665
0.5
0.5
0.5
0.5
0.49666666666666665
0.49
0.5033333333333333
0.49666666666666665
0.49666666666666665
0.5
0.49666666666666665
0.49666666666666665
0.5
0.5
0.5
0.5
0.5033333333333333
0.49666666666666665
0.5
0.5
0.49666666666666665
0.5
0.5
0.5
0.5
0.5033333333333333
0.5
0.49666666666666665
0.49666666666666665
0.49666666666666665
0.5
0.49666666666666665
0.5033333333333333
0.5192307692307693
0.5137614678899083
0.5252525252525253
0.52
0.5
0.49666666666666665
0.49
0.49666666666666665
0.5
0.49333333333333335
0.5033333333333333
0.4957983193277311
0.5242718446601942
0.49666666666666665
0.49333333333333335
0.5217391304347826
0.49666666666666665
0.49333333333333335
0.5
0.5
0.49666666666666665
0.49333333333333335
0.5
0.49666666666666665
0.5033333333333333
0.49333333333333335
0.49
0.49666666666666665
0.5
0.49666666666666665
0.49666666666666665
0.5033333333333333
0.5102040816326531
0.5045045045045045
0.5
0.5
0.5
0.49333333333333335
0.5033333333333333
0.5
0.5
0.49666666666666665
0.5
0.49666666666666665
0.5033333333333333
0.49333333333333335
0.49333333333333335
0.49666666666666665
0.49333333333333335
0.49666666666666665
0.5066666666666667
0.5
0.49666666666666665
0.49666666666666665
0.5033333333333333
0.5033333333333333
0.5
0.49666666666666665
0.5033333333333333
0.5033333333333333
0.5033333333333333
0.5
0.5
0.5
0.5
0.5
0.5
0.5033333333333333
0.5
0.5
0.5
0.49666666666666665
0.49666666666666665
0.5033333333333333
0.5
0.5
0.5033333333333333
0.5033333333333333
0.5033333333333333
0.5
0.5
0.5
0.5033333333333333
0.49666666666666665
0.49666666666666665
0.5033333333333333
0.49666666666666665
0.49666666666666665
0.5033333333333333
0.5
0.5033333333333333
0.5
0.5
0.5
0.5033333333333333
0.5
0.5033333333333333
0.5
0.5
0.5033333333333333
0.5033333333333333
0.5
0.5
0.5
0.5033333333333333
0.5033333333333333
0.5033333333333333
0.49333333333333335
0.5033333333333333
0.5033333333333333
0.5
0.5
0.49666666666666665
0.5033333333333333
0.5
0.5
0.5
0.5
0.5033333333333333
0.5
0.5033333333333333
0.5033333333333333
0.49666666666666665
0.5066666666666667
0.49666666666666665
0.5033333333333333
0.5
0.5033333333333333
0.5033333333333333
0.5033333333333333
0.5033333333333333
0.5066666666666667
0.5
0.49666666666666665
0.5
0.5033333333333333
0.5066666666666667
0.5
0.46153846153846156
0.5033333333333333
0.49666666666666665
0.5033333333333333
0.5033333333333333
0.5033333333333333
0.5033333333333333
0.5033333333333333
0.5033333333333333
0.49666666666666665
0.5033333333333333
0.5
0.49333333333333335
0.5
0.5
0.5066666666666667
0.5
0.5033333333333333
0.5
0.5
0.5033333333333333
0.5033333333333333
0.5066666666666667
0.5033333333333333
0.5033333333333333
0.5033333333333333
0.5084745762711864
0.5
0.49666666666666665
0.5
0.5
0.5
0.49122807017543857
0.49666666666666665
0.49666666666666665
0.5
0.5066666666666667
0.5066666666666667
0.49333333333333335
0.5
0.49666666666666665
0.5066666666666667
0.5033333333333333
0.49666666666666665
0.5
0.49666666666666665
0.5
0.5
0.5
0.5
0.49333333333333335
0.5
0.5035714285714286
0.49666666666666665
0.5
0.5
0.5
0.49666666666666665
0.49666666666666665
0.5
0.5
0.5
0.5
0.5033333333333333
0.5
0.5033333333333333
0.5033333333333333
0.51
0.49666666666666665
0.49666666666666665
0.49333333333333335
0.5
0.5
0.49666666666666665
0.49666666666666665
0.504
0.5
0.5033333333333333
0.5
0.5
0.5
0.49666666666666665
0.5033333333333333
0.5033333333333333
0.49666666666666665
0.5
