0.42857142857142855
0.5
0.7692307692307693
0.3333333333333333
0.16666666666666666
0.42857142857142855
0.5
0.8333333333333334
0.6428571428571429
0.4375
0.38461538461538464
0.2631578947368421
0.5333333333333333
0.3333333333333333
0.3225806451612903
0.6666666666666666
0.3888888888888889
0.3076923076923077
0.5
0.18181818181818182
0.6
0.18181818181818182
0.5135135135135135
0.45454545454545453
0.39285714285714285
0.3076923076923077
0.5254237288135594
0.45454545454545453
0.38461538461538464
0.5882352941176471
0.5
0.6666666666666666
0.29411764705882354
0.4
0.5652173913043478
0.43902439024390244
0.1
0.5555555555555556
0.45454545454545453
0.2
0.42857142857142855
0.5
0.47368421052631576
0.4146341463414634
0.38461538461538464
0.35
0.46153846153846156
0.5
0.5
0.45714285714285713
0.5714285714285714
0.53125
0.5
0.4782608695652174
0.5
0.4
0.4782608695652174
0.5
0.5
0.4782608695652174
0.5833333333333334
0.42857142857142855
0.5348837209302325
0.5238095238095238
0.4418604651162791
0.48717948717948717
0.4
0.5238095238095238
0.42857142857142855
0.475
0.43478260869565216
0.4976303317535545
0.5
0.5263157894736842
0.5142857142857142
0.4583333333333333
0.4411764705882353
0.5283018867924528
0.5068493150684932
0.5
0.5636363636363636
0.515527950310559
0.45528455284552843
0.5209302325581395
0.5454545454545454
0.509090909090909
0.515527950310559
0.44086021505376344
0.453125
0.4634146341463415
0.4921259842519685
0.45098039215686275
0.5248868778280543
0.49295774647887325
0.49019607843137253
0.460431654676259
0.47959183673469385
0.47019867549668876
0.47953216374269003
0.46511627906976744
0.46859903381642515
0.4661016949152542
0.4647887323943662
0.4397163120567376
0.4700460829493088
0.47029702970297027
0.5159574468085106
0.4392523364485981
0.47761194029850745
0.4787234042553192
0.46258503401360546
0.4375
0.46621621621621623
0.52046783625731
0.4777327935222672
0.45217391304347826
0.4666666666666667
0.43859649122807015
0.4435483870967742
0.4666666666666667
0.470873786407767
0.4765625
0.45112781954887216
0.45454545454545453
0.44642857142857145
0.46206896551724136
0.4608695652173913
0.45054945054945056
0.48360655737704916
0.46938775510204084
0.46540880503144655
0.4580152671755725
0.4647887323943662
0.4810126582278481
0.45323741007194246
0.47342995169082125
0.4696969696969697
0.46107784431137727
0.4801980198019802
0.47282608695652173
0.470873786407767
0.4642857142857143
0.4605263157894737
0.46703296703296704
0.4601226993865031
0.47161572052401746
0.4620253164556962
0.4752475247524752
0.4792626728110599
0.46153846153846156
0.4745762711864407
0.4819277108433735
0.4745762711864407
0.47305389221556887
0.47368421052631576
0.460431654676259
0.46938775510204084
0.461038961038961
0.47058823529411764
0.47368421052631576
0.4634146341463415
0.4689265536723164
0.47651006711409394
0.45384615384615384
0.461038961038961
0.4496124031007752
0.474025974025974
0.4666666666666667
0.46153846153846156
0.4632352941176471
0.4626865671641791
0.45588235294117646
0.4573170731707317
0.44642857142857145
0.45535714285714285
0.4485294117647059
0.46715328467153283
0.4657534246575342
0.43478260869565216
0.43243243243243246
0.43859649122807015
0.4491525423728814
0.453125
0.42727272727272725
0.43
0.43478260869565216
0.45112781954887216
0.4411764705882353
0.44036697247706424
0.4594594594594595
0.4368932038834951
0.4537037037037037
0.422680412371134
0.4344262295081967
0.44565217391304346
0.45098039215686275
0.43859649122807015
0.45038167938931295
0.4369747899159664
0.4423076923076923
0.43636363636363634
0.4520547945205479
0.44
0.4375
0.45185185185185184
0.4396551724137931
0.44642857142857145
0.4426229508196721
0.44881889763779526
0.4444444444444444
0.4409448818897638
0.4583333333333333
0.44545454545454544
0.45384615384615384
0.4523809523809524
0.45255474452554745
0.45588235294117646
0.46715328467153283
0.4566929133858268
0.45323741007194246
0.4557823129251701
0.4626865671641791
0.4676258992805755
0.46153846153846156
0.4594594594594595
0.4594594594594595
0.45901639344262296
0.4689655172413793
0.46099290780141844
0.46511627906976744
0.46540880503144655
0.463768115942029
0.46405228758169936
0.46794871794871795
0.46994535519125685
0.45695364238410596
0.4666666666666667
0.4589041095890411
0.46405228758169936
0.46296296296296297
0.45714285714285713
0.460431654676259
0.46
0.4552238805970149
0.4557823129251701
0.45454545454545453
0.460431654676259
0.4580152671755725
0.45652173913043476
0.44696969696969696
0.45774647887323944
0.45161290322580644
0.45588235294117646
0.45161290322580644
0.4580152671755725
0.4620253164556962
0.4620253164556962
0.45985401459854014
0.4594594594594595
0.46296296296296297
0.4557823129251701
0.45569620253164556
0.44715447154471544
0.45454545454545453
0.461038961038961
0.45112781954887216
0.46296296296296297
0.4632768361581921
0.4634146341463415
0.45454545454545453
0.4742268041237113
0.4573643410852713
0.4578313253012048
0.4605263157894737
0.4658385093167702
0.46153846153846156
0.4715909090909091
0.47808764940239046
0.46357615894039733
0.45925925925925926
0.4714285714285714
0.47368421052631576
0.4806201550387597
0.4805194805194805
0.4763779527559055
0.46835443037974683
0.4723926380368098
0.4717948717948718
0.46496815286624205
0.48188405797101447
0.47368421052631576
0.5
0.5150375939849624
0.4804270462633452
0.4866666666666667
0.5168918918918919
0.4779116465863454
0.49
0.49666666666666665
0.5150375939849624
0.48132780082987553
0.52
0.5217391304347826
0.4744897959183674
0.49
0.5
0.49333333333333335
0.49333333333333335
0.49666666666666665
0.4866666666666667
0.49
0.4831932773109244
0.4866666666666667
0.4816326530612245
0.4794520547945205
0.47572815533980584
0.4824561403508772
0.47692307692307695
0.47282608695652173
0.46794871794871795
0.46710526315789475
0.4810126582278481
0.46794871794871795
0.4727272727272727
0.47333333333333333
0.475
0.4691358024691358
0.47101449275362317
0.4720496894409938
0.47802197802197804
0.4722222222222222
0.4726027397260274
0.4685714285714286
0.4722222222222222
0.47337278106508873
0.4632352941176471
0.47468354430379744
0.46405228758169936
0.4689655172413793
0.47019867549668876
0.4722222222222222
0.4647887323943662
0.47058823529411764
0.4716981132075472
0.4695121951219512
0.45161290322580644
0.47096774193548385
0.4748201438848921
0.47191011235955055
0.47368421052631576
0.47468354430379744
0.47096774193548385
0.47023809523809523
0.475
0.47058823529411764
0.47282608695652173
0.47126436781609193
0.4725274725274725
0.47126436781609193
0.47398843930635837
0.48130841121495327
0.4798206278026906
0.47058823529411764
0.48148148148148145
0.4782608695652174
0.4787234042553192
0.47023809523809523
0.47752808988764045
0.48066298342541436
0.4823008849557522
0.47953216374269003
0.4742268041237113
0.4811320754716981
0.4742268041237113
0.48623853211009177
0.48582995951417
0.48627450980392156
0.48333333333333334
0.478494623655914
0.4867924528301887
0.47802197802197804
0.4834710743801653
0.48
0.47513812154696133
0.48623853211009177
0.48205128205128206
0.4851063829787234
0.4861111111111111
0.4834123222748815
0.48535564853556484
0.48514851485148514
0.48186528497409326
0.47685185185185186
0.4866666666666667
0.4878048780487805
0.49333333333333335
0.4829059829059829
0.484
0.49333333333333335
0.4899328859060403
0.49666666666666665
0.48523206751054854
0.49666666666666665
0.49
0.49333333333333335
0.49333333333333335
0.48638132295719844
0.49
0.4899328859060403
0.5
0.5
0.49
0.49333333333333335
0.49333333333333335
0.49333333333333335
0.49666666666666665
0.49666666666666665
0.49666666666666665
0.49666666666666665
0.49666666666666665
0.5
0.5
0.49333333333333335
0.49333333333333335
0.5033333333333333
0.5
0.5033333333333333
0.5
0.5033333333333333
0.5087108013937283
0.5066666666666667
0.51
0.5132075471698113
0.5145228215767634
0.5066666666666667
0.51
0.5135135135135135
0.5155038759689923
0.5181818181818182
0.510548523206751
0.5185185185185185
0.5202020202020202
0.5203619909502263
0.515625
0.5185185185185185
0.5187165775401069
0.5214723926380368
0.5232558139534884
0.5276381909547738
0.5150214592274678
0.5219512195121951
0.5274725274725275
0.5230769230769231
0.521505376344086
0.5251396648044693
0.5188679245283019
0.5341614906832298
0.5202020202020202
0.5224719101123596
0.5246913580246914
0.5174129353233831
0.5193370165745856
0.5254237288135594
0.516260162601626
0.5202312138728323
0.5176470588235295
0.5169082125603864
0.5164319248826291
0.51931330472103
0.5243243243243243
0.5230769230769231
0.5180180180180181
0.5123152709359606
0.5180180180180181
0.5161290322580645
0.5145631067961165
0.5139664804469274
0.5116279069767442
0.5115384615384615
0.5192307692307693
0.5137614678899083
0.5138339920948617
0.5226130653266332
0.5158371040723982
0.5136363636363637
0.5110132158590308
0.5170940170940171
0.5102880658436214
0.5132743362831859
0.5104602510460251
0.5099601593625498
0.5100401606425703
0.5099601593625498
0.5066666666666667
0.5055762081784386
0.5054545454545455
0.5066666666666667
0.5118110236220472
0.5033333333333333
0.5068027210884354
0.5066666666666667
0.5033333333333333
0.5066666666666667
0.5066666666666667
0.5119453924914675
0.5085910652920962
0.5033333333333333
0.5033333333333333
0.5033333333333333
0.5066666666666667
0.5033333333333333
0.5033333333333333
0.5
0.5033333333333333
0.5033333333333333
0.5033333333333333
0.5033333333333333
0.5033333333333333
0.5
0.5
0.5033333333333333
0.5
0.5033333333333333
0.5066666666666667
0.5033333333333333
0.5
0.5
0.5033333333333333
0.5033333333333333
0.5033333333333333
0.49666666666666665
0.49666666666666665
0.5
0.5
0.5
0.49666666666666665
0.5033333333333333
0.49666666666666665
0.49666666666666665
0.49666666666666665
0.5033333333333333
0.5
0.5
0.5033333333333333
0.5
0.5
0.5
0.5
0.49666666666666665
0.5
0.5
0.5
0.5
0.5033333333333333
0.5033333333333333
0.49666666666666665
0.5033333333333333
0.5
0.5033333333333333
0.5
0.5033333333333333
0.49333333333333335
0.49666666666666665
0.5033333333333333
0.49666666666666665
0.5
0.5
0.5
0.5033333333333333
0.49666666666666665
0.5
0.5033333333333333
0.5
0.5
0.5033333333333333
0.5
0.5
0.49666666666666665
0.5
0.5
0.49666666666666665
0.5
0.5033333333333333
0.49666666666666665
0.5
0.5033333333333333
0.49666666666666665
0.49666666666666665
0.5
0.49666666666666665
0.5
0.5
0.5
0.5033333333333333
0.49666666666666665
0.5
0.5
0.5033333333333333
0.49666666666666665
0.5
0.5
0.5
0.5
0.49666666666666665
0.5
0.5
0.5
0.5
0.5
0.49666666666666665
0.5
0.49666666666666665
0.5
0.49666666666666665
0.5033333333333333
0.5033333333333333
0.5
0.5
0.5
0.5033333333333333
0.49666666666666665
0.5
0.5
0.49333333333333335
0.49333333333333335
0.5
0.49666666666666665
0.5
0.5
0.5033333333333333
0.49666666666666665
0.5033333333333333
0.5
0.49666666666666665
0.5033333333333333
0.49666666666666665
0.49666666666666665
0.5
0.5
0.5033333333333333
0.5
0.5066666666666667
0.49666666666666665
0.5033333333333333
0.5
0.5
0.5033333333333333
0.5
0.5
0.5066666666666667
0.49666666666666665
0.5
0.5033333333333333
0.5066666666666667
0.5
0.49666666666666665
0.5
0.5066666666666667
0.49666666666666665
0.5066666666666667
0.5
0.5033333333333333
0.5033333333333333
0.5066666666666667
0.5
0.5033333333333333
0.5
0.5033333333333333
0.5
0.5
0.5033333333333333
0.5
0.5
0.5
0.5033333333333333
0.49666666666666665
0.5
0.5
0.5
0.4925373134328358
0.5
0.49666666666666665
0.4948805460750853
0.5033333333333333
0.5
0.49666666666666665
0.5033333333333333
0.4962962962962963
0.5033333333333333
0.5033333333333333
0.5033333333333333
0.5033333333333333
0.5033333333333333
0.5033333333333333
0.5033333333333333
0.5066666666666667
0.51
0.5033333333333333
0.5066666666666667
0.5066666666666667
0.51
0.5066666666666667
0.5066666666666667
0.5066666666666667
0.5066666666666667
0.51
0.5133333333333333
0.5066666666666667
0.5066666666666667
0.49666666666666665
0.5033333333333333
0.5
0.4942084942084942
0.5033333333333333
0.51
0.5066666666666667
0.5066666666666667
0.4943820224719101
0.5033333333333333
0.5
0.5066666666666667
0.49416342412451364
0.5066666666666667
0.4948805460750853
0.5
0.51
0.4942528735632184
0.5
0.5
0.5066666666666667
0.5133333333333333
0.5033333333333333
0.5033333333333333
0.5066666666666667
0.5066666666666667
0.5066666666666667
0.49454545454545457
0.5033333333333333
0.49158249158249157
0.5
0.5133333333333333
0.5066666666666667
0.49070631970260226
0.49666666666666665
0.5066666666666667
0.5
0.5033333333333333
0.51
0.493006993006993
0.5066666666666667
0.4981549815498155
0.5081081081081081
0.5018450184501845
0.49809885931558934
0.5
0.5033333333333333
0.4901185770750988
0.4956140350877193
0.49666666666666665
0.5133333333333333
0.5066666666666667
0.502283105022831
0.4911660777385159
0.5
0.5033333333333333
0.5033333333333333
0.49809885931558934
0.49666666666666665
0.48627450980392156
0.5034246575342466
0.5023923444976076
0.49828178694158076
0.5033333333333333
0.49466192170818507
0.48928571428571427
0.51
0.5066666666666667
0.4898785425101215
0.49635036496350365
0.49333333333333335
0.5073170731707317
0.5033333333333333
0.5066666666666667
0.49333333333333335
0.49828178694158076
0.5
0.5
0.5033333333333333
0.4945054945054945
0.49173553719008267
0.5066666666666667
0.51
0.49333333333333335
0.49666666666666665
0.5033333333333333
0.49666666666666665
0.498220640569395
0.5066666666666667
0.4935064935064935
0.5019607843137255
0.5141509433962265
0.5066666666666667
0.5
0.49137931034482757
0.49814126394052044
0.49800796812749004
0.48880597014925375
0.49666666666666665
0.5133333333333333
0.49498327759197325
0.5052083333333334
0.492
0.4962962962962963
0.49344978165938863
0.5133333333333333
0.5076142131979695
0.5
0.5133333333333333
0.5024875621890548
0.5145631067961165
0.5133333333333333
0.49264705882352944
0.4982078853046595
0.5066666666666667
0.49473684210526314
0.4939759036144578
0.5024390243902439
0.5098039215686274
0.4948453608247423
0.51
0.5023041474654378
0.51
0.5133333333333333
0.5033333333333333
0.4904214559386973
0.5024875621890548
0.4897119341563786
0.49333333333333335
0.4966216216216216
0.5133333333333333
0.4918032786885246
0.5022026431718062
0.5133333333333333
0.5066666666666667
0.5066666666666667
0.49166666666666664
0.49666666666666665
0.5066666666666667
0.5
0.5066666666666667
0.5133333333333333
0.5
0.5033333333333333
0.5
0.5
0.5066666666666667
0.49666666666666665
0.51
0.5066666666666667
0.49666666666666665
0.5033333333333333
0.5
0.5033333333333333
0.5
0.5033333333333333
0.5
0.5033333333333333
0.5033333333333333
0.5
0.5
0.5033333333333333
0.5033333333333333
0.5066666666666667
0.5
0.5066666666666667
0.5066666666666667
0.5033333333333333
0.5033333333333333
0.5033333333333333
0.5066666666666667
0.5066666666666667
0.51
0.51
0.5066666666666667
0.5066666666666667
0.5066666666666667
0.5033333333333333
0.5033333333333333
0.5066666666666667
0.5066666666666667
0.5
0.5033333333333333
0.5
0.5066666666666667
0.5033333333333333
0.5066666666666667
0.4962686567164179
0.5066666666666667
0.5033333333333333
0.5033333333333333
0.5066666666666667
0.5066666666666667
0.5033333333333333
0.5066666666666667
0.5066666666666667
0.5066666666666667
0.51
0.5066666666666667
0.5066666666666667
0.5033333333333333
0.5
0.5
0.5066666666666667
0.5066666666666667
0.5033333333333333
0.51
0.5
0.5066666666666667
0.5
0.5133333333333333
0.49666666666666665
0.5033333333333333
0.5033333333333333
0.5033333333333333
0.49666666666666665
0.5033333333333333
0.5
0.5033333333333333
0.49666666666666665
0.51
0.49333333333333335
0.5033333333333333
0.5033333333333333
0.5
0.5033333333333333
0.5033333333333333
0.49666666666666665
0.49666666666666665
0.5033333333333333
0.5
0.5
0.5053763440860215
0.5066666666666667
0.49666666666666665
0.5033333333333333
0.49666666666666665
0.5066666666666667
0.49666666666666665
0.49333333333333335
0.49333333333333335
0.5066666666666667
0.5066666666666667
0.5033333333333333
0.5066666666666667
0.5033333333333333
0.49666666666666665
0.5033333333333333
0.5
0.49333333333333335
0.5033333333333333
0.51
0.5
0.5066666666666667
0.5
0.49333333333333335
0.5066666666666667
0.5066666666666667
0.5
0.4944237918215613
0.49666666666666665
0.5066666666666667
0.5
0.5066666666666667
0.49666666666666665
0.5066666666666667
0.5066666666666667
0.5
0.49666666666666665
0.49333333333333335
0.49333333333333335
0.5
0.5
0.49666666666666665
0.51
0.49666666666666665
0.5066666666666667
0.5
0.49666666666666665
0.5033333333333333
0.5
0.5
0.49666666666666665
0.5
0.5
0.5
0.51
0.5
0.5033557046979866
0.5033333333333333
0.49333333333333335
