0.5135135135135135
0.5
0.4642857142857143
0.6111111111111112
0.5185185185185185
0.8
0.5416666666666666
0.5223880597014925
0.5428571428571428
0.4
0.4827586206896552
0.4489795918367347
0.5142857142857142
0.5
0.5
0.5344827586206896
0.5151515151515151
0.5
0.55
0.4666666666666667
0.5106382978723404
0.5833333333333334
0.5145631067961165
0.5185185185185185
0.5111111111111111
0.5172413793103449
0.5
0.5172413793103449
0.5238095238095238
0.47058823529411764
0.5
0.48
0.4838709677419355
0.5714285714285714
0.47
0.4852941176470588
0.5
0.5555555555555556
0.5223880597014925
0.5172413793103449
0.5370370370370371
0.5555555555555556
0.49230769230769234
0.4857142857142857
0.45454545454545453
0.5555555555555556
0.4977168949771689
0.49206349206349204
0.5172413793103449
0.48148148148148145
0.532608695652174
0.48484848484848486
0.4444444444444444
0.5909090909090909
0.5
0.5454545454545454
0.5217391304347826
0.5098039215686274
0.5
0.5333333333333333
0.4803921568627451
0.44642857142857145
0.5
0.5254237288135594
0.4608695652173913
0.5666666666666667
0.47368421052631576
0.5614035087719298
0.4473684210526316
0.48091603053435117
0.5238095238095238
0.5319148936170213
0.4626865671641791
0.5085714285714286
0.4461538461538462
0.4576271186440678
0.4722222222222222
0.5
0.5
0.43478260869565216
0.4782608695652174
0.4576271186440678
0.45054945054945056
0.4647887323943662
0.5
0.52
0.4589041095890411
0.46258503401360546
0.48717948717948717
0.425
0.4230769230769231
0.47058823529411764
0.49044585987261147
0.4580152671755725
0.5263157894736842
0.47619047619047616
0.4424778761061947
0.45569620253164556
0.43137254901960786
0.49333333333333335
0.45161290322580644
0.4527027027027027
0.5101214574898786
0.5526315789473685
0.5150375939849624
0.5514018691588785
0.5490196078431373
0.5342465753424658
0.5256410256410257
0.5421686746987951
0.5405405405405406
0.5161290322580645
0.5666666666666667
0.5185185185185185
0.5411764705882353
0.5
0.5526315789473685
0.5151515151515151
0.5306122448979592
0.5294117647058824
0.5348837209302325
0.5384615384615384
0.5393258426966292
0.5555555555555556
0.5306122448979592
0.5238095238095238
0.5084745762711864
0.5168539325842697
0.5555555555555556
0.5555555555555556
0.5263157894736842
0.5384615384615384
0.53125
0.5214285714285715
0.5316455696202531
0.5285714285714286
0.5294117647058824
0.5462962962962963
0.5396825396825397
0.5588235294117647
0.5595238095238095
0.452991452991453
0.47593582887700536
0.5309734513274337
0.5279503105590062
0.47058823529411764
0.45535714285714285
0.46825396825396826
0.49056603773584906
0.48125
0.45652173913043476
0.45348837209302323
0.4523809523809524
0.4690265486725664
0.4444444444444444
0.4375
0.4675324675324675
0.45714285714285713
0.44642857142857145
0.44680851063829785
0.4520547945205479
0.4742268041237113
0.4426229508196721
0.47368421052631576
0.4461538461538462
0.44680851063829785
0.46218487394957986
0.4492753623188406
0.4716981132075472
0.4426229508196721
0.45
0.4520547945205479
0.4642857142857143
0.4375
0.46808510638297873
0.46938775510204084
0.4726027397260274
0.46534653465346537
0.46153846153846156
0.4603174603174603
0.5423728813559322
0.47398843930635837
0.5177664974619289
0.44554455445544555
0.5483870967741935
0.5222222222222223
0.5428571428571428
0.47770700636942676
0.5321637426900585
0.5174825174825175
0.5333333333333333
0.5298507462686567
0.5348837209302325
0.5343511450381679
0.5177865612648221
0.5474452554744526
0.5255813953488372
0.5460992907801419
0.53125
0.515527950310559
