0.5454545454545454
0.5333333333333333
0.4
0.5294117647058824
0.6666666666666666
0.6470588235294118
0.4375
0.5652173913043478
0.631578947368421
0.42857142857142855
0.4117647058823529
0.49230769230769234
0.5272727272727272
0.5384615384615384
0.5217391304347826
0.25
0.5277777777777778
0.5526315789473685
0.47619047619047616
0.48936170212765956
0.42857142857142855
0.5185185185185185
0.5185185185185185
0.5149700598802395
0.4411764705882353
0.5238095238095238
0.4444444444444444
0.4583333333333333
0.5106382978723404
0.42857142857142855
0.49122807017543857
0.6
0.5042016806722689
0.45454545454545453
0.5142857142857142
0.49206349206349204
0.5
0.48484848484848486
0.5238095238095238
0.5714285714285714
0.55
0.5238095238095238
0.42857142857142855
0.46875
0.5333333333333333
0.47560975609756095
0.47368421052631576
0.4727272727272727
0.5
0.53125
0.4888888888888889
0.48484848484848486
0.4819277108433735
0.5116279069767442
0.5483870967741935
0.5172413793103449
0.44761904761904764
0.5641025641025641
0.5319148936170213
0.5319148936170213
0.4909090909090909
0.5
0.5048543689320388
0.5476190476190477
0.5063291139240507
0.4772727272727273
0.4782608695652174
0.5294117647058824
0.4866666666666667
0.5
0.5217391304347826
0.5277777777777778
0.45454545454545453
0.5476190476190477
0.5483870967741935
0.4583333333333333
0.5263157894736842
0.5517241379310345
0.5263157894736842
0.4878048780487805
0.5083333333333333
0.4897959183673469
0.4649122807017544
0.5555555555555556
0.5111111111111111
0.5384615384615384
0.5161290322580645
0.45714285714285713
0.5441176470588235
0.5235849056603774
0.5089285714285714
0.4925373134328358
0.47560975609756095
0.5172413793103449
0.5294117647058824
0.44339622641509435
0.4482758620689655
0.44660194174757284
0.46296296296296297
0.4583333333333333
0.45698924731182794
0.46846846846846846
0.5773195876288659
0.4666666666666667
0.45517241379310347
0.475
0.48148148148148145
0.5285714285714286
0.47619047619047616
0.5380710659898477
0.4701492537313433
0.5283018867924528
0.4865771812080537
0.5201342281879194
0.520618556701031
0.47530864197530864
0.4763779527559055
0.49666666666666665
0.5033333333333333
0.51
0.5033333333333333
0.5019607843137255
0.4818181818181818
0.4961832061068702
0.5339805825242718
0.5058823529411764
0.4883720930232558
0.4935064935064935
0.4961832061068702
0.4965034965034965
0.5066666666666667
0.49777777777777776
0.51
0.5201612903225806
0.49666666666666665
0.5103092783505154
0.5063829787234042
0.5085470085470085
0.5045454545454545
0.5137614678899083
0.5378151260504201
0.5043103448275862
0.48314606741573035
0.5039370078740157
0.5126050420168067
0.5068493150684932
0.5141509433962265
0.5245901639344263
0.5148936170212766
0.5201793721973094
0.5153846153846153
0.5172413793103449
0.5208333333333334
0.5188679245283019
0.5022421524663677
0.5166666666666667
0.5110132158590308
0.5087719298245614
0.49666666666666665
0.5088495575221239
0.5083333333333333
0.49666666666666665
0.49666666666666665
0.5033333333333333
0.5111111111111111
0.5033333333333333
0.5
0.5033333333333333
0.49666666666666665
0.49333333333333335
0.5066666666666667
0.4862068965517241
0.49480968858131485
0.5066666666666667
0.49333333333333335
0.49666666666666665
0.5
0.49333333333333335
0.49333333333333335
0.4873096446700508
0.5033333333333333
0.5
0.51
0.49666666666666665
0.5
0.5
0.49333333333333335
0.5066666666666667
0.5066666666666667
0.5
0.5066666666666667
0.5
0.49666666666666665
0.5033333333333333
0.5033333333333333
0.49666666666666665
0.49
0.49666666666666665
0.5
0.5066666666666667
