0.5033333333333333
0.5
0.5
0.5
0.49666666666666665
0.5
0.5
0.5
0.5033333333333333
0.5
0.5
0.49666666666666665
0.5033333333333333
0.5
0.49666666666666665
0.5
0.49666666666666665
0.5
0.5033333333333333
0.5
0.5
0.5033333333333333
0.5
0.49666666666666665
0.5
0.5
0.5033333333333333
0.49666666666666665
0.5
0.49666666666666665
0.5
0.5
0.5033333333333333
0.5
0.5033333333333333
0.5
0.5
0.49666666666666665
0.5
0.5033333333333333
0.5
0.5
0.5
0.49666666666666665
0.5
0.5
0.5
0.5033333333333333
0.5033333333333333
0.5066666666666667
0.5
0.5033333333333333
0.5
0.49666666666666665
0.5
0.5
0.5
0.5
0.5
0.5
0.5
0.5
0.5
0.5
0.5
0.5
0.5
0.5
0.5033333333333333
0.49666666666666665
0.5033333333333333
0.49666666666666665
0.5
0.5
0.5
0.5033333333333333
0.5
0.5033333333333333
0.5033333333333333
0.5
0.49666666666666665
0.5
0.49666666666666665
0.5
0.49666666666666665
0.5
0.5
0.5
0.5
0.5
0.5
0.49666666666666665
0.5066666666666667
0.49666666666666665
0.5
0.49666666666666665
0.5
0.49666666666666665
0.5033333333333333
0.49666666666666665
0.49666666666666665
0.5
0.5
0.5
0.5
0.5
0.5
0.5
0.5033333333333333
0.5
0.5
0.5
0.49666666666666665
0.5033333333333333
0.5033333333333333
0.5
0.5
0.49666666666666665
0.49666666666666665
0.5
0.5033333333333333
0.5033333333333333
0.49666666666666665
0.5
0.5033333333333333
0.5
0.5033333333333333
0.5
0.5
0.49666666666666665
0.5
0.5
0.5
0.5
0.5
0.5
0.5033333333333333
0.5033333333333333
0.49666666666666665
0.49666666666666665
0.5
0.5033333333333333
0.5
0.5033333333333333
0.5
0.5033333333333333
0.49666666666666665
0.5033333333333333
0.5
0.49666666666666665
0.5
0.49666666666666665
0.5
0.5
0.49666666666666665
0.49666666666666665
0.5
0.5
0.5033333333333333
0.49666666666666665
0.5033333333333333
0.5
0.5
0.5
0.5
0.5
0.5
0.5
0.5
0.49666666666666665
0.5033333333333333
0.5033333333333333
0.5
0.5
0.49666666666666665
0.5
0.5
0.5033333333333333
0.5
0.5
0.5
0.5033333333333333
0.5033333333333333
0.5
0.5033333333333333
0.5
0.5
0.5033333333333333
0.5
0.5
0.5
0.5033333333333333
0.49666666666666665
0.49666666666666665
0.49666666666666665
0.49666666666666665
0.5033333333333333
0.5
0.5
0.5
0.5
0.5
0.5
0.5
0.5
0.5
0.5
0.5
0.49666666666666665
0.49666666666666665
0.5
0.5
0.5
0.5
0.5
0.49666666666666665
0.5
0.5
0.5033333333333333
0.49666666666666665
0.5033333333333333
0.49666666666666665
0.49666666666666665
0.5
0.5033333333333333
0.5
0.49666666666666665
0.49666666666666665
0.5033333333333333
0.5
0.5
0.5
0.5
0.5033333333333333
0.49666666666666665
0.5
0.5
0.49666666666666665
0.5
0.5033333333333333
0.5
0.49666666666666665
0.5033333333333333
0.5
0.5
0.5
0.5
0.49666666666666665
0.5033333333333333
0.5
0.5033333333333333
0.5
0.5
0.5
0.5033333333333333
0.49666666666666665
0.5
0.5
0.49666666666666665
0.5
0.5033333333333333
0.49666666666666665
0.5033333333333333
0.49666666666666665
0.49666666666666665
0.5
0.5033333333333333
0.5033333333333333
0.5
0.49666666666666665
0.49666666666666665
0.5
0.5
0.5033333333333333
0.5033333333333333
0.5033333333333333
0.5
0.5
0.5
0.5033333333333333
0.5033333333333333
0.49666666666666665
0.49333333333333335
0.49666666666666665
0.5033333333333333
0.5033333333333333
0.5
0.5033333333333333
0.5033333333333333
0.5033333333333333
0.5066666666666667
0.5
0.5
0.5
0.49666666666666665
0.5
0.49666666666666665
0.5
0.5066666666666667
0.5
0.5
0.5066666666666667
0.5
0.49666666666666665
0.5
0.5033333333333333
0.49666666666666665
0.5066666666666667
0.5
0.5
0.5033333333333333
0.49333333333333335
0.49666666666666665
0.5
0.49666666666666665
0.5
0.49666666666666665
0.49666666666666665
0.5
0.49333333333333335
0.5
0.5
0.5033333333333333
0.49666666666666665
0.5033333333333333
0.5066666666666667
0.49666666666666665
0.5
0.5033333333333333
0.5033333333333333
0.5033333333333333
0.5033333333333333
0.49666666666666665
0.5033333333333333
0.5033333333333333
0.5033333333333333
0.5033333333333333
0.5
0.5
0.5033333333333333
0.5033333333333333
0.5033333333333333
0.49666666666666665
0.5
0.5033333333333333
0.5033333333333333
0.5
0.5033333333333333
0.5
0.5033333333333333
0.5
0.5033333333333333
0.5
0.5
0.5
0.5
0.5
0.5
0.5
0.49666666666666665
0.5
0.5033333333333333
0.5
0.5033333333333333
0.49666666666666665
0.5
0.5
0.5033333333333333
0.5066666666666667
0.5033333333333333
0.5
0.5
0.5
0.5
0.49666666666666665
0.5
0.5
0.5033333333333333
0.5
0.5033333333333333
0.5033333333333333
0.5033333333333333
0.5033333333333333
0.5
0.5033333333333333
0.5
0.5
0.5033333333333333
0.5033333333333333
0.5
0.5
0.5
0.5
0.5
0.5
0.5
0.5066666666666667
0.5
0.5033333333333333
0.5
0.5
0.49666666666666665
0.5033333333333333
0.5033333333333333
0.5033333333333333
0.5033333333333333
0.5066666666666667
0.5033333333333333
0.5
0.5033333333333333
0.5033333333333333
0.5
0.5056603773584906
0.5033333333333333
0.5095057034220533
0.5038759689922481
0.5040650406504065
0.5152838427947598
0.5042372881355932
0.5161290322580645
0.5045871559633027
0.5064935064935064
0.5102040816326531
0.5111111111111111
0.51010101010101
0.5081967213114754
0.5112359550561798
0.5138121546961326
0.5151515151515151
0.5145631067961165
0.5098039215686274
0.5141509433962265
0.5076142131979695
0.5151515151515151
0.5048076923076923
0.5120772946859904
0.5130890052356021
0.5099009900990099
0.5078534031413613
0.5076142131979695
0.5105263157894737
0.5103092783505154
0.5052083333333334
0.5105263157894737
0.510752688172043
0.5141242937853108
0.5089820359281437
0.5130890052356021
0.5102040816326531
0.5151515151515151
0.5123152709359606
0.5123152709359606
0.5082872928176796
0.5153061224489796
0.5139664804469274
0.5126903553299492
0.5058139534883721
0.5105263157894737
0.5138888888888888
0.5102040816326531
0.5119617224880383
0.5119047619047619
0.5079365079365079
0.5119047619047619
0.5117647058823529
0.5129533678756477
0.5024630541871922
0.5118483412322274
0.5047619047619047
0.5079365079365079
0.5097087378640777
0.5087719298245614
0.5047619047619047
0.508695652173913
0.5099009900990099
0.5061224489795918
0.504
0.504
0.5024630541871922
0.5061224489795918
0.5033557046979866
0.5043478260869565
0.5033333333333333
0.5
0.5033333333333333
0.5074626865671642
0.5
0.5
0.5066666666666667
0.5
0.5033333333333333
0.49666666666666665
0.49666666666666665
0.5
0.5
0.5
0.5
0.5033333333333333
0.5033333333333333
0.501779359430605
0.5111111111111111
0.5059760956175299
0.5043859649122807
0.5040650406504065
0.5045454545454545
0.509090909090909
0.5070422535211268
0.5104166666666666
0.5109170305676856
0.5062761506276151
0.5084033613445378
0.5087719298245614
0.507177033492823
0.5097087378640777
0.5042735042735043
0.5023474178403756
0.5045045045045045
0.5051020408163265
0.5038461538461538
0.5067264573991032
0.5072463768115942
0.5064377682403434
0.5087719298245614
0.5072463768115942
0.5073170731707317
0.5023923444976076
0.5096153846153846
0.5082872928176796
0.5053763440860215
0.5050505050505051
0.5087719298245614
0.5079365079365079
0.5102040816326531
0.5102040816326531
0.5076142131979695
0.5087719298245614
0.5133333333333333
0.510989010989011
0.5114942528735632
0.51010101010101
0.5081967213114754
0.5087719298245614
0.5130890052356021
0.5082872928176796
0.509090909090909
0.509090909090909
0.5028901734104047
0.5076142131979695
0.5157232704402516
0.5096774193548387
0.5121951219512195
0.5124378109452736
0.5077720207253886
0.5142857142857142
0.5081081081081081
0.509090909090909
0.5112359550561798
0.5086705202312138
0.5082872928176796
0.5116279069767442
0.5055555555555555
0.5089820359281437
0.5151515151515151
0.51010101010101
0.5130890052356021
0.5056179775280899
0.5123152709359606
0.5026737967914439
0.5058139534883721
0.5105263157894737
0.5142857142857142
0.5099009900990099
0.5070422535211268
0.5046296296296297
0.51010101010101
0.5052631578947369
0.5096153846153846
0.511520737327189
0.5077720207253886
0.5024390243902439
0.5081967213114754
0.5049019607843137
0.502283105022831
0.5040650406504065
0.5067264573991032
0.5051020408163265
0.5064935064935064
0.5020408163265306
0.5069767441860465
0.5071090047393365
0.5126050420168067
0.51010101010101
0.5046728971962616
0.5125628140703518
0.5069767441860465
0.5042372881355932
0.5099009900990099
0.5104166666666666
0.504950495049505
0.5105263157894737
0.5046728971962616
0.5023696682464455
0.5105263157894737
0.5067264573991032
0.5071090047393365
0.5084745762711864
0.5077720207253886
0.5065502183406113
0.5021459227467812
0.5077720207253886
0.5059288537549407
0.5067873303167421
0.5059288537549407
0.5054945054945055
0.5066666666666667
0.5059760956175299
0.5033333333333333
0.5
0.5076335877862596
0.5033333333333333
0.5033333333333333
0.5033333333333333
0.49666666666666665
0.5066666666666667
0.5
0.5
0.5066666666666667
0.49666666666666665
0.5033333333333333
0.5
0.5
0.5033333333333333
0.5
0.5
0.5
0.5
0.5
0.5
0.49666666666666665
0.5
0.49666666666666665
0.5
0.5033333333333333
0.5033333333333333
0.5
0.5
0.49666666666666665
0.5
0.5033333333333333
0.5033333333333333
0.5033333333333333
0.5033333333333333
0.5033333333333333
0.5
0.49666666666666665
0.5
0.5
0.49666666666666665
0.5
0.49666666666666665
0.5033333333333333
0.49666666666666665
0.49666666666666665
0.5
0.49666666666666665
0.5
0.5033333333333333
0.5
0.49666666666666665
0.5
0.5
0.5033333333333333
0.5
0.49666666666666665
0.5033333333333333
0.5
0.5
0.49666666666666665
0.5
0.5033333333333333
0.5033333333333333
0.5033333333333333
0.5
0.5033333333333333
0.5
0.5
0.5
0.5033333333333333
0.5
0.5
0.5
0.49666666666666665
0.5033333333333333
0.5033333333333333
0.5033333333333333
0.5
0.49333333333333335
0.49666666666666665
0.49666666666666665
0.5033333333333333
0.5
0.5
0.5
0.49666666666666665
0.5
0.5
0.49666666666666665
0.49666666666666665
0.49666666666666665
0.5033333333333333
0.5033333333333333
0.49666666666666665
0.49333333333333335
0.5
0.49666666666666665
0.49666666666666665
0.49666666666666665
0.5
0.49666666666666665
0.5
0.5033333333333333
0.5033333333333333
0.5
0.5033333333333333
0.5033333333333333
0.5
0.49666666666666665
0.5066666666666667
0.5
0.49333333333333335
0.49666666666666665
0.49666666666666665
0.49666666666666665
0.49666666666666665
0.5
0.49666666666666665
0.49666666666666665
0.5033333333333333
0.5033333333333333
0.49666666666666665
0.5
0.49666666666666665
0.49666666666666665
0.49666666666666665
0.5
0.49333333333333335
0.5
0.49666666666666665
0.49666666666666665
0.49666666666666665
0.49666666666666665
0.5
0.5033333333333333
0.5
0.5
0.5033333333333333
0.5033333333333333
0.5
0.49666666666666665
0.49666666666666665
0.5
0.49666666666666665
0.5
0.49666666666666665
0.5
0.5
0.5
0.5
0.5
0.5
0.5
0.5
0.49666666666666665
0.49666666666666665
0.49666666666666665
0.5033333333333333
0.5
0.49333333333333335
0.5
0.5033333333333333
0.5
0.5
0.49333333333333335
0.5
0.5
0.5033333333333333
0.49666666666666665
0.5
0.5033333333333333
0.5
0.49666666666666665
0.49666666666666665
0.51
0.49666666666666665
0.49666666666666665
0.5
0.5033333333333333
0.5
0.5
0.5
0.5
0.5
0.5
0.5
0.5
0.5217391304347826
0.49666666666666665
0.5033333333333333
0.5033333333333333
0.5033333333333333
0.5033333333333333
0.5
0.5
0.5
0.5
0.5
0.5
0.5
0.5033333333333333
0.49666666666666665
0.5
0.5033333333333333
0.5033333333333333
0.49666666666666665
0.5
0.5033333333333333
0.5
0.5
0.5033333333333333
0.5
0.5033333333333333
0.5
0.5033333333333333
0.5
0.5
0.5066666666666667
0.49666666666666665
0.5033333333333333
0.5066666666666667
0.5
0.5
0.5
0.5033333333333333
0.5033333333333333
0.5033333333333333
0.5033333333333333
0.5
0.49666666666666665
0.5
0.5033333333333333
0.5033333333333333
0.5
0.5
0.5
0.5
0.5
0.5033333333333333
0.5033333333333333
0.5066666666666667
0.5066666666666667
0.5033333333333333
0.5033333333333333
0.5
0.5033333333333333
0.5033333333333333
0.5033333333333333
0.5
0.5033333333333333
0.5
0.5033333333333333
0.5033333333333333
0.5
0.5066666666666667
0.5033333333333333
0.5066666666666667
0.5
0.49666666666666665
0.5033333333333333
0.5033333333333333
0.5
0.5033333333333333
0.5033333333333333
0.5033333333333333
0.5033333333333333
0.5033333333333333
0.5
0.5
0.5
0.5
0.49666666666666665
0.5
0.5033333333333333
0.5033333333333333
0.5033333333333333
0.5
0.5033333333333333
0.5033333333333333
0.5033333333333333
0.5033333333333333
0.5
0.5
0.5033333333333333
0.5
0.5
0.5033333333333333
0.5066666666666667
0.49666666666666665
0.5
0.5
0.5
0.5033333333333333
0.5033333333333333
0.49666666666666665
0.5033333333333333
0.5033333333333333
0.5033333333333333
0.5033333333333333
0.5
0.5
0.5
0.5033333333333333
0.5
0.5
0.5
0.5
0.5033333333333333
0.5033333333333333
0.5033333333333333
0.5
0.5033333333333333
0.5
0.5
0.5
0.49666666666666665
0.5
0.5033333333333333
0.5033333333333333
0.5
0.5
0.5
0.49666666666666665
0.5066666666666667
0.5
0.5
0.5
0.5
0.5
0.5
0.5
0.5033333333333333
0.5033333333333333
0.5
0.5033333333333333
0.5033333333333333
0.49666666666666665
0.5033333333333333
0.5033333333333333
0.5
0.5033333333333333
0.49666666666666665
0.5033333333333333
0.49666666666666665
0.5033333333333333
0.5033333333333333
0.49666666666666665
0.5033333333333333
0.5
0.49333333333333335
0.5033333333333333
0.49666666666666665
0.5
0.5
0.5
0.5
0.5
0.5066666666666667
0.5033333333333333
0.5
0.5
0.5
0.5
0.5
0.49666666666666665
0.5033333333333333
0.5033333333333333
0.5
0.5
0.5
0.5033333333333333
0.49666666666666665
0.5
0.5033333333333333
0.5
0.5
0.5
0.5
0.49666666666666665
0.5033333333333333
0.5
0.5
