0.5033333333333333
0.5033333333333333
0.5033333333333333
0.5
0.5033333333333333
0.5
0.5
0.5
0.5
0.5033333333333333
0.5
0.5033333333333333
0.5
0.5033333333333333
0.5
0.49666666666666665
0.49666666666666665
0.5
0.5
0.5
0.5
0.49666666666666665
0.5033333333333333
0.5
0.5
0.49666666666666665
0.49333333333333335
0.49666666666666665
0.49666666666666665
0.49666666666666665
0.4963768115942029
0.472
0.4968553459119497
0.4896551724137931
0.4866666666666667
0.4626865671641791
0.46226415094339623
0.4696969696969697
0.49324324324324326
0.4666666666666667
0.46875
0.45045045045045046
0.4621212121212121
0.4628099173553719
0.47101449275362317
0.45528455284552843
0.4576271186440678
0.453781512605042
0.4603174603174603
0.456
0.453781512605042
0.45689655172413796
0.4444444444444444
0.4392523364485981
0.4351851851851852
0.44715447154471544
0.4473684210526316
0.4368932038834951
0.4435483870967742
0.4406779661016949
0.44642857142857145
0.4339622641509434
0.43243243243243246
0.42990654205607476
0.44642857142857145
0.44144144144144143
0.4298245614035088
0.4298245614035088
0.4260869565217391
0.43243243243243246
0.4453125
0.4453125
0.4215686274509804
0.4336283185840708
0.4322033898305085
0.4336283185840708
0.42857142857142855
0.42718446601941745
0.43548387096774194
0.4166666666666667
0.4326923076923077
0.41904761904761906
0.43089430894308944
0.4411764705882353
0.42727272727272725
0.41975308641975306
0.423728813559322
0.45161290322580644
0.42592592592592593
0.45
0.4264705882352941
0.41975308641975306
0.4406779661016949
0.42201834862385323
0.42696629213483145
0.4423076923076923
0.44036697247706424
0.4305555555555556
0.43010752688172044
0.4444444444444444
0.43548387096774194
0.4358974358974359
0.4492753623188406
0.45
0.43023255813953487
0.45
0.43859649122807015
0.43548387096774194
0.43010752688172044
0.42391304347826086
0.43243243243243246
0.42
0.44
0.4305555555555556
0.42592592592592593
0.4358974358974359
0.43283582089552236
0.42424242424242425
0.4411764705882353
0.43283582089552236
0.43636363636363634
0.4222222222222222
0.4375
0.43010752688172044
0.42727272727272725
0.4230769230769231
0.42391304347826086
0.43373493975903615
0.42452830188679247
0.42857142857142855
0.4260869565217391
0.4297520661157025
0.45098039215686275
0.422680412371134
0.4336283185840708
0.42857142857142855
0.41414141414141414
0.4174757281553398
0.42201834862385323
0.42424242424242425
0.4166666666666667
0.41237113402061853
0.4262295081967213
0.43373493975903615
0.4383561643835616
0.4297520661157025
0.4418604651162791
0.43434343434343436
0.42857142857142855
0.43137254901960786
0.46296296296296297
0.42201834862385323
0.42105263157894735
0.4426229508196721
0.43137254901960786
0.423728813559322
0.4318181818181818
0.44285714285714284
0.4430379746835443
0.41964285714285715
0.42342342342342343
0.4260869565217391
0.42990654205607476
0.4274193548387097
0.40860215053763443
0.4107142857142857
0.4205607476635514
0.43243243243243246
0.4266666666666667
0.425531914893617
0.42727272727272725
0.43119266055045874
0.4158415841584158
0.42028985507246375
0.42857142857142855
0.41904761904761906
0.42857142857142855
0.4205607476635514
0.4298245614035088
0.41964285714285715
0.4205607476635514
0.4174757281553398
0.4268292682926829
0.4174757281553398
0.43548387096774194
0.41284403669724773
0.4444444444444444
0.44
0.42857142857142855
0.42
0.425
0.4339622641509434
0.4318181818181818
0.45098039215686275
0.4230769230769231
0.42857142857142855
0.42
0.43859649122807015
0.4358974358974359
0.44155844155844154
0.4423076923076923
0.41
0.4215686274509804
0.41904761904761906
0.4222222222222222
0.43478260869565216
0.4305555555555556
0.4307692307692308
0.4318181818181818
0.4375
0.4247787610619469
0.45098039215686275
0.4158415841584158
0.421875
0.4406779661016949
0.42201834862385323
0.43859649122807015
0.42857142857142855
0.42990654205607476
0.44680851063829785
0.4215686274509804
0.42342342342342343
0.41904761904761906
0.42857142857142855
0.42452830188679247
0.42424242424242425
0.42857142857142855
0.41904761904761906
0.4444444444444444
0.41414141414141414
0.44
0.41
0.42696629213483145
0.43137254901960786
0.4215686274509804
0.4158415841584158
0.4205607476635514
0.4423076923076923
0.42592592592592593
0.42452830188679247
0.4444444444444444
0.4247787610619469
0.43333333333333335
0.43243243243243246
0.42990654205607476
0.42028985507246375
0.4247787610619469
0.4174757281553398
0.43103448275862066
0.40816326530612246
0.4326923076923077
0.43103448275862066
0.43010752688172044
0.43478260869565216
0.4215686274509804
0.4423076923076923
0.42857142857142855
0.4375
0.42718446601941745
0.4205607476635514
0.4230769230769231
0.42592592592592593
0.43
0.42857142857142855
0.42857142857142855
0.42727272727272725
0.41964285714285715
0.4336283185840708
0.42
0.4342105263157895
0.422680412371134
0.43089430894308944
0.425
0.4158415841584158
0.42045454545454547
0.4174757281553398
0.4166666666666667
0.4358974358974359
0.4367816091954023
0.42696629213483145
0.41975308641975306
0.41935483870967744
0.42727272727272725
0.43820224719101125
0.42857142857142855
0.43333333333333335
0.4235294117647059
0.43023255813953487
0.43137254901960786
0.425
0.42696629213483145
0.4461538461538462
0.43548387096774194
0.42718446601941745
0.43529411764705883
0.43373493975903615
0.45
0.42857142857142855
0.42857142857142855
0.4268292682926829
0.43
0.4189189189189189
0.4342105263157895
0.45098039215686275
0.4225352112676056
0.425531914893617
0.4375
0.42592592592592593
0.4375
0.4307692307692308
0.42857142857142855
0.43333333333333335
0.42857142857142855
0.4444444444444444
0.4426229508196721
0.42727272727272725
0.44594594594594594
0.41414141414141414
0.43283582089552236
0.42105263157894735
0.43023255813953487
0.43209876543209874
0.4270833333333333
0.4125
0.4264705882352941
0.43243243243243246
0.4339622641509434
0.4266666666666667
0.42424242424242425
0.43859649122807015
0.43
0.44594594594594594
0.4262295081967213
0.43548387096774194
0.43137254901960786
0.4305555555555556
0.44
0.42424242424242425
0.4166666666666667
0.43636363636363634
0.42857142857142855
0.4225352112676056
0.4444444444444444
0.4423076923076923
0.4444444444444444
0.4230769230769231
0.4342105263157895
0.45652173913043476
0.43283582089552236
0.4375
0.421875
0.43037974683544306
0.4375
0.4375
0.42857142857142855
0.4375
0.4375
0.4426229508196721
0.42857142857142855
0.44285714285714284
0.44680851063829785
0.43636363636363634
0.425531914893617
0.43636363636363634
0.425531914893617
0.4318181818181818
0.4426229508196721
0.41818181818181815
0.44642857142857145
0.45
0.4418604651162791
0.43137254901960786
0.44
0.4246575342465753
0.42857142857142855
0.43859649122807015
0.45
0.425
0.45
0.43636363636363634
0.42592592592592593
0.43103448275862066
0.44642857142857145
0.42857142857142855
0.42857142857142855
0.42857142857142855
0.4268292682926829
0.42857142857142855
0.43103448275862066
0.4444444444444444
0.43859649122807015
0.4489795918367347
0.43333333333333335
0.4268292682926829
0.4444444444444444
0.41509433962264153
0.4318181818181818
0.43548387096774194
0.42
0.42857142857142855
0.43902439024390244
0.45
0.45652173913043476
0.4318181818181818
0.43859649122807015
0.43478260869565216
0.45
0.4318181818181818
0.425
0.4339622641509434
0.4375
0.44680851063829785
0.4489795918367347
0.4166666666666667
0.43137254901960786
0.4318181818181818
0.4411764705882353
0.43103448275862066
0.4423076923076923
0.4444444444444444
0.4358974358974359
0.43478260869565216
0.44
0.42
0.43137254901960786
0.46875
0.43243243243243246
0.4642857142857143
0.4358974358974359
0.4482758620689655
0.4444444444444444
0.42857142857142855
0.43478260869565216
0.4411764705882353
0.4222222222222222
0.42857142857142855
0.4411764705882353
0.43902439024390244
0.43103448275862066
0.46153846153846156
0.4473684210526316
0.4444444444444444
0.4444444444444444
0.4594594594594595
0.4482758620689655
0.46153846153846156
0.425531914893617
0.4444444444444444
0.4358974358974359
0.43243243243243246
0.42857142857142855
0.4358974358974359
0.45
0.45
0.4418604651162791
0.43333333333333335
0.4444444444444444
0.4230769230769231
0.4375
0.42424242424242425
0.45454545454545453
0.43333333333333335
0.4473684210526316
0.4634146341463415
0.43859649122807015
0.4318181818181818
0.43478260869565216
0.42857142857142855
0.4473684210526316
0.4411764705882353
0.43333333333333335
0.425
0.45
0.47058823529411764
0.4318181818181818
0.4411764705882353
0.4186046511627907
0.45454545454545453
0.46153846153846156
0.45
0.4594594594594595
0.4523809523809524
0.42424242424242425
0.425
0.43333333333333335
0.42857142857142855
0.44
0.42424242424242425
0.43243243243243246
0.45714285714285713
0.45714285714285713
0.42857142857142855
0.4642857142857143
0.4444444444444444
0.43478260869565216
0.45
0.4444444444444444
0.4666666666666667
0.4375
0.4375
0.4594594594594595
0.4444444444444444
0.4444444444444444
0.4411764705882353
0.4444444444444444
0.42857142857142855
0.4358974358974359
0.4444444444444444
0.4358974358974359
0.45161290322580644
0.45454545454545453
0.44
0.4666666666666667
0.4666666666666667
0.4444444444444444
0.4411764705882353
0.4482758620689655
0.4375
0.46875
0.43902439024390244
0.4482758620689655
0.4583333333333333
0.46875
0.45714285714285713
0.45454545454545453
0.44
0.44680851063829785
0.45714285714285713
0.43243243243243246
0.46875
0.4444444444444444
0.45454545454545453
0.4444444444444444
0.423728813559322
0.43333333333333335
0.45
0.4482758620689655
0.4473684210526316
0.4482758620689655
0.4358974358974359
0.45454545454545453
0.48148148148148145
0.45161290322580644
0.4375
0.45161290322580644
0.45714285714285713
0.4444444444444444
0.47058823529411764
0.45714285714285713
0.45454545454545453
0.43243243243243246
0.4482758620689655
0.45454545454545453
0.4642857142857143
0.42857142857142855
0.48
0.4166666666666667
0.44
0.43478260869565216
0.44
0.42857142857142855
0.43478260869565216
0.4642857142857143
0.44
0.44
0.4642857142857143
0.4827586206896552
0.46875
0.4666666666666667
0.4482758620689655
0.45161290322580644
0.4444444444444444
0.43333333333333335
0.42857142857142855
0.4482758620689655
0.45
0.4482758620689655
0.45454545454545453
0.4642857142857143
0.4444444444444444
0.4375
0.4583333333333333
0.4827586206896552
0.4666666666666667
0.41935483870967744
0.44
0.43478260869565216
0.45714285714285713
0.46153846153846156
0.44
0.43478260869565216
0.46153846153846156
0.4583333333333333
0.42857142857142855
0.4583333333333333
0.42857142857142855
0.43478260869565216
0.4482758620689655
0.4583333333333333
0.4827586206896552
0.47058823529411764
0.46153846153846156
0.4642857142857143
0.46153846153846156
0.4444444444444444
0.4642857142857143
0.45454545454545453
0.4482758620689655
0.45454545454545453
0.4583333333333333
0.5
0.45454545454545453
0.4482758620689655
0.5238095238095238
0.45454545454545453
0.4444444444444444
0.4782608695652174
0.4642857142857143
0.47619047619047616
0.4642857142857143
0.5263157894736842
0.4583333333333333
0.46153846153846156
0.5
0.47368421052631576
0.5
0.4782608695652174
0.4583333333333333
0.45
0.47619047619047616
0.47368421052631576
0.45454545454545453
0.47619047619047616
0.4583333333333333
0.45
0.45454545454545453
0.4444444444444444
0.42857142857142855
0.46153846153846156
0.45
0.48
0.47368421052631576
0.47368421052631576
0.47619047619047616
0.44
0.45454545454545453
0.4583333333333333
0.47058823529411764
0.5
0.47619047619047616
0.46153846153846156
0.4444444444444444
0.5
0.47058823529411764
0.47058823529411764
0.4583333333333333
0.44
0.5
0.47368421052631576
0.43478260869565216
0.4642857142857143
0.45454545454545453
0.4583333333333333
0.5
0.5
0.4583333333333333
0.4583333333333333
0.47058823529411764
0.46153846153846156
0.5
0.4782608695652174
0.47619047619047616
0.47058823529411764
0.5
0.45454545454545453
0.47058823529411764
0.4782608695652174
0.4782608695652174
0.5
0.47619047619047616
0.47058823529411764
0.4782608695652174
0.4666666666666667
0.5
0.5
0.47368421052631576
0.45454545454545453
0.45454545454545453
0.5
0.47619047619047616
0.4782608695652174
0.5
0.5
0.5
0.5
0.4782608695652174
0.47368421052631576
0.42857142857142855
0.5238095238095238
0.5
0.47368421052631576
0.5
0.4444444444444444
0.5
0.45
0.47619047619047616
0.5
0.5
0.48
0.47619047619047616
0.47619047619047616
0.5
0.5
0.47368421052631576
0.47368421052631576
0.47368421052631576
0.47058823529411764
0.4666666666666667
0.47058823529411764
0.5
0.48148148148148145
0.45454545454545453
0.47619047619047616
0.4444444444444444
0.55
0.5
0.45454545454545453
0.4583333333333333
0.47368421052631576
0.47368421052631576
0.47058823529411764
0.47058823529411764
0.5
0.44
0.47058823529411764
0.47619047619047616
0.5238095238095238
0.5
0.5
0.5
0.5
0.4375
0.5
0.45
0.4666666666666667
0.47058823529411764
0.5555555555555556
0.5333333333333333
0.5238095238095238
0.5294117647058824
0.5
0.5333333333333333
0.5263157894736842
0.5
0.47368421052631576
0.4444444444444444
0.5294117647058824
0.47058823529411764
0.5294117647058824
0.5
0.5
0.5294117647058824
0.5
0.5
0.5333333333333333
0.47058823529411764
0.47058823529411764
0.46153846153846156
0.5333333333333333
0.5
0.46153846153846156
0.5
0.5625
0.5
0.5
0.5
0.47058823529411764
0.5333333333333333
0.5
0.5333333333333333
0.5
0.5
0.5384615384615384
0.5
0.47058823529411764
0.46153846153846156
0.5
0.5333333333333333
0.5
0.5294117647058824
0.5333333333333333
0.5333333333333333
0.47058823529411764
0.5333333333333333
0.5384615384615384
0.5
0.5384615384615384
0.5
0.5
0.5333333333333333
0.5
0.5384615384615384
0.5714285714285714
0.6363636363636364
0.5294117647058824
0.5454545454545454
0.5
0.5
0.5714285714285714
0.5294117647058824
0.5384615384615384
0.5
0.5333333333333333
0.5
0.5
0.5
0.5333333333333333
0.5294117647058824
0.5
0.5384615384615384
0.5333333333333333
0.5
0.47058823529411764
0.5833333333333334
0.46153846153846156
0.6153846153846154
0.5
0.5454545454545454
0.5
0.5384615384615384
0.5
0.5454545454545454
0.5833333333333334
0.5333333333333333
0.5
0.5384615384615384
0.5714285714285714
0.6153846153846154
0.5714285714285714
0.5833333333333334
0.5454545454545454
0.5333333333333333
0.5714285714285714
0.5333333333333333
0.5833333333333334
0.5384615384615384
0.5
0.5714285714285714
0.5714285714285714
0.5833333333333334
0.5454545454545454
0.5333333333333333
0.5333333333333333
0.5
0.5714285714285714
0.5333333333333333
0.6363636363636364
0.6
0.5833333333333334
0.5454545454545454
0.5833333333333334
0.6666666666666666
0.6666666666666666
0.5
0.5714285714285714
0.5833333333333334
0.5714285714285714
0.5833333333333334
0.6
0.6363636363636364
0.6
0.6
0.5833333333333334
0.5714285714285714
0.5714285714285714
0.6153846153846154
0.5
0.5454545454545454
0.6666666666666666
0.5384615384615384
0.5454545454545454
0.6
0.6363636363636364
0.6363636363636364
0.5833333333333334
0.5714285714285714
0.6363636363636364
0.5714285714285714
0.6363636363636364
0.6153846153846154
0.5833333333333334
0.6666666666666666
0.6
0.6153846153846154
0.6363636363636364
0.5833333333333334
0.7
0.6
0.6666666666666666
0.6666666666666666
0.5833333333333334
0.5833333333333334
0.5833333333333334
0.5833333333333334
0.6666666666666666
0.6666666666666666
0.7
0.6153846153846154
0.5454545454545454
0.6
0.6153846153846154
0.6153846153846154
0.7
0.6363636363636364
0.6153846153846154
0.7272727272727273
0.6
0.6
0.6666666666666666
0.6
0.6153846153846154
0.7
0.6363636363636364
0.6363636363636364
0.5384615384615384
0.6363636363636364
0.7
0.7
0.6
0.6
0.5833333333333334
0.5833333333333334
0.6153846153846154
0.6666666666666666
0.7
0.6363636363636364
0.6363636363636364
0.6
0.6
0.7
0.6363636363636364
0.5454545454545454
0.6363636363636364
0.6666666666666666
0.7
0.6363636363636364
0.7272727272727273
0.6666666666666666
0.6666666666666666
0.6
0.6363636363636364
0.7
0.6363636363636364
0.6
0.6363636363636364
0.6
0.6666666666666666
0.6
0.6666666666666666
0.6153846153846154
0.7777777777777778
0.6666666666666666
0.7
0.7272727272727273
0.6666666666666666
0.7
0.6666666666666666
0.7272727272727273
0.7777777777777778
0.7272727272727273
0.6363636363636364
0.7
0.6666666666666666
0.7272727272727273
0.5454545454545454
0.7272727272727273
0.6666666666666666
0.8
0.7272727272727273
0.6666666666666666
0.7272727272727273
0.6363636363636364
0.7
0.6666666666666666
0.6666666666666666
0.7272727272727273
0.7777777777777778
0.6
0.7
0.7272727272727273
0.6363636363636364
0.5454545454545454
0.6363636363636364
0.6666666666666666
0.7272727272727273
0.7272727272727273
0.7
0.7
0.6666666666666666
0.8
