0.5172413793103449
0.5217391304347826
0.49230769230769234
0.6666666666666666
0.5283018867924528
0.4444444444444444
0.5102040816326531
0.4603174603174603
0.4827586206896552
0.4090909090909091
0.5072463768115942
0.4838709677419355
0.4473684210526316
0.48936170212765956
0.4444444444444444
0.4897959183673469
0.4864864864864865
0.48148148148148145
0.4925373134328358
0.46
0.5
0.5294117647058824
0.5106382978723404
0.5217391304347826
0.5098039215686274
0.5344827586206896
0.5272727272727272
0.5238095238095238
0.5
0.4666666666666667
0.5050505050505051
0.4927536231884058
0.5471698113207547
0.4727272727272727
0.5
0.5185185185185185
0.45901639344262296
0.4722222222222222
0.52
0.4772727272727273
0.48333333333333334
0.5230769230769231
0.48484848484848486
0.4827586206896552
0.47692307692307695
0.5263157894736842
0.5333333333333333
0.5161290322580645
0.5454545454545454
0.4881889763779528
0.514792899408284
0.48148148148148145
0.5303030303030303
0.48717948717948717
0.5076923076923077
0.4857142857142857
0.5104166666666666
0.45977011494252873
0.5
0.5106382978723404
0.45652173913043476
0.53125
0.4634146341463415
0.46
0.48226950354609927
0.5
0.5370370370370371
0.4639175257731959
0.5
0.5102040816326531
0.5526315789473685
0.5042735042735043
0.5272727272727272
0.5681818181818182
0.47058823529411764
0.5268817204301075
0.5058823529411764
0.5108695652173914
0.45871559633027525
0.521978021978022
0.5324675324675324
0.5201342281879194
0.48638132295719844
0.5307692307692308
0.4716981132075472
0.4648648648648649
0.536
0.5
0.5
0.4845360824742268
0.456
0.4854368932038835
0.46632124352331605
0.5283018867924528
0.47183098591549294
0.48828125
0.4453125
0.47619047619047616
0.5
0.43859649122807015
0.5047169811320755
0.4841628959276018
0.46875
0.5144927536231884
0.4898989898989899
0.4981949458483754
0.515527950310559
0.44660194174757284
0.5066666666666667
0.5277777777777778
0.5294117647058824
0.5520833333333334
0.4913494809688581
0.5354330708661418
0.5373134328358209
0.5146198830409356
0.5275590551181102
0.49812734082397003
0.519774011299435
0.5258620689655172
0.5166666666666667
0.5166666666666667
0.5
0.4430379746835443
0.5033333333333333
0.4827586206896552
0.49800796812749004
0.5066666666666667
0.5
0.5033333333333333
0.48333333333333334
0.48
0.485
0.4872881355932203
0.48502994011976047
0.4696132596685083
0.4784688995215311
0.4823943661971831
0.48760330578512395
0.4645161290322581
0.42857142857142855
0.4666666666666667
0.43137254901960786
0.4552238805970149
0.4716981132075472
0.46875
0.46835443037974683
0.4666666666666667
0.4609375
0.49097472924187724
0.47474747474747475
0.48095238095238096
0.46835443037974683
0.47783251231527096
0.4801980198019802
0.4695121951219512
0.481651376146789
0.48044692737430167
0.48068669527896996
0.4898785425101215
0.5309278350515464
0.48333333333333334
0.51
0.5337837837837838
0.5240641711229946
0.5154639175257731
0.5384615384615384
0.5370370370370371
0.5238095238095238
0.5291005291005291
0.527363184079602
0.5287958115183246
0.5194805194805194
0.5286885245901639
0.5333333333333333
0.49333333333333335
0.5128205128205128
0.5166666666666667
0.5194174757281553
0.5205479452054794
0.5066666666666667
0.49666666666666665
0.48739495798319327
0.5166051660516605
0.49666666666666665
0.49666666666666665
0.4827586206896552
0.49333333333333335
0.4881889763779528
0.49
0.49
0.48739495798319327
0.4899598393574297
0.4830917874396135
0.47619047619047616
0.481651376146789
0.47717842323651455
0.4876847290640394
0.4898989898989899
0.48717948717948717
