0.48717948717948717
0.5526315789473685
0.3333333333333333
0.5
0.4838709677419355
0.47058823529411764
0.35714285714285715
0.48148148148148145
0.4925373134328358
0.6
0.45
0.7272727272727273
0.6
0.5
0.46153846153846156
0.5555555555555556
0.5454545454545454
0.5416666666666666
0.4772727272727273
0.49019607843137253
0.48
0.55
0.4375
0.47368421052631576
0.6
0.46808510638297873
0.5666666666666667
0.4444444444444444
0.5
0.49333333333333335
0.52
0.5106382978723404
0.5142857142857142
0.5185185185185185
0.4838709677419355
0.4888888888888889
0.5274725274725275
0.46153846153846156
0.4782608695652174
0.47368421052631576
0.4666666666666667
0.5324675324675324
0.5254237288135594
0.5185185185185185
0.4520547945205479
0.5
0.46153846153846156
0.5142857142857142
0.5172413793103449
0.5344827586206896
0.449438202247191
0.5454545454545454
0.504
0.5299145299145299
0.5
0.5277777777777778
0.5423728813559322
0.4266666666666667
0.49029126213592233
0.5
0.5391304347826087
0.54
0.5217391304347826
0.4864864864864865
0.5267857142857143
0.45985401459854014
0.44554455445544555
0.5538461538461539
0.47305389221556887
0.4578313253012048
0.5700934579439252
0.5342465753424658
0.48404255319148937
0.5476190476190477
0.5368421052631579
0.5022026431718062
0.48095238095238096
0.5108695652173914
0.5223880597014925
0.45454545454545453
0.5338983050847458
0.5116279069767442
0.5398230088495575
0.5443786982248521
0.5454545454545454
0.5063291139240507
0.521978021978022
0.5224489795918368
0.5588235294117647
0.5047619047619047
0.5172413793103449
0.5471698113207547
0.5190476190476191
0.4852941176470588
0.5
0.5441176470588235
0.5119617224880383
0.5542168674698795
0.5072463768115942
0.5504587155963303
0.5151515151515151
0.5275590551181102
0.5145228215767634
0.5424836601307189
0.5416666666666666
0.5177865612648221
0.5545454545454546
0.5294117647058824
0.5220588235294118
0.5
0.5384615384615384
0.5416666666666666
0.5
0.5142857142857142
0.5145631067961165
0.5119047619047619
0.5348837209302325
0.5454545454545454
0.5181347150259067
0.5033333333333333
0.5135135135135135
0.5058823529411764
0.506993006993007
0.5398230088495575
0.5152838427947598
0.5133333333333333
0.5133333333333333
0.5102880658436214
0.5425531914893617
0.5071942446043165
0.4805194805194805
0.4906832298136646
0.5066666666666667
0.5083333333333333
0.5024875621890548
0.49666666666666665
0.49333333333333335
0.5033333333333333
0.5116279069767442
0.49666666666666665
0.5054151624548736
0.503968253968254
0.49666666666666665
0.5
0.49224806201550386
0.5033333333333333
0.5
0.5033333333333333
0.52
0.5033333333333333
0.5086206896551724
0.49333333333333335
0.49666666666666665
0.5033333333333333
0.5
0.49666666666666665
0.5066666666666667
0.5
0.5133333333333333
0.51
0.5066666666666667
0.49666666666666665
0.5033333333333333
0.5
0.5133333333333333
0.49666666666666665
0.5066666666666667
0.5
0.5066666666666667
0.5033333333333333
0.5066666666666667
0.5066666666666667
0.5033333333333333
0.5
0.49137931034482757
0.5
0.5033333333333333
0.5
0.49333333333333335
0.49666666666666665
0.5133333333333333
0.5066666666666667
0.5133333333333333
0.51
0.5066666666666667
0.49
0.5
0.5166666666666667
0.4901185770750988
0.49732620320855614
0.49666666666666665
0.49333333333333335
0.4904214559386973
0.5019762845849802
0.49666666666666665
0.4921875
0.48704663212435234
0.49159663865546216
0.4979757085020243
0.5046728971962616
0.5066666666666667
0.5
0.5033333333333333
0.49173553719008267
0.5166666666666667
0.4858490566037736
0.5066666666666667
0.5133333333333333
0.48333333333333334
0.5066666666666667
0.5152671755725191
0.5133333333333333
0.5054945054945055
0.506896551724138
0.510752688172043
0.4925925925925926
0.5066666666666667
0.4769874476987448
0.5160142348754448
0.5153846153846153
0.5166666666666667
0.5185185185185185
0.4866666666666667
0.5128205128205128
0.5283018867924528
0.5035971223021583
0.4972677595628415
0.47572815533980584
0.5166666666666667
0.5076335877862596
0.47368421052631576
0.4945652173913043
0.4866666666666667
0.4957627118644068
0.4855072463768116
0.4927536231884058
0.45
0.47904191616766467
0.489247311827957
0.47282608695652173
0.4591194968553459
0.448
0.44776119402985076
0.4678362573099415
0.46534653465346537
0.4489795918367347
0.4434782608695652
0.4322033898305085
0.45625
0.4375
0.4444444444444444
0.43902439024390244
0.46405228758169936
0.4380165289256198
0.4536082474226804
0.42727272727272725
0.4435483870967742
0.45918367346938777
0.43243243243243246
0.4528301886792453
0.45045045045045046
0.4406779661016949
0.45864661654135336
0.4375
0.4409448818897638
0.472
0.44871794871794873
0.4506172839506173
0.4519230769230769
0.4418604651162791
0.4642857142857143
0.4444444444444444
0.4496124031007752
0.44166666666666665
0.4485294117647059
0.4444444444444444
0.42592592592592593
0.4578313253012048
0.46258503401360546
0.43846153846153846
0.4375
0.45625
0.45528455284552843
0.4557823129251701
0.4715909090909091
0.44696969696969696
0.4533333333333333
0.4672897196261682
0.44366197183098594
0.4392523364485981
0.46715328467153283
0.45714285714285713
0.461038961038961
0.43103448275862066
0.46308724832214765
0.43333333333333335
0.4583333333333333
0.48663101604278075
0.45
0.44144144144144143
0.4647887323943662
0.46308724832214765
0.4628099173553719
0.46774193548387094
0.4591194968553459
0.4732824427480916
0.46
0.4632352941176471
0.44696969696969696
0.46017699115044247
0.453125
0.4779874213836478
0.46710526315789475
0.4444444444444444
0.46564885496183206
0.4434782608695652
0.4890829694323144
0.4634146341463415
0.4713375796178344
0.48148148148148145
0.46060606060606063
0.4846938775510204
0.4626865671641791
0.47096774193548385
0.47282608695652173
0.456
0.43548387096774194
0.47674418604651164
0.4772727272727273
0.4925373134328358
0.45588235294117646
0.46534653465346537
0.47619047619047616
0.45454545454545453
0.4692737430167598
0.47761194029850745
0.47101449275362317
0.48128342245989303
0.47468354430379744
0.4823008849557522
0.4782608695652174
0.4782608695652174
0.4875444839857651
0.4782608695652174
0.48484848484848486
0.4810126582278481
0.480225988700565
0.49666666666666665
0.49
0.464
0.48214285714285715
0.5033333333333333
0.4863013698630137
0.4885057471264368
0.48945147679324896
0.464
0.4858757062146893
0.4745762711864407
0.5022026431718062
0.48404255319148937
0.5
0.4789473684210526
0.49666666666666665
0.49333333333333335
0.49666666666666665
0.5
0.5
0.49666666666666665
0.51
0.49333333333333335
0.4866666666666667
0.5033333333333333
0.49
0.5
0.51
0.5189393939393939
0.5133333333333333
0.4855072463768116
0.49333333333333335
0.5066666666666667
0.49
0.49
0.5
0.51
0.5
0.4966442953020134
0.49159663865546216
0.4915254237288136
0.47391304347826085
0.4876543209876543
0.47368421052631576
0.49666666666666665
0.4804270462633452
0.5029585798816568
0.4918032786885246
0.4944237918215613
0.5071090047393365
0.5
0.4875
0.5064935064935064
0.52
0.5
0.5
0.4921259842519685
0.5125
0.5033557046979866
0.5018867924528302
0.5092592592592593
0.4845814977973568
0.5121951219512195
0.488
0.49333333333333335
0.5
0.4782608695652174
0.4948805460750853
0.4900398406374502
0.4966887417218543
0.5093167701863354
0.49666666666666665
0.4927536231884058
0.4766355140186916
0.4965986394557823
0.48333333333333334
0.4868913857677903
0.49230769230769234
0.5
0.483739837398374
0.4921259842519685
0.5
0.5
0.5133333333333333
0.51
0.4961832061068702
0.5018315018315018
0.49382716049382713
0.4959349593495935
0.5
0.5
0.51
0.5066666666666667
0.5
0.5
0.51
0.49
0.4859437751004016
0.4965986394557823
0.5133333333333333
0.51
0.5133333333333333
0.5033333333333333
0.49666666666666665
0.5066666666666667
0.51
0.4945054945054945
0.50187265917603
0.49230769230769234
0.496551724137931
0.5033557046979866
0.5033333333333333
0.5033333333333333
0.5165562913907285
0.5031055900621118
0.5133333333333333
0.5033333333333333
0.51
0.5066666666666667
0.5033333333333333
0.49416342412451364
0.5066666666666667
0.4940239043824701
0.5066666666666667
0.5066666666666667
0.5033333333333333
0.51
0.48214285714285715
0.48444444444444446
0.5066666666666667
0.5066666666666667
0.49047619047619045
0.5036764705882353
0.51
0.5066666666666667
0.5
0.48880597014925375
0.5033333333333333
0.5066666666666667
0.49411764705882355
0.4965986394557823
0.5
0.5066666666666667
0.5
0.49666666666666665
0.5
0.5066666666666667
0.5066666666666667
0.5066666666666667
0.5033333333333333
0.5
0.51
0.5
0.49333333333333335
0.49
0.49666666666666665
0.5033333333333333
0.49333333333333335
0.4909090909090909
0.5036231884057971
0.49666666666666665
0.5
0.5033333333333333
0.5
0.49666666666666665
0.49666666666666665
0.5
0.49666666666666665
0.49
0.49666666666666665
0.4866666666666667
0.49666666666666665
0.5066666666666667
0.49666666666666665
0.49666666666666665
0.5
0.5
0.5133333333333333
0.5033333333333333
0.5066666666666667
0.49666666666666665
0.5066666666666667
0.49666666666666665
0.5037037037037037
0.5
0.5
0.5033333333333333
0.51
0.5066666666666667
0.5
0.49666666666666665
0.5033333333333333
0.5
0.5
0.5
0.5
0.5
0.5033333333333333
0.5066666666666667
0.5
0.5
0.5
0.49333333333333335
0.5038167938931297
0.49666666666666665
0.49666666666666665
0.5033333333333333
0.5
0.49666666666666665
0.5033333333333333
0.5066666666666667
0.49666666666666665
0.5
0.49333333333333335
0.5066666666666667
0.5066666666666667
0.49666666666666665
0.49666666666666665
0.49666666666666665
0.5033333333333333
0.5033333333333333
0.5
0.5066666666666667
0.51
0.49666666666666665
0.51
0.49666666666666665
0.5033333333333333
0.5
0.49666666666666665
0.5033333333333333
0.51
0.49666666666666665
0.5
0.49666666666666665
0.5033333333333333
0.5033333333333333
0.5
0.4866666666666667
0.5033333333333333
0.5033333333333333
0.5033333333333333
0.5033333333333333
0.5066666666666667
0.49
0.49666666666666665
0.5066666666666667
0.49333333333333335
0.5066666666666667
0.5
0.49333333333333335
0.49666666666666665
0.49666666666666665
0.49
0.4866666666666667
0.49666666666666665
0.49666666666666665
0.49666666666666665
0.5
0.49333333333333335
0.49666666666666665
0.5066666666666667
0.49333333333333335
0.49333333333333335
0.5
0.5
0.49333333333333335
0.49
0.49333333333333335
0.5
0.49666666666666665
0.49666666666666665
0.49
0.49666666666666665
0.49666666666666665
0.5
0.5
0.49666666666666665
0.49
0.49666666666666665
0.49333333333333335
0.49333333333333335
0.49333333333333335
0.4866666666666667
0.49056603773584906
0.49
0.49333333333333335
0.49333333333333335
0.49333333333333335
0.4866666666666667
0.49
0.5037593984962406
0.509009009009009
0.49333333333333335
0.4866666666666667
0.48333333333333334
0.5060240963855421
0.5073529411764706
0.49
0.48333333333333334
0.49264705882352944
0.5
0.49333333333333335
0.5100401606425703
0.4980694980694981
0.488
0.5040983606557377
0.5134099616858238
0.49666666666666665
0.5102880658436214
0.4866666666666667
0.49333333333333335
0.5139442231075697
0.5041322314049587
0.508
0.5061728395061729
0.5019607843137255
0.48760330578512395
0.5
0.5122950819672131
0.5037878787878788
0.4838709677419355
0.4866666666666667
0.49333333333333335
0.5051194539249146
0.4936708860759494
0.49333333333333335
0.4873417721518987
0.47183098591549294
0.4810126582278481
0.5
0.48936170212765956
0.46853146853146854
0.48299319727891155
0.48322147651006714
0.48507462686567165
0.4755244755244755
0.46564885496183206
0.4661016949152542
0.46551724137931033
0.4892086330935252
0.48026315789473684
0.4748201438848921
0.45864661654135336
0.4609375
0.4628099173553719
0.47540983606557374
0.4748201438848921
0.48427672955974843
0.4645669291338583
0.4782608695652174
0.48299319727891155
0.464
0.47619047619047616
0.49295774647887325
0.4755244755244755
0.47651006711409394
0.4873417721518987
0.4857142857142857
0.48322147651006714
0.4965986394557823
0.4900662251655629
0.5
0.49666666666666665
0.5
0.49333333333333335
0.48175182481751827
0.5033333333333333
0.4942528735632184
0.49666666666666665
0.49333333333333335
0.49333333333333335
0.49666666666666665
0.49666666666666665
0.49666666666666665
0.49666666666666665
0.5
0.49666666666666665
0.5
0.49477351916376305
0.49280575539568344
0.49666666666666665
0.4945054945054945
0.4982456140350877
0.49666666666666665
0.49377593360995853
0.49666666666666665
0.4948453608247423
0.4946236559139785
0.49666666666666665
0.4963768115942029
0.4965753424657534
0.49666666666666665
0.49666666666666665
0.5
0.49666666666666665
0.4965034965034965
0.49264705882352944
0.49823321554770317
0.4940239043824701
0.49586776859504134
0.49372384937238495
0.4954545454545455
0.49171270718232046
0.4946808510638298
0.49444444444444446
0.4895833333333333
0.4918918918918919
0.49056603773584906
0.48466257668711654
0.48947368421052634
0.49444444444444446
0.49230769230769234
0.4861878453038674
0.4948453608247423
0.4947916666666667
0.4853801169590643
0.4873096446700508
0.4834123222748815
0.49107142857142855
0.4908256880733945
0.49783549783549785
0.4954545454545455
0.49572649572649574
0.49642857142857144
0.4921875
0.49666666666666665
0.49666666666666665
0.49666666666666665
0.49666666666666665
0.49666666666666665
0.5
0.49666666666666665
0.49666666666666665
0.5
0.5
0.5033333333333333
0.5
0.5
0.5
0.5033333333333333
0.5
0.5
0.49666666666666665
0.49666666666666665
0.49666666666666665
0.49666666666666665
0.5
0.49666666666666665
0.5033333333333333
0.5
0.49666666666666665
0.5
0.5
0.5
0.5
0.5
0.5
0.49666666666666665
0.5033333333333333
0.5
0.5033333333333333
0.5
0.49666666666666665
0.5
0.5
0.5033333333333333
0.5
0.5
0.5
0.5
0.5
0.5033333333333333
0.5
0.5033333333333333
0.5033333333333333
0.5033333333333333
0.49666666666666665
0.5
0.49666666666666665
0.5
0.5
0.49666666666666665
0.5033333333333333
0.49666666666666665
0.5
0.5
0.5
0.5033333333333333
0.5
0.5
0.5
0.5033333333333333
0.5
0.5
0.5
0.5033333333333333
0.5
0.5
0.5
0.49666666666666665
0.49666666666666665
0.5033333333333333
0.5
0.5
0.49333333333333335
0.5033333333333333
0.5
0.49666666666666665
0.5033333333333333
0.5
0.5
0.5
0.5
0.5
0.5
0.5
0.5
0.5
0.5
0.5
0.5
0.5
0.5
0.5033333333333333
0.5033333333333333
0.5
0.5
0.5
0.5033333333333333
0.5
0.49666666666666665
0.5
0.5
0.5
0.5033333333333333
0.5033333333333333
0.5
0.5033333333333333
0.5
0.5033333333333333
0.5
0.49666666666666665
0.49666666666666665
0.5033333333333333
0.5033333333333333
0.5
0.5
0.5
0.5033333333333333
0.5
0.49666666666666665
0.5
0.5
0.5033333333333333
0.5
0.5
0.5
0.5
0.5
0.5
0.5033333333333333
0.5033333333333333
0.5
0.5066666666666667
0.5033333333333333
0.5
0.5
0.5
0.49666666666666665
0.5033333333333333
0.5
0.5
0.5033333333333333
0.5
0.49666666666666665
0.5033333333333333
0.5033333333333333
0.5
0.5033333333333333
0.5
0.5
0.5
0.5033333333333333
0.5
0.5066666666666667
0.5
0.5066666666666667
0.49666666666666665
0.5
0.5033333333333333
0.5033333333333333
0.49666666666666665
0.5
0.5
0.5
0.5
0.5033333333333333
0.5
0.5
0.5033333333333333
0.5
0.5
0.49666666666666665
0.5033333333333333
0.49666666666666665
0.5
0.5
0.5033333333333333
0.5
0.5
0.5
0.5
0.5
0.5
0.5033333333333333
0.5
0.5033333333333333
0.5
0.49666666666666665
0.49666666666666665
0.49666666666666665
0.5033333333333333
0.5
0.5033333333333333
0.5033333333333333
0.5
0.5
0.5
0.5
0.5033333333333333
0.5033333333333333
0.49666666666666665
0.5
0.49666666666666665
0.5
0.5
0.5
0.49666666666666665
0.5033333333333333
0.5033333333333333
0.5033333333333333
0.49666666666666665
0.5
0.5033333333333333
0.5033333333333333
0.5
0.5033333333333333
0.5033333333333333
0.5033333333333333
0.5033333333333333
0.5033333333333333
0.5033333333333333
