0.2857142857142857
0.5384615384615384
0.25
0.5
0.3333333333333333
0.3684210526315789
0.47619047619047616
0.25
0.375
0.5
0.6428571428571429
0.38095238095238093
0.3888888888888889
0.52
0.47368421052631576
0.18181818181818182
0.5185185185185185
0.1
0.4444444444444444
0.18181818181818182
0.4444444444444444
0.4444444444444444
0.5172413793103449
0.47368421052631576
0.6071428571428571
0.4666666666666667
0.43478260869565216
0.4857142857142857
0.47619047619047616
0.4852941176470588
0.43478260869565216
0.52
0.4444444444444444
0.5384615384615384
0.525
0.6
0.5
0.5238095238095238
0.5
0.5555555555555556
0.56
0.7
0.4918032786885246
0.5789473684210527
0.5
0.5416666666666666
0.5245901639344263
0.5357142857142857
0.5128205128205128
0.45454545454545453
0.525
0.5142857142857142
0.4583333333333333
0.5272727272727272
0.4583333333333333
0.38461538461538464
0.5168539325842697
0.49019607843137253
0.5
0.5333333333333333
0.4782608695652174
0.4666666666666667
0.5094339622641509
0.52
0.5
0.5185185185185185
0.5
0.475
0.4838709677419355
0.5263157894736842
0.5161290322580645
0.5172413793103449
0.5
0.4307692307692308
0.5283018867924528
0.4971751412429379
0.46774193548387094
0.5
0.5263157894736842
0.48148148148148145
0.4875
0.48
0.5217391304347826
0.5
0.4934210526315789
0.52
0.5272727272727272
0.4765625
0.4537037037037037
0.5166666666666667
0.5256410256410257
0.47368421052631576
0.4752475247524752
0.46794871794871795
0.5161290322580645
0.5233644859813084
0.5512820512820513
0.5
0.5056179775280899
0.5185185185185185
0.4606741573033708
0.47572815533980584
0.532608695652174
0.4588235294117647
0.5164835164835165
0.46511627906976744
0.48091603053435117
0.4576271186440678
0.5208333333333334
0.5714285714285714
0.47752808988764045
0.4943181818181818
0.5162790697674419
0.49767441860465117
0.472
0.5248618784530387
0.4791666666666667
0.5
0.5636363636363636
0.4961832061068702
0.5384615384615384
0.49333333333333335
0.48
0.47096774193548385
0.475
0.45689655172413796
0.5
0.45384615384615384
0.4692737430167598
0.48363636363636364
0.4369747899159664
0.45
0.46099290780141844
0.45454545454545453
0.4647887323943662
0.4369747899159664
0.4461538461538462
0.4752475247524752
0.44871794871794873
0.45588235294117646
0.46774193548387094
0.449438202247191
0.46153846153846156
0.46153846153846156
0.45098039215686275
0.4507042253521127
0.43023255813953487
0.4594594594594595
0.4479166666666667
0.46511627906976744
0.4533333333333333
0.4657534246575342
0.4626865671641791
0.4215686274509804
0.46
0.4375
0.43548387096774194
0.43636363636363634
0.4462809917355372
0.45384615384615384
0.45925925925925926
0.4380165289256198
0.4444444444444444
0.47802197802197804
0.45255474452554745
0.4688995215311005
0.46099290780141844
0.4786729857819905
0.43902439024390244
0.48333333333333334
0.4675324675324675
0.49333333333333335
0.4862068965517241
0.5156794425087108
0.5059288537549407
0.5033333333333333
0.5066666666666667
0.5066666666666667
0.5078125
0.5183673469387755
0.51
0.5066666666666667
0.5129151291512916
0.5
0.5066666666666667
0.5166666666666667
0.5
0.5033333333333333
0.5033333333333333
0.5085324232081911
0.5033333333333333
0.5
0.5066666666666667
0.5166666666666667
0.5161290322580645
0.51
0.5052083333333334
0.5103448275862069
0.5066666666666667
0.49666666666666665
0.5066666666666667
0.5
0.5033333333333333
0.5
0.49666666666666665
0.49666666666666665
0.5066666666666667
0.5
0.5033333333333333
0.5066666666666667
0.5033333333333333
0.5
0.5066666666666667
0.5066666666666667
0.5066666666666667
0.5033333333333333
0.5
0.5033333333333333
0.49666666666666665
0.5033333333333333
0.49333333333333335
0.5033333333333333
0.5066666666666667
0.5033333333333333
0.49666666666666665
0.5
0.5
0.5135135135135135
0.5016949152542373
0.5033333333333333
0.49666666666666665
0.5
0.5
0.5
0.5137614678899083
0.49666666666666665
0.49666666666666665
0.5066666666666667
0.5
0.514018691588785
0.49333333333333335
0.5033333333333333
0.5040983606557377
0.47435897435897434
0.49666666666666665
0.5038759689922481
0.5033333333333333
0.49666666666666665
0.49666666666666665
0.5051020408163265
0.5
0.49034749034749037
0.5
0.5
0.5
0.49666666666666665
0.5
0.51
0.5
0.5052631578947369
0.49
0.5033333333333333
0.49666666666666665
0.5066666666666667
0.49666666666666665
0.5033333333333333
0.49666666666666665
0.49333333333333335
0.5066666666666667
0.5185185185185185
0.5033333333333333
0.5033333333333333
0.509090909090909
0.5
0.5066666666666667
0.51
0.49333333333333335
0.5
0.5066666666666667
0.5048543689320388
0.5033333333333333
0.5066666666666667
0.4855072463768116
0.5
0.4936708860759494
0.49
0.49333333333333335
0.5017543859649123
0.5033333333333333
0.49666666666666665
0.49666666666666665
0.5033333333333333
0.49333333333333335
0.4864864864864865
0.4981949458483754
0.5066666666666667
0.49666666666666665
0.5
0.5
0.5
0.51
0.5033333333333333
0.49333333333333335
0.49666666666666665
0.49666666666666665
0.49666666666666665
0.49666666666666665
0.5
0.5054945054945055
0.5019011406844106
0.49666666666666665
0.5033333333333333
0.49666666666666665
0.49666666666666665
0.49333333333333335
0.5033333333333333
0.49666666666666665
0.4864864864864865
0.49666666666666665
0.5
0.5074626865671642
0.5066666666666667
0.49333333333333335
0.49666666666666665
0.4861111111111111
0.4979253112033195
0.5057471264367817
0.5
0.49333333333333335
0.49666666666666665
0.4954128440366973
0.5033333333333333
0.49666666666666665
0.49
0.5066666666666667
0.45569620253164556
0.49666666666666665
0.5033333333333333
0.5066666666666667
0.47572815533980584
0.5066666666666667
0.4625
0.4939271255060729
0.48936170212765956
0.5066666666666667
0.5033333333333333
0.49812734082397003
0.5033333333333333
0.5033333333333333
0.49732620320855614
0.4777777777777778
0.5066666666666667
0.5
0.5033333333333333
0.49411764705882355
0.5033333333333333
0.5066666666666667
0.5066666666666667
0.5033333333333333
0.5066666666666667
0.5066666666666667
0.5066666666666667
0.5163398692810458
0.5084745762711864
0.5066666666666667
0.5033333333333333
0.5033333333333333
0.5061728395061729
0.5166666666666667
0.49666666666666665
0.5033333333333333
0.51
0.5033333333333333
0.5033333333333333
0.5033333333333333
0.4972067039106145
0.5033333333333333
0.5066666666666667
0.5066666666666667
0.51
0.5066666666666667
0.5
0.5033333333333333
0.5033333333333333
0.5
0.49666666666666665
0.5066666666666667
0.5033333333333333
0.5033333333333333
0.5066666666666667
0.5033333333333333
0.5066666666666667
0.5066666666666667
0.5066666666666667
0.5033333333333333
0.5033333333333333
0.4972677595628415
0.5066666666666667
0.5
0.5033333333333333
0.5
0.5
0.5
0.5066666666666667
0.5
0.49666666666666665
0.49666666666666665
0.5
0.5
0.5
0.49666666666666665
0.49666666666666665
0.49666666666666665
0.49333333333333335
0.5
0.49666666666666665
0.49666666666666665
0.49
0.5
0.5
0.5
0.5033333333333333
0.5
0.5
0.49666666666666665
0.49333333333333335
0.49666666666666665
0.49666666666666665
0.5033333333333333
0.5
0.49666666666666665
0.5033333333333333
0.5066666666666667
0.5033333333333333
0.5033333333333333
0.5
0.49666666666666665
0.49666666666666665
0.5033333333333333
0.5033333333333333
0.5033333333333333
0.5033333333333333
0.5033333333333333
0.5066666666666667
0.5
0.49333333333333335
0.5033333333333333
0.49666666666666665
0.49666666666666665
0.5
0.49666666666666665
0.5
0.49666666666666665
0.49666666666666665
0.5
0.49333333333333335
0.4978165938864629
0.5
0.5
0.5033333333333333
0.5033333333333333
0.5
0.5
0.5066666666666667
0.49333333333333335
0.5
0.49666666666666665
0.5066666666666667
0.5066666666666667
0.5
0.5066666666666667
0.5
0.49666666666666665
0.49
0.5066666666666667
0.5066666666666667
0.5
0.5
0.5
0.49666666666666665
0.5033333333333333
0.49666666666666665
0.49333333333333335
0.5
0.49666666666666665
0.5
0.49666666666666665
0.5
0.5066666666666667
0.49666666666666665
0.5
0.5033333333333333
0.49333333333333335
0.49666666666666665
0.5033333333333333
0.5033333333333333
0.5033333333333333
0.5
0.5033333333333333
0.5
0.49333333333333335
0.49666666666666665
0.5
0.49666666666666665
0.49666666666666665
0.5
0.49333333333333335
0.5
0.5033333333333333
0.5
0.5
0.5033333333333333
0.5
0.49666666666666665
0.49333333333333335
0.5
0.5
0.49666666666666665
0.5033333333333333
0.49333333333333335
0.5033333333333333
0.5033333333333333
0.49333333333333335
0.49666666666666665
0.49666666666666665
0.49666666666666665
0.5
0.49666666666666665
0.5
0.5033333333333333
0.5
0.5
0.5
0.49666666666666665
0.5033333333333333
0.5
0.5
0.49333333333333335
0.49666666666666665
0.49666666666666665
0.5033333333333333
0.5033333333333333
0.49666666666666665
0.49666666666666665
0.5033333333333333
0.49666666666666665
0.4942528735632184
0.5
0.5033333333333333
0.49666666666666665
0.49666666666666665
0.5
0.5
0.49666666666666665
0.5033333333333333
0.5
0.5
0.5
0.5033333333333333
0.49666666666666665
0.5
0.5033333333333333
0.5040322580645161
0.49666666666666665
0.49666666666666665
0.5033333333333333
0.49
0.5033333333333333
0.49333333333333335
0.49333333333333335
0.49333333333333335
0.49333333333333335
0.53125
0.49333333333333335
0.49333333333333335
0.49666666666666665
0.52
0.502283105022831
0.5116279069767442
0.5076335877862596
0.5019157088122606
0.52
0.5169491525423728
0.5086206896551724
0.5045045045045045
0.5392156862745098
0.5033333333333333
0.5045871559633027
0.52
0.5087719298245614
0.49324324324324326
0.5
0.5089285714285714
0.495
0.5309734513274337
0.4857142857142857
0.5042735042735043
0.5233644859813084
0.5
0.5151515151515151
0.5076923076923077
0.5083612040133779
0.5080645161290323
0.480225988700565
0.5033333333333333
0.5043478260869565
0.5
0.4925373134328358
0.4816753926701571
0.5084745762711864
0.5166666666666667
0.5045045045045045
0.5042735042735043
0.5166666666666667
0.4953271028037383
0.4852941176470588
0.5033333333333333
0.4955357142857143
0.4930875576036866
0.5137614678899083
0.5037593984962406
0.5071942446043165
0.49107142857142855
0.5042735042735043
0.5071428571428571
0.5193798449612403
0.4953271028037383
0.49794238683127573
0.5133333333333333
0.5033333333333333
0.5066666666666667
0.5133333333333333
0.49333333333333335
0.51
0.51
0.51
0.5169491525423728
0.49382716049382713
0.5118110236220472
0.5153846153846153
0.51
0.5
0.5066666666666667
0.5178571428571429
0.5078125
0.5066666666666667
0.5188679245283019
0.5133333333333333
0.51
0.5066666666666667
0.5133333333333333
0.51
0.5033333333333333
0.5033333333333333
0.5133333333333333
0.51
0.5066666666666667
0.5116279069767442
0.5033333333333333
0.51
0.5033333333333333
0.5033333333333333
0.51
0.5066666666666667
0.5033333333333333
0.5033333333333333
0.5033333333333333
0.5066666666666667
0.5033333333333333
0.5066666666666667
0.5066666666666667
0.5
0.51
0.51
0.5
0.5066666666666667
0.5066666666666667
0.5066666666666667
0.51
0.51
0.51
0.5066666666666667
0.5033333333333333
0.5066666666666667
0.5033333333333333
0.5133333333333333
0.51
0.5066666666666667
0.5
0.51
0.5066666666666667
0.51
0.5066666666666667
0.51
0.5066666666666667
0.5033333333333333
0.51
0.5133333333333333
0.5066666666666667
0.5066666666666667
0.51
0.51
0.5066666666666667
0.5033333333333333
0.5033333333333333
0.5033333333333333
0.5066666666666667
0.5033333333333333
0.51
0.51
0.51
0.51
0.5033333333333333
0.5066666666666667
0.5066666666666667
0.51
0.51
0.5166666666666667
0.5066666666666667
0.5
0.5
0.5033333333333333
0.5
0.5066666666666667
0.5066666666666667
0.51
0.5033333333333333
0.5033333333333333
0.5066666666666667
0.5066666666666667
0.49666666666666665
0.5033333333333333
0.5
0.5033333333333333
0.5033333333333333
0.5
0.5
0.5033333333333333
0.5
0.5
0.5033333333333333
0.5033333333333333
0.49666666666666665
0.5066666666666667
0.5
0.5066666666666667
0.5033333333333333
0.5033333333333333
0.5
0.5033333333333333
0.5
0.5
0.5033333333333333
0.5033333333333333
0.5066666666666667
0.5
0.5033333333333333
0.5033333333333333
0.5033333333333333
0.5033333333333333
0.49333333333333335
0.49666666666666665
0.5
0.5066666666666667
0.5033333333333333
0.5033333333333333
0.5033333333333333
0.5066666666666667
0.5066666666666667
0.5033333333333333
0.5
0.5033333333333333
0.5066666666666667
0.5033333333333333
0.5033333333333333
0.5
0.5
0.5033333333333333
0.5033333333333333
0.5033333333333333
0.5
0.5
0.5066666666666667
0.5
0.5066666666666667
0.5
0.5033333333333333
0.5
0.5033333333333333
0.5033333333333333
0.5
0.5
0.5
0.5
0.5033333333333333
0.5033333333333333
0.5033333333333333
0.5066666666666667
0.5066666666666667
0.5033333333333333
0.5144927536231884
0.5
0.5144927536231884
0.5066666666666667
0.5066666666666667
0.5211267605633803
0.5144927536231884
0.5343511450381679
0.5317460317460317
0.5033333333333333
0.5071428571428571
0.5223880597014925
0.5093167701863354
0.5066666666666667
0.5033333333333333
0.5
0.5033333333333333
0.5066666666666667
0.49666666666666665
0.5033333333333333
0.5066666666666667
0.49666666666666665
0.5066666666666667
0.5
0.5
0.49666666666666665
0.5
0.49666666666666665
0.49666666666666665
0.49666666666666665
0.5033333333333333
0.49
0.5
0.49666666666666665
0.5
0.5
0.49333333333333335
0.49333333333333335
0.5
0.49666666666666665
0.5
0.5
0.49666666666666665
0.49666666666666665
0.49666666666666665
0.49333333333333335
0.5
0.5
0.49666666666666665
0.49666666666666665
0.49666666666666665
0.49666666666666665
0.5033333333333333
0.5
0.49333333333333335
0.5
0.49333333333333335
0.5
0.5
0.5033333333333333
0.49333333333333335
0.49666666666666665
0.5033333333333333
0.5
0.5033333333333333
0.49666666666666665
0.5033333333333333
0.49333333333333335
0.49666666666666665
0.49666666666666665
0.49666666666666665
0.5
0.49666666666666665
0.5
0.5033333333333333
0.5
0.5033333333333333
0.5
0.49666666666666665
0.5033333333333333
0.49333333333333335
0.49666666666666665
0.49666666666666665
0.49333333333333335
0.49666666666666665
0.5033333333333333
0.5
0.5
0.49666666666666665
0.5
0.5
0.5
0.5
0.49333333333333335
0.5033333333333333
0.5
0.49666666666666665
0.5033333333333333
0.5
0.5
0.5066666666666667
0.5
0.5
0.5
0.5
0.49666666666666665
0.5
0.5
0.5
0.5
0.5
0.5066666666666667
0.5033333333333333
0.5
0.5066666666666667
0.5033333333333333
0.5033333333333333
0.5033333333333333
0.5033333333333333
0.5066666666666667
0.5
0.51
0.5
0.5033333333333333
0.5
0.5033333333333333
0.5033333333333333
0.5033333333333333
0.5033333333333333
0.5
0.5033333333333333
0.5033333333333333
0.5066666666666667
0.5
0.5066666666666667
0.5
0.5
0.5033333333333333
0.5066666666666667
0.5033333333333333
0.5
0.5
0.5033333333333333
0.5
0.5
0.5
0.5
0.49666666666666665
0.5033333333333333
0.49666666666666665
0.5
0.49333333333333335
0.49666666666666665
0.5018867924528302
0.5066666666666667
0.5
0.49666666666666665
0.49666666666666665
0.5
0.5066666666666667
0.5
0.5
0.5
0.5033333333333333
0.5
0.5
0.49666666666666665
0.5033333333333333
0.5
0.49666666666666665
0.5
0.5033333333333333
0.5
0.5066666666666667
0.5
0.5
0.5
0.49666666666666665
0.5
0.5
0.49666666666666665
0.5033333333333333
0.5
0.5
0.5
0.5
0.5033333333333333
0.49666666666666665
0.5
0.5
0.5
0.5
0.49666666666666665
0.5
0.49666666666666665
0.5033333333333333
0.49666666666666665
0.5033333333333333
0.5
0.5033333333333333
