0.5
0.5
0.5
0.5
0.5
0.5
0.5
0.5
0.5
0.5
0.5
0.5033333333333333
0.5033333333333333
0.5
0.5033333333333333
0.5
0.5
0.5
0.5
0.49666666666666665
0.5033333333333333
0.5033333333333333
0.49666666666666665
0.5
0.5033333333333333
0.49666666666666665
0.5
0.5
0.5
0.49666666666666665
0.5033333333333333
0.5
0.5033333333333333
0.5033333333333333
0.5033333333333333
0.5
0.5
0.5
0.5
0.5
0.5
0.5
0.5033333333333333
0.5
0.5
0.5
0.5
0.5
0.5
0.5
0.5033333333333333
0.5
0.5033333333333333
0.5033333333333333
0.5033333333333333
0.5
0.5
0.5033333333333333
0.5
0.5
0.5
0.5
0.5
0.5
0.5033333333333333
0.5
0.5
0.5033333333333333
0.5033333333333333
0.5033333333333333
0.5033333333333333
0.5
0.5033333333333333
0.5
0.5
0.5033333333333333
0.5
0.5
0.5
0.5033333333333333
0.5
0.5033333333333333
0.5033333333333333
0.5
0.5
0.5
0.5
0.5
0.49666666666666665
0.5033333333333333
0.5
0.5
0.5
0.5
0.5
0.5
0.5033333333333333
0.5
0.5
0.5
0.5
0.5
0.5
0.5
0.5
0.5
0.5
0.5033333333333333
0.5
0.5
0.5
0.5
0.5
0.5
0.5
0.5033333333333333
0.5033333333333333
0.5
0.5
0.5
0.5
0.5
0.5
0.5
0.5
0.5033333333333333
0.5033333333333333
0.5
0.5
0.49666666666666665
0.5
0.5
0.49666666666666665
0.5
0.5
0.5
0.5
0.5
0.5
0.49666666666666665
0.5
0.5
0.5
0.5033333333333333
0.5
0.5
0.49666666666666665
0.5
0.5
0.5
0.5
0.5
0.5
0.5
0.5
0.5
0.5033333333333333
0.5
0.49666666666666665
0.49666666666666665
0.5
0.5
0.5
0.5
0.5
0.5
0.5
0.5
0.5
0.5
0.5
0.5
0.49666666666666665
0.5
0.5033333333333333
0.5
0.49666666666666665
0.49666666666666665
0.5
0.5
0.5
0.49666666666666665
0.5
0.5
0.5
0.5
0.5
0.5
0.5
0.5
0.5
0.49666666666666665
0.5
0.5
0.5
0.5
0.5
0.5
0.5
0.5
0.5
0.5
0.5
0.5
0.49666666666666665
0.5
0.49666666666666665
0.5
0.5
0.5
0.5
0.5
0.5
0.5
0.49666666666666665
0.5
0.5
0.5
0.5
0.49666666666666665
0.5
0.49666666666666665
0.5
0.5
0.5
0.5
0.49666666666666665
0.5
0.5
0.5
0.49666666666666665
0.5
0.49666666666666665
0.5
0.49666666666666665
0.5
0.5
0.5
0.5
0.5
0.5
0.5
0.5
0.5
0.5
0.49666666666666665
0.49666666666666665
0.5
0.5
0.5
0.5
0.49666666666666665
0.5
0.5
0.5
0.5
0.49666666666666665
0.5
0.5
0.5
0.5
0.5
0.5
0.5
0.5
0.49666666666666665
0.5
0.49666666666666665
0.5
0.5
0.49666666666666665
0.49666666666666665
0.5033333333333333
0.5
0.49666666666666665
0.5
0.5
0.5
0.5033333333333333
0.5
0.49666666666666665
0.5
0.5
0.5
0.5
0.5
0.5
0.5
0.49666666666666665
0.5
0.5
0.5
0.5
0.5
0.5
0.5
0.49666666666666665
0.5
0.49666666666666665
0.5033333333333333
0.5
0.5
0.5
0.5
0.5
0.5
0.5
0.49666666666666665
0.5
0.5
0.5
0.5
0.5
0.5
0.49666666666666665
0.5
0.5033333333333333
0.5
0.5
0.5
0.49666666666666665
0.5
0.49666666666666665
0.5
0.5033333333333333
0.5
0.5
0.5
0.5
0.5
0.49666666666666665
0.49666666666666665
0.5
0.49666666666666665
0.5
0.49666666666666665
0.49666666666666665
0.49666666666666665
0.49666666666666665
0.49666666666666665
0.49666666666666665
0.5
0.49666666666666665
0.49666666666666665
0.49666666666666665
0.5
0.5
0.49666666666666665
0.49666666666666665
0.5
0.49666666666666665
0.49666666666666665
0.49666666666666665
0.49666666666666665
0.49666666666666665
0.49666666666666665
0.49666666666666665
0.49666666666666665
0.49666666666666665
0.49666666666666665
0.49666666666666665
0.49666666666666665
0.49666666666666665
0.49666666666666665
0.49666666666666665
0.49433962264150944
0.4928571428571429
0.4940239043824701
0.49606299212598426
0.49193548387096775
0.49193548387096775
0.49159663865546216
0.49056603773584906
0.48739495798319327
0.49065420560747663
0.4931506849315068
0.49107142857142855
0.49537037037037035
0.4956896551724138
0.48826291079812206
0.4908256880733945
0.49047619047619045
0.4930875576036866
0.49327354260089684
0.4909090909090909
0.49019607843137253
0.4908256880733945
0.49137931034482757
0.4926829268292683
0.49246231155778897
0.48826291079812206
0.48847926267281105
0.4900990099009901
0.48623853211009177
0.4854368932038835
0.48847926267281105
0.49099099099099097
0.49047619047619045
0.49107142857142855
0.4935064935064935
0.49344978165938863
0.49122807017543857
0.4943820224719101
0.49224806201550386
0.49624060150375937
0.4963768115942029
0.4965753424657534
0.49333333333333335
0.49666666666666665
0.49666666666666665
0.49666666666666665
0.49666666666666665
0.49666666666666665
0.5
0.49666666666666665
0.49828178694158076
0.49666666666666665
0.49666666666666665
0.49458483754512633
0.49666666666666665
0.4963235294117647
0.49466192170818507
0.49606299212598426
0.4962686567164179
0.49480968858131485
0.4981684981684982
0.49429657794676807
0.4963768115942029
0.4963235294117647
0.4964788732394366
0.49466192170818507
0.4944237918215613
0.49666666666666665
0.4962121212121212
0.49666666666666665
0.49666666666666665
0.4982698961937716
0.4964788732394366
0.49666666666666665
0.494949494949495
0.49666666666666665
0.49458483754512633
0.49454545454545457
0.49333333333333335
0.49458483754512633
0.49473684210526314
0.49454545454545457
0.4942528735632184
0.4911660777385159
0.49612403100775193
0.4962121212121212
0.4980694980694981
0.4965277777777778
0.49624060150375937
0.4962686567164179
0.4948453608247423
0.49473684210526314
0.49635036496350365
0.49333333333333335
0.4966442953020134
0.49666666666666665
0.49333333333333335
0.49666666666666665
0.49666666666666665
0.49666666666666665
0.49666666666666665
0.49666666666666665
0.49666666666666665
0.49666666666666665
0.5
0.5
0.5
0.5
0.5
0.5
0.49666666666666665
0.5
0.49666666666666665
0.5
0.5
0.49666666666666665
0.5033333333333333
0.5
0.5
0.49666666666666665
0.5
0.49666666666666665
0.5
0.49666666666666665
0.5
0.49666666666666665
0.5
0.49666666666666665
0.49666666666666665
0.5
0.5
0.49666666666666665
0.5
0.49666666666666665
0.4942528735632184
0.496
0.49242424242424243
0.4939271255060729
0.4883720930232558
0.49295774647887325
0.4930875576036866
0.48223350253807107
0.48878923766816146
0.48514851485148514
0.48677248677248675
0.48826291079812206
0.4816753926701571
0.48743718592964824
0.4842105263157895
0.4898989898989899
0.4857142857142857
0.48633879781420764
0.4869109947643979
0.48677248677248675
0.4891304347826087
0.48677248677248675
0.48663101604278075
0.4858757062146893
0.48863636363636365
0.489247311827957
0.48295454545454547
0.4835164835164835
0.4861878453038674
0.4852941176470588
0.48066298342541436
0.4860335195530726
0.48663101604278075
0.48663101604278075
0.48677248677248675
0.4864864864864865
0.4888888888888889
0.4860335195530726
0.480225988700565
0.4864864864864865
0.4838709677419355
0.48663101604278075
0.489247311827957
0.4808743169398907
0.4842105263157895
0.48947368421052634
0.48484848484848486
0.4835164835164835
0.4873096446700508
0.4845360824742268
0.48223350253807107
0.48404255319148937
0.4808743169398907
0.483695652173913
0.48520710059171596
0.48947368421052634
0.4864864864864865
0.48633879781420764
0.4853801169590643
0.48404255319148937
0.48633879781420764
0.489010989010989
0.4861878453038674
0.4835164835164835
0.48148148148148145
0.49238578680203043
0.4772727272727273
0.4869109947643979
0.4915254237288136
0.48484848484848486
0.4864864864864865
0.48
0.4873096446700508
0.47752808988764045
0.49
0.4854368932038835
0.48704663212435234
0.4857142857142857
0.4772727272727273
0.4860335195530726
0.48148148148148145
0.4838709677419355
0.48663101604278075
0.48756218905472637
0.48223350253807107
0.484375
0.48333333333333334
0.48066298342541436
0.48186528497409326
0.48255813953488375
0.48633879781420764
0.4789473684210526
0.4793814432989691
0.48314606741573035
0.48255813953488375
0.48314606741573035
0.48214285714285715
0.4857142857142857
0.4835164835164835
0.48314606741573035
0.48148148148148145
0.48044692737430167
0.48863636363636365
0.4817073170731707
0.48044692737430167
0.4858757062146893
0.4785276073619632
0.4823529411764706
0.48295454545454547
0.47701149425287354
0.48066298342541436
0.4860335195530726
0.4838709677419355
0.48663101604278075
0.48333333333333334
0.4857142857142857
0.48314606741573035
0.48333333333333334
0.4772727272727273
0.48314606741573035
0.4764705882352941
0.48863636363636365
0.48554913294797686
0.48314606741573035
0.4838709677419355
0.48255813953488375
0.47878787878787876
0.4823529411764706
0.4842105263157895
0.49019607843137253
0.4797687861271676
0.47619047619047616
0.48
0.4774193548387097
0.4810126582278481
0.48427672955974843
0.4868421052631579
0.4713375796178344
0.47435897435897434
0.47305389221556887
0.4810126582278481
0.48344370860927155
0.48
0.4817073170731707
0.4779874213836478
0.4807692307692308
0.48148148148148145
0.4727272727272727
0.4807692307692308
0.4817073170731707
0.4807692307692308
0.47560975609756095
0.4779874213836478
0.48026315789473684
0.47368421052631576
0.47619047619047616
0.47770700636942676
0.4785276073619632
0.4774193548387097
0.47904191616766467
0.48125
0.4840764331210191
0.47333333333333333
0.4807692307692308
0.47435897435897434
0.48502994011976047
0.47560975609756095
0.4817073170731707
0.4774193548387097
0.48148148148148145
0.47878787878787876
0.4817073170731707
0.47953216374269003
0.475
0.48125
0.4810126582278481
0.48344370860927155
0.4716981132075472
0.48125
0.4878048780487805
0.4807692307692308
0.4768211920529801
0.474025974025974
0.4723926380368098
0.4866666666666667
0.48214285714285715
0.4807692307692308
0.47651006711409394
0.4716981132075472
0.4807692307692308
0.4726027397260274
0.4785276073619632
0.4817073170731707
0.4774193548387097
0.47770700636942676
0.4779874213836478
0.4772727272727273
0.48314606741573035
0.47878787878787876
0.48366013071895425
0.48255813953488375
0.477124183006536
0.4774193548387097
0.4779874213836478
0.48466257668711654
0.4797297297297297
0.48255813953488375
0.48295454545454547
0.477124183006536
0.4759036144578313
0.4779874213836478
0.4782608695652174
0.4817073170731707
0.4723926380368098
0.48125
0.4774193548387097
0.4807692307692308
0.4714285714285714
0.47928994082840237
0.477124183006536
0.4782608695652174
0.4666666666666667
0.4782608695652174
0.477124183006536
0.4774193548387097
0.4774193548387097
0.4768211920529801
0.47904191616766467
0.4840764331210191
0.47770700636942676
0.4768211920529801
0.47297297297297297
0.47953216374269003
0.4817073170731707
0.47513812154696133
0.4807692307692308
0.47651006711409394
0.4768211920529801
0.4807692307692308
0.47297297297297297
0.47560975609756095
0.4755244755244755
0.47368421052631576
0.47619047619047616
0.48
0.47019867549668876
0.4817073170731707
0.4697986577181208
0.47435897435897434
0.47560975609756095
0.47878787878787876
0.47770700636942676
0.48427672955974843
0.47333333333333333
0.48299319727891155
0.4727272727272727
0.47058823529411764
0.4788732394366197
0.4716981132075472
0.4774193548387097
0.47368421052631576
0.4779874213836478
0.4774193548387097
0.48502994011976047
0.4785276073619632
0.47058823529411764
0.4782608695652174
0.47333333333333333
0.48466257668711654
0.47435897435897434
0.47368421052631576
0.4807692307692308
0.4817073170731707
0.48148148148148145
0.4782608695652174
0.4785276073619632
0.4774193548387097
0.4785276073619632
0.47560975609756095
0.4810126582278481
0.47337278106508873
0.4759036144578313
0.48520710059171596
0.4785276073619632
0.47878787878787876
0.47368421052631576
0.48125
0.4785276073619632
0.47928994082840237
0.477124183006536
0.47368421052631576
0.47928994082840237
0.47468354430379744
0.4774193548387097
0.47560975609756095
0.4797687861271676
0.47674418604651164
0.48255813953488375
0.48255813953488375
0.48255813953488375
0.47619047619047616
0.48214285714285715
0.48502994011976047
0.47878787878787876
0.4835164835164835
0.480225988700565
0.47337278106508873
0.48633879781420764
0.4873417721518987
0.4853801169590643
0.480225988700565
0.4842105263157895
0.48314606741573035
0.48314606741573035
0.48255813953488375
0.48128342245989303
0.48333333333333334
0.48314606741573035
0.4888888888888889
0.48404255319148937
0.4857142857142857
0.48633879781420764
0.48404255319148937
0.4861878453038674
0.478494623655914
0.489010989010989
0.48633879781420764
0.4898989898989899
0.48186528497409326
0.4835164835164835
0.4816753926701571
0.4873096446700508
0.4878048780487805
0.4842105263157895
0.4895833333333333
0.48947368421052634
0.48598130841121495
0.4873096446700508
0.48484848484848486
0.4878048780487805
0.47959183673469385
0.47368421052631576
0.48258706467661694
0.485
0.48
0.48
0.4869109947643979
0.48792270531400966
0.4810810810810811
0.48095238095238096
0.484375
0.48623853211009177
0.4897959183673469
0.48663101604278075
0.48314606741573035
0.4925373134328358
0.48484848484848486
0.4842105263157895
0.4835164835164835
0.49222797927461137
0.47953216374269003
0.47692307692307695
0.48756218905472637
0.484375
0.4756756756756757
0.4846938775510204
0.4444444444444444
0.48128342245989303
0.485
0.4890829694323144
0.48514851485148514
0.49019607843137253
0.48292682926829267
0.4772727272727273
0.4883720930232558
0.4864864864864865
0.4909090909090909
0.48847926267281105
0.48717948717948717
0.4788135593220339
0.4845814977973568
0.49159663865546216
0.49130434782608695
0.4868421052631579
0.4888888888888889
0.4943820224719101
0.48760330578512395
0.48659003831417624
0.5833333333333334
0.4901185770750988
0.49411764705882355
0.4939759036144578
0.4918032786885246
0.49056603773584906
0.49159663865546216
0.4925373134328358
0.49264705882352944
0.49140893470790376
0.49642857142857144
0.48698884758364314
0.49473684210526314
0.49473684210526314
0.4930555555555556
0.49122807017543857
0.48872180451127817
0.4942084942084942
0.49122807017543857
0.4881889763779528
0.4908424908424908
0.4890829694323144
0.49224806201550386
0.49416342412451364
0.4898785425101215
0.4900398406374502
0.492
0.4896265560165975
0.49130434782608695
0.48770491803278687
0.49377593360995853
0.49159663865546216
0.4824561403508772
0.4870689655172414
0.49173553719008267
0.4899598393574297
0.488
0.4935064935064935
0.49321266968325794
0.4889867841409692
0.4864864864864865
0.4904214559386973
0.4909090909090909
0.4881889763779528
0.48770491803278687
0.49230769230769234
0.4879032258064516
0.49382716049382713
0.4904214559386973
0.4897119341563786
0.48872180451127817
0.48760330578512395
0.48736462093862815
0.49137931034482757
0.4943820224719101
0.48770491803278687
0.49280575539568344
0.48936170212765956
0.490272373540856
0.4827586206896552
0.48863636363636365
0.5
0.4909090909090909
0.49097472924187724
0.49333333333333335
0.49333333333333335
0.49097472924187724
0.494949494949495
0.49666666666666665
0.49158249158249157
0.49469964664310956
0.493006993006993
0.48986486486486486
0.48986486486486486
0.49333333333333335
0.4966216216216216
0.4931506849315068
0.49666666666666665
0.49666666666666665
0.5
0.49333333333333335
0.49477351916376305
0.4931972789115646
0.496551724137931
0.49333333333333335
0.4948453608247423
0.49666666666666665
0.4966216216216216
0.49328859060402686
0.49666666666666665
0.49333333333333335
0.49666666666666665
0.4982698961937716
0.4899328859060403
0.49333333333333335
0.4966216216216216
0.49333333333333335
0.49
0.49
0.49666666666666665
0.49333333333333335
0.49666666666666665
0.49666666666666665
0.5
0.49666666666666665
0.49333333333333335
0.49333333333333335
0.49666666666666665
0.49666666666666665
0.49666666666666665
0.49666666666666665
0.49333333333333335
0.4966442953020134
