0.5
0.5
0.5
0.5
0.5
0.49666666666666665
0.5
0.49666666666666665
0.5
0.5
0.5
0.5
0.5
0.5
0.5
0.5
0.5
0.5
0.49666666666666665
0.5
0.5
0.5
0.5
0.5
0.5
0.5
0.49666666666666665
0.5
0.5
0.5
0.5
0.5
0.5
0.49666666666666665
0.5
0.5
0.5
0.5
0.49666666666666665
0.5
0.49666666666666665
0.5
0.5
0.5
0.5
0.5
0.49666666666666665
0.5
0.49666666666666665
0.5
0.5
0.5
0.49666666666666665
0.5
0.5
0.5
0.5
0.5
0.5
0.5
0.5
0.5
0.5
0.5
0.49666666666666665
0.5
0.5
0.5
0.5
0.49666666666666665
0.5
0.5
0.5
0.5
0.5
0.5
0.5
0.5
0.49666666666666665
0.5
0.5033333333333333
0.5
0.49666666666666665
0.5
0.5
0.49666666666666665
0.5
0.49666666666666665
0.49666666666666665
0.49666666666666665
0.49666666666666665
0.5
0.49666666666666665
0.5
0.49666666666666665
0.49666666666666665
0.49666666666666665
0.49666666666666665
0.5
0.5
0.5
0.49666666666666665
0.49666666666666665
0.49666666666666665
0.5
0.49666666666666665
0.5
0.49666666666666665
0.49666666666666665
0.49666666666666665
0.5
0.49666666666666665
0.49666666666666665
0.49666666666666665
0.5
0.49666666666666665
0.49666666666666665
0.49666666666666665
0.5
0.5
0.49666666666666665
0.49666666666666665
0.49666666666666665
0.49666666666666665
0.5
0.5
0.5
0.49666666666666665
0.5
0.49666666666666665
0.5
0.5
0.5
0.5
0.49666666666666665
0.5
0.5
0.5
0.49666666666666665
0.5
0.49666666666666665
0.5
0.49666666666666665
0.49666666666666665
0.49666666666666665
0.49666666666666665
0.49666666666666665
0.5
0.5
0.5
0.49666666666666665
0.5
0.5
0.5
0.5
0.49666666666666665
0.5
0.5
0.49666666666666665
0.49666666666666665
0.49666666666666665
0.5
0.49666666666666665
0.5
0.5
0.49666666666666665
0.5
0.49666666666666665
0.5
0.5
0.49666666666666665
0.5
0.49666666666666665
0.5
0.49666666666666665
0.49666666666666665
0.5
0.49666666666666665
0.49666666666666665
0.49666666666666665
0.49666666666666665
0.49666666666666665
0.4939759036144578
0.4948453608247423
0.49473684210526314
0.496
0.49429657794676807
0.4948453608247423
0.49411764705882355
0.4925373134328358
0.4940239043824701
0.49063670411985016
0.4930555555555556
0.49242424242424243
0.49666666666666665
0.496551724137931
0.4981549815498155
0.49666666666666665
0.49333333333333335
0.49666666666666665
0.5
0.5
0.49333333333333335
0.49666666666666665
0.49666666666666665
0.49666666666666665
0.5
0.49666666666666665
0.49666666666666665
0.49666666666666665
0.49666666666666665
0.49333333333333335
0.49666666666666665
0.49666666666666665
0.49333333333333335
0.49666666666666665
0.49666666666666665
0.49666666666666665
0.49666666666666665
0.49666666666666665
0.49473684210526314
0.49645390070921985
0.49666666666666665
0.49333333333333335
0.49666666666666665
0.49666666666666665
0.49666666666666665
0.49666666666666665
0.49666666666666665
0.49666666666666665
0.49666666666666665
0.49333333333333335
0.49666666666666665
0.49666666666666665
0.49333333333333335
0.49666666666666665
0.49666666666666665
0.49666666666666665
0.49829351535836175
0.49333333333333335
0.49333333333333335
0.49666666666666665
0.49666666666666665
0.49333333333333335
0.49666666666666665
0.49666666666666665
0.49666666666666665
0.49666666666666665
0.49666666666666665
0.49666666666666665
0.49666666666666665
0.49666666666666665
0.494949494949495
0.49666666666666665
0.49666666666666665
0.49666666666666665
0.49333333333333335
0.49666666666666665
0.49666666666666665
0.49666666666666665
0.49666666666666665
0.49666666666666665
0.49469964664310956
0.4945054945054945
0.49666666666666665
0.49480968858131485
0.49458483754512633
0.49433962264150944
0.493006993006993
0.49333333333333335
0.4945054945054945
0.49473684210526314
0.49458483754512633
0.4927536231884058
0.4921259842519685
0.4948453608247423
0.49361702127659574
0.48695652173913045
0.4897119341563786
0.49310344827586206
0.49333333333333335
0.4924812030075188
0.49049429657794674
0.4904214559386973
0.4943820224719101
0.49049429657794674
0.4956521739130435
0.49137931034482757
0.491869918699187
0.49137931034482757
0.4909090909090909
0.4899328859060403
0.49264705882352944
0.4933920704845815
0.4904214559386973
0.48846153846153845
0.48717948717948717
0.4897959183673469
0.48868778280542985
0.48770491803278687
0.4870689655172414
0.4883720930232558
0.4897959183673469
0.49122807017543857
0.4885844748858447
0.4897959183673469
0.48598130841121495
0.4888888888888889
0.48598130841121495
0.49099099099099097
0.4897119341563786
0.4890829694323144
0.48660714285714285
0.4897959183673469
0.4896265560165975
0.48514851485148514
0.4890829694323144
0.48444444444444446
0.4889867841409692
0.4842105263157895
0.48497854077253216
0.48792270531400966
0.49107142857142855
0.4900990099009901
0.4897959183673469
0.4869109947643979
0.4864864864864865
0.4857142857142857
0.48186528497409326
0.4845360824742268
0.48325358851674644
0.4842105263157895
0.48717948717948717
0.4861878453038674
0.48704663212435234
0.48044692737430167
0.4842105263157895
0.4854368932038835
0.47752808988764045
0.4835680751173709
0.4835164835164835
0.478494623655914
0.47928994082840237
0.47904191616766467
0.48598130841121495
0.4846938775510204
0.4835164835164835
0.4852941176470588
0.4827586206896552
0.484375
0.4808743169398907
0.48484848484848486
0.48044692737430167
0.4838709677419355
0.48743718592964824
0.485
0.4838709677419355
0.4816753926701571
0.48878923766816146
0.48743718592964824
0.4863636363636364
0.4854368932038835
0.488
0.4885844748858447
0.4890829694323144
0.48826291079812206
0.4921875
0.49236641221374045
0.4864864864864865
0.4897119341563786
0.49049429657794674
0.49333333333333335
0.4942084942084942
0.49333333333333335
0.490272373540856
0.49666666666666665
0.49333333333333335
0.4930555555555556
0.49666666666666665
0.49666666666666665
0.49333333333333335
0.49333333333333335
0.49333333333333335
0.49666666666666665
0.49333333333333335
0.49666666666666665
0.49666666666666665
0.49666666666666665
0.49666666666666665
0.49666666666666665
0.49666666666666665
0.49333333333333335
0.49333333333333335
0.49666666666666665
0.49666666666666665
0.49666666666666665
0.49666666666666665
0.49666666666666665
0.49666666666666665
0.49666666666666665
0.49666666666666665
0.49666666666666665
0.49666666666666665
0.49666666666666665
0.49666666666666665
0.49666666666666665
0.49666666666666665
0.49666666666666665
0.49666666666666665
0.49666666666666665
0.5
0.49666666666666665
0.49666666666666665
0.49666666666666665
0.5
0.49666666666666665
0.5
0.49666666666666665
0.5
0.5
0.5
0.5
0.5
0.49666666666666665
0.5
0.49666666666666665
0.49666666666666665
0.5
0.5
0.5
0.5
0.5
0.49666666666666665
0.49666666666666665
0.49666666666666665
0.5
0.5
0.49666666666666665
0.5
0.49666666666666665
0.49666666666666665
0.49666666666666665
0.5
0.49666666666666665
0.49666666666666665
0.49666666666666665
0.49666666666666665
0.49666666666666665
0.49666666666666665
0.5
0.49666666666666665
0.49666666666666665
0.49666666666666665
0.49666666666666665
0.5
0.49666666666666665
0.49666666666666665
0.49666666666666665
0.49666666666666665
0.5
0.5
0.49666666666666665
0.5
0.49666666666666665
0.49666666666666665
0.5
0.49666666666666665
0.49666666666666665
0.49666666666666665
0.49666666666666665
0.49666666666666665
0.49666666666666665
0.5
0.49666666666666665
0.49666666666666665
0.49666666666666665
0.49666666666666665
0.49666666666666665
0.49666666666666665
0.49666666666666665
0.5
0.5
0.5
0.49666666666666665
0.5
0.5
0.5
0.5
0.5
0.5
0.5
0.5
0.5
0.5
0.5
0.5
0.5
0.5
0.5
0.5
0.5
0.5
0.5
0.5
0.5
0.5
0.5
0.5
0.5
0.5
0.5
0.5
0.5
0.5
0.5
0.5
0.5
0.5
0.5033333333333333
0.5033333333333333
0.5033333333333333
0.5
0.5033333333333333
0.5
0.5
0.5033333333333333
0.5033333333333333
0.5
0.5033333333333333
0.5
0.5033333333333333
0.5
0.5
0.5
0.5
0.5
0.5033333333333333
0.5
0.5
0.5
0.5
0.49666666666666665
0.5
0.5
0.5
0.5
0.5
0.5
0.5
0.49666666666666665
0.5
0.5
0.5
0.5
0.5
0.49666666666666665
0.5
0.5
0.49666666666666665
0.49666666666666665
0.5
0.5
0.5
0.5
0.5
0.49666666666666665
0.5
0.5
0.5
0.5
0.5
0.5
0.5
0.5
0.5
0.49666666666666665
0.5
0.5033333333333333
0.49666666666666665
0.5
0.5
0.5
0.5
0.5033333333333333
0.5
0.5
0.49666666666666665
0.5
0.49666666666666665
0.5
0.5
0.5
0.5
0.5
0.5
0.5
0.5
0.5
0.5
0.5
0.5
0.5
0.5
0.5
0.5
0.5
0.5
0.5
0.5
0.5
0.5
0.5
0.5
0.5
0.5
0.5
0.5
0.5
0.49666666666666665
0.5
0.5
0.49666666666666665
0.5
0.5
0.5
0.49666666666666665
0.5
0.5
0.5
0.5
0.49666666666666665
0.5
0.5
0.5
0.5
0.49666666666666665
0.5
0.5
0.5
0.5
0.5
0.5
0.5
0.5
0.5
0.5
0.5
0.5
0.5
0.5
0.5
0.5
0.5
0.5
0.5
0.5
0.49666666666666665
0.5
0.5
0.5033333333333333
0.49666666666666665
0.5
0.49666666666666665
0.5
0.5
0.5
0.49666666666666665
0.49666666666666665
0.49666666666666665
0.49666666666666665
0.5
0.49666666666666665
0.5
0.5
0.5
0.5
0.5
0.49666666666666665
0.49666666666666665
0.5
0.5
0.49666666666666665
0.5
0.5
0.5
0.49666666666666665
0.5
0.49666666666666665
0.49666666666666665
0.49666666666666665
0.5
0.49666666666666665
0.49666666666666665
0.5
0.5
0.49666666666666665
0.5
0.5
0.49666666666666665
0.5
0.49666666666666665
0.49333333333333335
0.5
0.49666666666666665
0.5
0.49666666666666665
0.49666666666666665
0.49666666666666665
0.49666666666666665
0.49666666666666665
0.49666666666666665
0.5
0.49666666666666665
0.49666666666666665
0.49666666666666665
0.49666666666666665
0.49666666666666665
0.49666666666666665
0.49666666666666665
0.49666666666666665
0.49666666666666665
0.49666666666666665
0.49333333333333335
0.49666666666666665
0.49666666666666665
0.49666666666666665
0.49666666666666665
0.49666666666666665
0.49666666666666665
0.49666666666666665
0.49333333333333335
0.49666666666666665
0.49666666666666665
0.49666666666666665
0.49666666666666665
0.49666666666666665
0.49666666666666665
0.49666666666666665
0.49666666666666665
0.49666666666666665
0.49666666666666665
0.49666666666666665
0.49666666666666665
0.49666666666666665
0.49333333333333335
0.49333333333333335
0.49324324324324326
0.49498327759197325
0.49333333333333335
0.49333333333333335
0.49333333333333335
0.4900398406374502
0.4943820224719101
0.4931506849315068
0.4907749077490775
0.49224806201550386
0.49242424242424243
0.49224806201550386
0.4897260273972603
0.49327354260089684
0.49242424242424243
0.4904214559386973
0.4890829694323144
0.49034749034749037
0.49236641221374045
0.49416342412451364
0.49049429657794674
0.4928571428571429
0.491869918699187
0.49328859060402686
0.49466192170818507
0.49140893470790376
0.49477351916376305
0.49433962264150944
0.49666666666666665
0.49328859060402686
0.49666666666666665
0.49666666666666665
0.49333333333333335
0.49666666666666665
0.49666666666666665
0.49666666666666665
0.49666666666666665
0.49666666666666665
0.49333333333333335
0.49666666666666665
0.49666666666666665
0.49666666666666665
0.49666666666666665
0.49666666666666665
0.5
0.49666666666666665
0.5
0.49666666666666665
0.49666666666666665
0.49666666666666665
0.5
0.49666666666666665
0.49666666666666665
0.49666666666666665
0.49666666666666665
0.49666666666666665
0.5
0.49666666666666665
0.49666666666666665
0.49666666666666665
0.5
0.49666666666666665
0.49666666666666665
0.49666666666666665
0.49666666666666665
0.49666666666666665
0.49666666666666665
0.49666666666666665
0.49666666666666665
0.49666666666666665
0.49666666666666665
0.49666666666666665
0.5
0.5
0.5
0.5
0.49666666666666665
0.49666666666666665
0.5
0.49666666666666665
0.5
0.5
0.5
0.49666666666666665
0.49666666666666665
0.5
0.49666666666666665
0.5
0.5
0.5
0.49666666666666665
0.5
0.5
0.5
0.5
0.5
0.5
0.5
0.5
0.49666666666666665
0.5
0.5
0.5
0.5
0.5
0.5
0.5
0.5
0.5
0.5
0.5
0.5
0.5
0.5
0.49666666666666665
0.5
0.5
0.5
0.5
0.5
0.5
0.5
0.49666666666666665
0.49666666666666665
0.5
0.5
0.5
0.5
0.5
0.5
0.49666666666666665
0.5
0.5
0.5
0.5
0.5
0.5
0.5
0.5033333333333333
0.5
0.5
0.5
0.5
0.5
0.5
0.5
0.5
0.49666666666666665
0.5
0.5
0.5
0.5033333333333333
0.5
0.5
0.5
0.49666666666666665
0.5
0.5
0.49666666666666665
0.49666666666666665
0.5033333333333333
0.5
0.5
0.5
0.5
0.5
0.5
0.5
0.5
0.5
0.5
0.5
0.5
0.49666666666666665
0.5
0.5
0.49666666666666665
0.49666666666666665
0.5
0.5
0.5
0.5
0.5
0.5
0.5
0.5
0.5
0.5
0.5
0.49666666666666665
0.5
0.5
0.5
0.5
0.49666666666666665
0.49666666666666665
0.49666666666666665
0.49666666666666665
0.5
0.5
0.5
0.5
0.5
0.49666666666666665
0.5
0.49666666666666665
0.5
0.49666666666666665
0.49666666666666665
0.5033333333333333
0.5
0.49666666666666665
0.5
0.49666666666666665
0.5
0.49666666666666665
0.5033333333333333
0.5
0.49666666666666665
0.5033333333333333
0.5
0.5
0.5
0.5
0.5
0.5
0.49666666666666665
0.5033333333333333
0.5
0.5
0.5033333333333333
0.5
0.5
0.5
0.5
0.5
0.5
0.5
0.5
0.5
0.5
0.5
0.5
0.5
0.5
0.5
0.5
0.5
0.5
0.5033333333333333
0.5
0.49666666666666665
0.5033333333333333
0.5
