0.5454545454545454
0.6111111111111112
0.375
0.38095238095238093
0.4375
0.6666666666666666
0.6428571428571429
0.7333333333333333
0.42857142857142855
0.5454545454545454
0.375
0.5384615384615384
0.5
0.4666666666666667
0.5151515151515151
0.36363636363636365
0.525
0.5
0.45714285714285713
0.5
0.42857142857142855
0.5
0.4666666666666667
0.5172413793103449
0.3333333333333333
0.6111111111111112
0.5135135135135135
0.4444444444444444
0.4444444444444444
0.4583333333333333
0.5909090909090909
0.3888888888888889
0.6666666666666666
0.5909090909090909
0.6153846153846154
0.5217391304347826
0.4857142857142857
0.3333333333333333
0.48148148148148145
0.5360824742268041
0.5294117647058824
0.5
0.5094339622641509
0.5135135135135135
0.48936170212765956
0.47058823529411764
0.5180722891566265
0.5
0.5
0.5
0.46511627906976744
0.4927536231884058
0.5
0.5
0.5454545454545454
0.4915254237288136
0.48148148148148145
0.48148148148148145
0.5
0.4888888888888889
0.5
0.5526315789473685
0.4878048780487805
0.5283018867924528
0.5102040816326531
0.49056603773584906
0.47674418604651164
0.5238095238095238
0.4915254237288136
0.525
0.46808510638297873
0.5405405405405406
0.5675675675675675
0.5490196078431373
0.4583333333333333
0.5189873417721519
0.5
0.49056603773584906
0.49411764705882355
0.5434782608695652
0.5287356321839081
0.5476190476190477
0.5348837209302325
0.5254237288135594
0.4375
0.45652173913043476
0.43434343434343436
0.5161290322580645
0.4846153846153846
0.5070422535211268
0.5079365079365079
0.5333333333333333
0.5294117647058824
0.49122807017543857
0.4796747967479675
0.47540983606557374
0.5
0.48936170212765956
0.49375
0.45714285714285713
0.5333333333333333
0.5333333333333333
0.4642857142857143
0.4942528735632184
0.43333333333333335
0.4657534246575342
0.5
0.5233333333333333
0.5
0.4859154929577465
0.5043478260869565
0.5
0.5
0.4649122807017544
0.5036496350364964
0.5
0.48739495798319327
0.5241935483870968
0.49333333333333335
0.47540983606557374
0.5033333333333333
0.48214285714285715
0.5160142348754448
0.5566037735849056
0.5454545454545454
0.5023474178403756
0.5348837209302325
0.5228758169934641
0.5350877192982456
0.53
0.5161290322580645
0.5283018867924528
0.5197368421052632
0.5
0.5148514851485149
0.5126903553299492
0.5175879396984925
0.5225806451612903
0.5132075471698113
0.5757575757575758
0.5373134328358209
0.5129310344827587
0.5259259259259259
0.5405405405405406
0.5174825174825175
0.5185185185185185
0.5033333333333333
0.5129533678756477
0.5192307692307693
0.5222929936305732
0.5294117647058824
0.5033333333333333
0.52
0.5178571428571429
0.5119047619047619
0.5129533678756477
0.5176470588235295
0.521551724137931
0.51
0.49783549783549785
0.5089285714285714
0.5086206896551724
0.518796992481203
0.5280373831775701
0.5161290322580645
0.5044642857142857
0.5133333333333333
0.5
0.5067567567567568
0.5
0.5190476190476191
0.5023696682464455
0.5144508670520231
0.5072463768115942
0.5416666666666666
0.5208333333333334
0.5092592592592593
0.5031055900621118
0.5054945054945055
0.47619047619047616
0.5145631067961165
0.5120481927710844
0.5
0.49411764705882355
0.5079365079365079
0.5
0.4913294797687861
0.5154639175257731
0.5130890052356021
0.5069444444444444
0.5396825396825397
0.5066666666666667
0.5255474452554745
0.5254237288135594
0.5282051282051282
0.5185185185185185
0.5141509433962265
0.5066666666666667
0.5193370165745856
0.5165562913907285
