0.5
0.5
0.5033333333333333
0.5
0.5
0.5
0.5033333333333333
0.49666666666666665
0.5
0.5033333333333333
0.5033333333333333
0.5033333333333333
0.5
0.5
0.49666666666666665
0.5
0.49666666666666665
0.5
0.5033333333333333
0.5
0.49666666666666665
0.49666666666666665
0.5033333333333333
0.5
0.5
0.5
0.5
0.5
0.5
0.5
0.49333333333333335
0.5
0.5
0.5
0.5
0.5
0.49666666666666665
0.49666666666666665
0.49666666666666665
0.49666666666666665
0.49666666666666665
0.49666666666666665
0.4921875
0.49122807017543857
0.49019607843137253
0.49528301886792453
0.4909090909090909
0.4885844748858447
0.4858490566037736
0.4908256880733945
0.4915254237288136
0.4846938775510204
0.4883720930232558
0.49029126213592233
0.4823529411764706
0.48255813953488375
0.48322147651006714
0.4779874213836478
0.4797687861271676
0.4785714285714286
0.47770700636942676
0.4823529411764706
0.4791666666666667
0.48026315789473684
0.4755244755244755
0.4672131147540984
0.4791666666666667
0.46853146853146854
0.47413793103448276
0.4676258992805755
0.4744525547445255
0.46923076923076923
0.46616541353383456
0.4608695652173913
0.464
0.464
0.4583333333333333
0.46551724137931033
0.4645669291338583
0.46923076923076923
0.4566929133858268
0.46218487394957986
0.4596774193548387
0.456
0.4491525423728814
0.4434782608695652
0.45
0.45454545454545453
0.453781512605042
0.44144144144144143
0.45454545454545453
0.4444444444444444
0.4423076923076923
0.5263157894736842
0.4444444444444444
0.44339622641509435
0.45
0.44339622641509435
0.43859649122807015
0.4485981308411215
0.4326923076923077
0.44144144144144143
0.43434343434343436
0.4380952380952381
0.4339622641509434
0.425531914893617
0.42857142857142855
0.4380952380952381
0.4339622641509434
0.44036697247706424
0.42574257425742573
0.4368932038834951
0.43
0.4380952380952381
0.4326923076923077
0.42857142857142855
0.4318181818181818
0.41836734693877553
0.4148936170212766
0.4482758620689655
0.43333333333333335
0.42424242424242425
0.48
0.42857142857142855
0.43157894736842106
0.4105263157894737
0.43243243243243246
0.43478260869565216
0.41935483870967744
0.43333333333333335
0.4857142857142857
0.44
0.46875
0.40625
0.45714285714285713
0.42574257425742573
0.42424242424242425
0.42857142857142855
0.43243243243243246
0.41414141414141414
0.42857142857142855
0.4444444444444444
0.4444444444444444
0.4782608695652174
0.42528735632183906
0.4782608695652174
0.42424242424242425
0.45454545454545453
0.43478260869565216
0.42574257425742573
0.43333333333333335
0.4174757281553398
0.41025641025641024
0.4148936170212766
0.47368421052631576
0.43333333333333335
0.43243243243243246
0.4482758620689655
0.47619047619047616
0.43478260869565216
0.41237113402061853
0.42857142857142855
0.44
0.4375
0.43333333333333335
0.41509433962264153
0.4444444444444444
0.4782608695652174
0.40425531914893614
0.43
0.43333333333333335
0.42
0.43333333333333335
0.47368421052631576
0.4666666666666667
0.4473684210526316
0.46153846153846156
0.4444444444444444
0.44680851063829785
0.45714285714285713
0.4482758620689655
0.4215686274509804
0.42857142857142855
0.48
0.4358974358974359
0.42857142857142855
0.4827586206896552
0.42857142857142855
0.4411764705882353
0.48148148148148145
0.425531914893617
0.5
0.41904761904761906
0.40860215053763443
0.4482758620689655
0.4166666666666667
0.41836734693877553
0.40860215053763443
0.4166666666666667
0.45454545454545453
0.42857142857142855
0.4270833333333333
0.4358974358974359
0.44680851063829785
0.43902439024390244
0.40217391304347827
0.41935483870967744
0.40860215053763443
0.41304347826086957
0.4444444444444444
0.42857142857142855
0.40860215053763443
0.4318181818181818
0.4411764705882353
0.4318181818181818
0.41509433962264153
0.43478260869565216
0.42857142857142855
0.43333333333333335
0.4642857142857143
0.41836734693877553
0.45161290322580644
0.46153846153846156
0.47058823529411764
0.45
0.425
0.4215686274509804
0.42528735632183906
0.46153846153846156
0.43902439024390244
0.4148936170212766
0.45161290322580644
0.40816326530612246
0.42857142857142855
0.43902439024390244
0.42857142857142855
0.4318181818181818
0.4375
0.422680412371134
0.42452830188679247
0.42857142857142855
0.4222222222222222
0.4215686274509804
0.4444444444444444
0.4230769230769231
0.4166666666666667
0.42105263157894735
0.42
0.45161290322580644
0.4186046511627907
0.43434343434343436
0.42
0.41379310344827586
0.4166666666666667
0.43373493975903615
0.4215686274509804
0.41935483870967744
0.41935483870967744
0.4157303370786517
0.42105263157894735
0.4215686274509804
0.422680412371134
0.42105263157894735
0.41836734693877553
0.42105263157894735
0.4444444444444444
0.4111111111111111
0.42391304347826086
0.4189189189189189
0.43333333333333335
0.43010752688172044
0.425531914893617
0.42574257425742573
0.43661971830985913
0.4235294117647059
0.4177215189873418
0.41333333333333333
0.42857142857142855
0.42045454545454547
0.43333333333333335
0.45454545454545453
0.4166666666666667
0.42424242424242425
0.41509433962264153
0.425
0.4444444444444444
0.4225352112676056
0.4594594594594595
0.4235294117647059
0.41935483870967744
0.41333333333333333
0.41836734693877553
0.41836734693877553
0.42424242424242425
0.43333333333333335
0.4444444444444444
0.42424242424242425
0.42391304347826086
0.4375
0.43137254901960786
0.4157303370786517
0.4230769230769231
0.42
0.42105263157894735
0.425531914893617
0.4444444444444444
0.42574257425742573
0.4155844155844156
0.4375
0.4444444444444444
0.421875
0.4117647058823529
0.4418604651162791
0.43902439024390244
0.4126984126984127
0.41304347826086957
0.4166666666666667
0.4186046511627907
0.41975308641975306
0.43243243243243246
0.40963855421686746
0.43333333333333335
0.421875
0.4090909090909091
0.4318181818181818
0.425531914893617
0.4642857142857143
0.4411764705882353
0.4268292682926829
0.45
0.425
0.42424242424242425
0.4482758620689655
0.45454545454545453
0.4230769230769231
0.41509433962264153
0.41818181818181815
0.4146341463414634
0.42
0.45454545454545453
0.4230769230769231
0.425
0.43902439024390244
0.41975308641975306
0.4482758620689655
0.4782608695652174
0.4166666666666667
0.4583333333333333
0.4235294117647059
0.4482758620689655
0.48
0.42105263157894735
0.42528735632183906
0.4186046511627907
0.425531914893617
0.41379310344827586
0.43902439024390244
0.4090909090909091
0.43283582089552236
0.4125
0.4423076923076923
0.48
0.4270833333333333
0.42105263157894735
0.46875
0.41935483870967744
0.44
0.43
0.42424242424242425
0.41935483870967744
0.422680412371134
0.4375
0.42857142857142855
0.4157303370786517
0.4318181818181818
0.45161290322580644
0.40816326530612246
0.425
0.43478260869565216
0.42105263157894735
0.46153846153846156
0.42105263157894735
0.4642857142857143
0.4482758620689655
0.4358974358974359
0.42718446601941745
0.425
0.42424242424242425
0.45714285714285713
0.4117647058823529
0.44
0.4375
0.4215686274509804
0.4318181818181818
0.422680412371134
0.40860215053763443
0.4148936170212766
0.4215686274509804
0.4482758620689655
0.40860215053763443
0.4339622641509434
0.4215686274509804
0.43243243243243246
0.41836734693877553
0.422680412371134
0.43902439024390244
0.41304347826086957
0.4444444444444444
0.42105263157894735
0.42
0.42857142857142855
0.4270833333333333
0.42391304347826086
0.42424242424242425
0.41836734693877553
0.46153846153846156
0.41836734693877553
0.41304347826086957
0.43478260869565216
0.4583333333333333
0.4583333333333333
0.4186046511627907
0.42105263157894735
0.4222222222222222
0.4482758620689655
0.4148936170212766
0.4583333333333333
0.4186046511627907
0.44
0.4523809523809524
0.44
0.4230769230769231
0.41935483870967744
0.4111111111111111
0.42
0.4482758620689655
0.44
0.4482758620689655
0.4125
0.4482758620689655
0.4411764705882353
0.4482758620689655
0.41379310344827586
0.42857142857142855
0.4105263157894737
0.44
0.44680851063829785
0.42857142857142855
0.42574257425742573
0.4155844155844156
0.4186046511627907
0.4157303370786517
0.46153846153846156
0.4482758620689655
0.42857142857142855
0.42105263157894735
0.45
0.44
0.42424242424242425
0.422680412371134
0.42857142857142855
0.4157303370786517
0.425531914893617
0.4148936170212766
0.4222222222222222
0.42
0.42857142857142855
0.4105263157894737
0.41836734693877553
0.4270833333333333
0.41836734693877553
0.45
0.4222222222222222
0.42
0.4411764705882353
0.43
0.4339622641509434
0.45161290322580644
0.4215686274509804
0.4270833333333333
0.4270833333333333
0.42990654205607476
0.41836734693877553
0.43119266055045874
0.425531914893617
0.42
0.45161290322580644
0.4351851851851852
0.42105263157894735
0.42391304347826086
0.42391304347826086
0.4177215189873418
0.42857142857142855
0.4270833333333333
0.43137254901960786
0.42045454545454547
0.4318181818181818
0.43617021276595747
0.42528735632183906
0.43023255813953487
0.4186046511627907
0.4230769230769231
0.4642857142857143
0.43902439024390244
0.4222222222222222
0.41818181818181815
0.42424242424242425
0.4166666666666667
0.43478260869565216
0.4230769230769231
0.40963855421686746
0.4175824175824176
0.4262295081967213
0.41935483870967744
0.43478260869565216
0.417910447761194
0.4186046511627907
0.42857142857142855
0.422680412371134
0.42696629213483145
0.42528735632183906
0.4186046511627907
0.42696629213483145
0.4268292682926829
0.4157303370786517
0.41975308641975306
0.47619047619047616
0.42424242424242425
0.4270833333333333
0.4215686274509804
0.4270833333333333
0.42045454545454547
0.42696629213483145
0.42574257425742573
0.425531914893617
0.425531914893617
0.4380952380952381
0.42045454545454547
0.4148936170212766
0.45161290322580644
0.4326923076923077
0.4270833333333333
0.42424242424242425
0.43
0.4230769230769231
0.421875
0.4148936170212766
0.42857142857142855
0.4230769230769231
0.42105263157894735
0.4166666666666667
0.42105263157894735
0.4268292682926829
0.4189189189189189
0.42857142857142855
0.4235294117647059
0.4177215189873418
0.43636363636363634
0.4166666666666667
0.4444444444444444
0.43478260869565216
0.42168674698795183
0.4268292682926829
0.45714285714285713
0.4264705882352941
0.4444444444444444
0.45161290322580644
0.425
0.4383561643835616
0.4246575342465753
0.4166666666666667
0.42168674698795183
0.45454545454545453
0.43243243243243246
0.4444444444444444
0.4444444444444444
0.4262295081967213
0.4246575342465753
0.4375
0.42105263157894735
0.42592592592592593
0.4342105263157895
0.42857142857142855
0.4264705882352941
0.41818181818181815
0.46153846153846156
0.4375
0.4230769230769231
0.4186046511627907
0.4473684210526316
0.4318181818181818
0.425
0.4444444444444444
0.4418604651162791
0.4594594594594595
0.4489795918367347
0.43243243243243246
0.42857142857142855
0.4358974358974359
0.4375
0.4393939393939394
0.425531914893617
0.4230769230769231
0.423728813559322
0.4634146341463415
0.4838709677419355
0.4117647058823529
0.42
0.4307692307692308
0.45454545454545453
0.42857142857142855
0.42857142857142855
0.43333333333333335
0.425531914893617
0.43548387096774194
0.42857142857142855
0.4444444444444444
0.4411764705882353
0.43478260869565216
0.4375
0.4583333333333333
0.43859649122807015
0.43478260869565216
0.46153846153846156
0.42424242424242425
0.425531914893617
0.43478260869565216
0.43478260869565216
0.4358974358974359
0.4642857142857143
0.4444444444444444
0.4444444444444444
0.417910447761194
0.4489795918367347
0.42857142857142855
0.425
0.44
0.45161290322580644
0.42105263157894735
0.4166666666666667
0.4411764705882353
0.43243243243243246
0.42592592592592593
0.4642857142857143
0.4444444444444444
0.43333333333333335
0.42424242424242425
0.4642857142857143
0.4444444444444444
0.42857142857142855
0.43333333333333335
0.4375
0.423728813559322
0.4473684210526316
0.4375
0.4375
0.44680851063829785
0.43243243243243246
0.43902439024390244
0.43478260869565216
0.43333333333333335
0.42424242424242425
0.4482758620689655
0.425
0.425
0.43478260869565216
0.40625
0.4246575342465753
0.4642857142857143
0.45
0.4473684210526316
0.47619047619047616
0.42857142857142855
0.43137254901960786
0.425
0.44
0.43548387096774194
0.42857142857142855
0.41379310344827586
0.42857142857142855
0.42424242424242425
0.4444444444444444
0.45714285714285713
0.43103448275862066
0.44
0.417910447761194
0.4189189189189189
0.42105263157894735
0.4230769230769231
0.4482758620689655
0.42168674698795183
0.4230769230769231
0.4166666666666667
0.4411764705882353
0.4235294117647059
0.44
0.47368421052631576
0.40425531914893614
0.4117647058823529
0.42857142857142855
0.4146341463414634
0.421875
0.4411764705882353
0.41333333333333333
0.43902439024390244
0.42857142857142855
0.46153846153846156
0.43478260869565216
0.41935483870967744
0.42168674698795183
0.4153846153846154
0.4482758620689655
0.4583333333333333
0.4411764705882353
0.4358974358974359
0.43478260869565216
0.42857142857142855
0.4782608695652174
0.4444444444444444
0.4642857142857143
0.41935483870967744
0.4444444444444444
0.46875
0.42424242424242425
0.45161290322580644
0.4375
0.41025641025641024
0.4482758620689655
0.43548387096774194
0.42857142857142855
0.4146341463414634
0.4225352112676056
0.4126984126984127
0.4444444444444444
0.425
0.4024390243902439
0.4155844155844156
0.425
0.4230769230769231
0.42105263157894735
0.42857142857142855
0.4125
0.43902439024390244
0.42045454545454547
0.4146341463414634
0.43243243243243246
0.41379310344827586
0.4375
0.4157303370786517
0.41975308641975306
0.4444444444444444
0.45454545454545453
0.4157303370786517
0.42424242424242425
0.4125
0.42528735632183906
0.4268292682926829
0.4222222222222222
0.43023255813953487
0.43373493975903615
0.4166666666666667
0.41836734693877553
0.4158415841584158
0.41379310344827586
0.425531914893617
0.425531914893617
0.43636363636363634
0.42857142857142855
0.40860215053763443
0.4411764705882353
0.4166666666666667
0.41935483870967744
0.4166666666666667
0.422680412371134
0.43157894736842106
0.4270833333333333
0.43137254901960786
0.42857142857142855
0.4166666666666667
0.42718446601941745
0.42857142857142855
0.43
0.42990654205607476
0.42718446601941745
0.4215686274509804
0.422680412371134
0.42391304347826086
0.42
0.42424242424242425
0.41836734693877553
0.42424242424242425
0.4326923076923077
0.425531914893617
0.4155844155844156
0.4105263157894737
0.45714285714285713
0.4117647058823529
0.4157303370786517
0.41818181818181815
0.41935483870967744
0.4125
0.43333333333333335
0.425531914893617
0.4375
0.42105263157894735
0.4177215189873418
0.4166666666666667
0.4444444444444444
0.4246575342465753
0.4225352112676056
0.43661971830985913
0.41935483870967744
0.4177215189873418
0.42857142857142855
0.43243243243243246
0.4444444444444444
0.42857142857142855
0.4222222222222222
0.43283582089552236
0.4230769230769231
0.4482758620689655
0.41818181818181815
0.4166666666666667
0.4246575342465753
0.45161290322580644
0.41509433962264153
0.42105263157894735
0.44
0.42105263157894735
0.43902439024390244
0.42857142857142855
0.4482758620689655
0.425
0.4074074074074074
0.46153846153846156
0.4411764705882353
0.4642857142857143
0.4418604651162791
0.43103448275862066
0.42857142857142855
0.4482758620689655
0.4444444444444444
0.4166666666666667
0.417910447761194
0.42528735632183906
0.42528735632183906
0.4230769230769231
0.4444444444444444
0.4166666666666667
0.4125
0.42857142857142855
0.4166666666666667
0.4148936170212766
0.43137254901960786
0.4126984126984127
0.4642857142857143
0.41935483870967744
0.43
0.4329896907216495
0.4117647058823529
0.4186046511627907
0.4222222222222222
0.43023255813953487
0.425531914893617
0.42045454545454547
0.4177215189873418
0.43333333333333335
0.4148936170212766
0.43333333333333335
0.42696629213483145
0.42168674698795183
0.425531914893617
0.42857142857142855
0.4270833333333333
0.4222222222222222
0.4230769230769231
0.4148936170212766
0.4222222222222222
0.41935483870967744
0.4230769230769231
0.4235294117647059
0.42391304347826086
0.4411764705882353
0.41935483870967744
0.425531914893617
0.4074074074074074
0.43661971830985913
0.4235294117647059
0.41935483870967744
0.4177215189873418
0.42857142857142855
0.43283582089552236
0.42045454545454547
0.4473684210526316
0.43373493975903615
0.42424242424242425
0.423728813559322
0.42857142857142855
0.42528735632183906
0.4266666666666667
0.43859649122807015
0.4342105263157895
0.4268292682926829
0.42168674698795183
0.42028985507246375
0.42857142857142855
0.4305555555555556
0.43661971830985913
0.4230769230769231
0.4383561643835616
0.4375
0.4235294117647059
0.43209876543209874
0.421875
0.42391304347826086
0.44
0.43209876543209874
0.43820224719101125
0.421875
0.42857142857142855
0.4367816091954023
0.425531914893617
0.4246575342465753
0.4266666666666667
0.4225352112676056
0.4268292682926829
0.44
0.425
0.42857142857142855
0.42105263157894735
0.43636363636363634
0.43010752688172044
0.4189189189189189
0.43209876543209874
0.4230769230769231
0.42857142857142855
0.43478260869565216
0.41975308641975306
0.42592592592592593
0.4268292682926829
0.4266666666666667
0.425
0.4444444444444444
0.41935483870967744
0.43478260869565216
0.423728813559322
0.425
0.42592592592592593
0.42424242424242425
0.4189189189189189
0.42168674698795183
0.43037974683544306
0.4189189189189189
0.4225352112676056
0.4230769230769231
0.4375
0.4186046511627907
0.42528735632183906
0.43010752688172044
0.42696629213483145
0.4411764705882353
0.4307692307692308
0.42857142857142855
0.43283582089552236
0.42424242424242425
0.42857142857142855
0.4423076923076923
0.42857142857142855
0.4246575342465753
0.43661971830985913
0.4166666666666667
0.4090909090909091
0.41975308641975306
0.4411764705882353
0.4186046511627907
0.4318181818181818
0.42528735632183906
0.425
0.4157303370786517
0.425531914893617
0.42045454545454547
0.4166666666666667
0.4222222222222222
0.43243243243243246
0.43037974683544306
0.42105263157894735
0.425531914893617
0.4084507042253521
0.41935483870967744
0.43434343434343436
0.42424242424242425
0.4175824175824176
0.43157894736842106
0.4148936170212766
0.42696629213483145
0.4146341463414634
0.4166666666666667
0.4177215189873418
0.42168674698795183
0.4157303370786517
