0.5263157894736842
0.4897959183673469
0.4642857142857143
0.6111111111111112
0.5882352941176471
0.425
0.5769230769230769
0.5238095238095238
0.5357142857142857
0.47368421052631576
0.5882352941176471
0.5
0.5833333333333334
0.5
0.5263157894736842
0.5416666666666666
0.48148148148148145
0.4642857142857143
0.5
0.5357142857142857
0.5555555555555556
0.5333333333333333
0.5
0.45714285714285713
0.5636363636363636
0.47058823529411764
0.5625
0.5555555555555556
0.5
0.5
0.5263157894736842
0.52
0.42857142857142855
0.49122807017543857
0.4090909090909091
0.5079365079365079
0.4666666666666667
0.5
0.5128205128205128
0.46875
0.53125
0.5
0.5
0.45588235294117646
0.4583333333333333
0.46938775510204084
0.5102040816326531
0.46153846153846156
0.5142857142857142
0.5
0.5128205128205128
0.4666666666666667
0.5
0.48936170212765956
0.5526315789473685
0.48484848484848486
0.45161290322580644
0.48148148148148145
0.5
0.47368421052631576
0.46808510638297873
0.5
0.4782608695652174
0.5333333333333333
0.5384615384615384
0.46808510638297873
0.55
0.5151515151515151
0.5238095238095238
0.5185185185185185
0.5116279069767442
0.4583333333333333
0.5151515151515151
0.5294117647058824
0.55
0.5
0.5357142857142857
0.47619047619047616
0.5434782608695652
0.4782608695652174
0.5454545454545454
0.5142857142857142
0.5263157894736842
0.5
0.5
0.5121951219512195
0.5384615384615384
0.55
0.5
0.5882352941176471
0.5
0.56
0.5416666666666666
0.4482758620689655
0.5
0.5
0.5217391304347826
0.5
0.5384615384615384
0.5384615384615384
0.5
0.5625
0.5416666666666666
0.5789473684210527
0.5
0.5161290322580645
0.5217391304347826
0.5185185185185185
0.48
0.5333333333333333
0.5263157894736842
0.5714285714285714
0.5
0.5294117647058824
0.5217391304347826
0.5384615384615384
0.5
0.5
0.5217391304347826
0.55
0.6428571428571429
0.5416666666666666
0.5833333333333334
0.5555555555555556
0.5172413793103449
0.5833333333333334
0.5
0.4782608695652174
0.5454545454545454
0.5652173913043478
0.5
0.5833333333333334
0.5
0.5217391304347826
0.5
0.5416666666666666
0.5789473684210527
0.5384615384615384
0.5416666666666666
0.5
0.5263157894736842
0.5
0.5625
0.5384615384615384
0.5714285714285714
0.5
0.5
0.5
0.6
0.6470588235294118
0.5294117647058824
0.5454545454545454
0.5
0.5333333333333333
0.5238095238095238
0.5
0.5652173913043478
0.6153846153846154
0.4444444444444444
0.5517241379310345
0.5416666666666666
0.5333333333333333
0.6111111111111112
0.5217391304347826
0.5416666666666666
0.5
0.5238095238095238
0.6
0.5
0.5789473684210527
0.5238095238095238
0.5517241379310345
0.4827586206896552
0.5384615384615384
0.5
0.52
0.5238095238095238
0.55
0.5
0.5714285714285714
0.52
0.5238095238095238
0.5882352941176471
0.4594594594594595
0.5
0.47619047619047616
0.5
0.5625
0.5333333333333333
0.5161290322580645
0.4782608695652174
0.5217391304347826
0.5
0.475
0.47058823529411764
0.52
0.4827586206896552
0.5
0.5172413793103449
0.4782608695652174
0.5
0.5555555555555556
0.5
0.5
0.5416666666666666
0.43478260869565216
0.5
0.5
0.5
0.5151515151515151
0.5
0.55
0.5
0.4666666666666667
0.53125
0.5555555555555556
0.5333333333333333
0.5
0.5
0.5
0.5185185185185185
0.5185185185185185
0.4782608695652174
0.6153846153846154
0.55
0.48717948717948717
0.5172413793103449
0.5652173913043478
0.5
0.5263157894736842
0.5192307692307693
0.48148148148148145
0.5
0.4838709677419355
0.6363636363636364
0.5
0.5
0.5
0.5
0.6363636363636364
0.5454545454545454
0.5
0.5
0.47368421052631576
0.5
0.5217391304347826
0.5
0.48717948717948717
0.5263157894736842
0.5555555555555556
0.48717948717948717
0.5111111111111111
0.49295774647887325
0.5714285714285714
0.4857142857142857
0.4857142857142857
0.5
0.48
0.5
0.5
0.46153846153846156
0.48717948717948717
0.4666666666666667
0.5238095238095238
0.49504950495049505
0.5294117647058824
0.46511627906976744
0.5454545454545454
0.5052631578947369
0.5288461538461539
0.5555555555555556
0.46774193548387094
0.5151515151515151
0.5409836065573771
0.5054945054945055
0.48148148148148145
0.47368421052631576
0.53125
0.47058823529411764
0.5
0.5254237288135594
0.5526315789473685
0.5181818181818182
0.4528301886792453
0.47368421052631576
0.42857142857142855
0.53125
0.47540983606557374
0.46153846153846156
0.47368421052631576
0.4605263157894737
0.49122807017543857
0.5
0.4375
0.48672566371681414
0.5
0.5
0.46153846153846156
0.5
0.4864864864864865
0.504
0.5
0.47577092511013214
0.5073529411764706
0.5
0.4528301886792453
0.5301204819277109
0.5111111111111111
0.5443037974683544
0.5274725274725275
0.5263157894736842
0.5204081632653061
0.5106382978723404
0.5483870967741935
0.5301204819277109
0.5111111111111111
0.5263157894736842
0.5145631067961165
0.5027624309392266
0.5280898876404494
0.48863636363636365
0.5132743362831859
0.46875
0.48214285714285715
0.5
0.4583333333333333
0.4583333333333333
0.5151515151515151
0.48
0.47794117647058826
0.47619047619047616
0.5238095238095238
0.4375
0.5
0.47368421052631576
0.5714285714285714
0.5652173913043478
0.5
0.5
0.45454545454545453
0.46153846153846156
0.5333333333333333
0.6
0.5625
0.5294117647058824
0.5384615384615384
0.6666666666666666
0.5294117647058824
0.5882352941176471
0.5555555555555556
0.6153846153846154
0.7
0.5384615384615384
0.5882352941176471
0.5263157894736842
0.6
0.5454545454545454
0.5333333333333333
0.5
0.625
0.5454545454545454
0.6153846153846154
0.6428571428571429
0.7
0.6363636363636364
0.5714285714285714
0.6363636363636364
0.5333333333333333
0.7142857142857143
0.5
0.6428571428571429
0.6363636363636364
0.6875
0.5714285714285714
0.6
0.5625
0.5625
0.5714285714285714
0.6363636363636364
0.5
0.625
0.6666666666666666
0.5333333333333333
0.5
0.6
0.6923076923076923
0.5625
0.5454545454545454
0.5714285714285714
0.7
0.5833333333333334
0.6363636363636364
0.6923076923076923
0.6363636363636364
0.6363636363636364
0.5833333333333334
0.6153846153846154
0.6153846153846154
0.6666666666666666
0.7
0.5294117647058824
0.5714285714285714
0.6153846153846154
0.7272727272727273
0.7272727272727273
0.7
0.6923076923076923
0.6153846153846154
0.6428571428571429
0.6428571428571429
0.7
0.6666666666666666
0.6363636363636364
0.6666666666666666
0.6363636363636364
0.6923076923076923
0.6363636363636364
0.75
0.7
0.7272727272727273
0.6428571428571429
0.6666666666666666
0.6363636363636364
0.6363636363636364
0.6666666666666666
0.8
0.6666666666666666
0.7272727272727273
0.6428571428571429
0.8181818181818182
0.6363636363636364
0.7
0.6923076923076923
0.8888888888888888
0.8888888888888888
0.7272727272727273
0.7272727272727273
0.6666666666666666
0.7777777777777778
0.6666666666666666
0.8
0.6363636363636364
0.9
0.9
0.6923076923076923
0.8
0.8
0.6666666666666666
0.8
0.8333333333333334
0.8
0.7777777777777778
0.7
0.8181818181818182
0.7692307692307693
0.7777777777777778
0.6923076923076923
0.8
0.6666666666666666
0.75
0.7272727272727273
0.8181818181818182
0.8333333333333334
0.8
0.7
0.8181818181818182
0.8888888888888888
0.8888888888888888
0.6363636363636364
0.8
0.875
0.875
0.7
0.8
0.8
0.7272727272727273
0.7777777777777778
0.8181818181818182
0.9
0.8888888888888888
0.8181818181818182
0.8
0.7777777777777778
0.7272727272727273
0.7692307692307693
1.0
0.8181818181818182
0.7777777777777778
0.8181818181818182
0.8888888888888888
0.8888888888888888
0.7272727272727273
1.0
1.0
0.8888888888888888
0.75
0.6923076923076923
0.9166666666666666
1.0
0.8181818181818182
0.8
0.75
0.8181818181818182
0.7272727272727273
0.875
0.7
0.875
0.8
0.9
0.8
0.8
0.9090909090909091
1.0
0.8181818181818182
0.8181818181818182
0.8
0.7777777777777778
0.8181818181818182
0.875
0.9
0.8888888888888888
0.7777777777777778
0.8333333333333334
0.8461538461538461
0.9
0.7692307692307693
1.0
0.9
0.9090909090909091
0.75
0.8
0.9
0.9090909090909091
0.8888888888888888
0.8888888888888888
0.8181818181818182
0.9090909090909091
0.7777777777777778
0.9
1.0
1.0
0.8181818181818182
0.7777777777777778
0.8333333333333334
0.8888888888888888
0.8
0.9166666666666666
0.7777777777777778
0.8181818181818182
0.8888888888888888
0.9
0.8888888888888888
1.0
0.8888888888888888
1.0
1.0
0.9
0.9090909090909091
0.9090909090909091
1.0
0.8888888888888888
1.0
0.9090909090909091
1.0
0.9
0.8181818181818182
0.9
0.9
1.0
0.8888888888888888
0.8
0.8888888888888888
0.7272727272727273
1.0
1.0
1.0
0.8888888888888888
1.0
1.0
1.0
0.9
1.0
0.9090909090909091
1.0
1.0
0.9
0.7777777777777778
1.0
0.8888888888888888
1.0
1.0
0.8888888888888888
1.0
1.0
0.875
1.0
0.8
1.0
0.8181818181818182
1.0
0.8
1.0
1.0
1.0
0.7
1.0
0.9
1.0
1.0
1.0
1.0
1.0
1.0
1.0
0.9
1.0
1.0
0.9090909090909091
1.0
1.0
1.0
0.9
1.0
0.8888888888888888
1.0
1.0
1.0
1.0
1.0
1.0
1.0
1.0
1.0
1.0
1.0
0.875
1.0
1.0
1.0
1.0
1.0
1.0
1.0
0.9
1.0
1.0
1.0
1.0
0.9
0.9090909090909091
0.9
1.0
1.0
1.0
1.0
1.0
0.9
0.9090909090909091
0.9
1.0
1.0
1.0
1.0
1.0
0.9
1.0
1.0
1.0
1.0
0.8888888888888888
1.0
1.0
1.0
0.8888888888888888
1.0
0.8888888888888888
0.9
1.0
1.0
0.9
1.0
1.0
1.0
0.8888888888888888
1.0
1.0
1.0
0.875
1.0
1.0
0.875
1.0
1.0
0.9090909090909091
1.0
1.0
1.0
0.8888888888888888
1.0
1.0
1.0
1.0
1.0
1.0
1.0
1.0
0.9090909090909091
1.0
1.0
1.0
1.0
1.0
0.9
1.0
1.0
0.9090909090909091
1.0
1.0
1.0
1.0
1.0
1.0
1.0
1.0
1.0
1.0
0.9
1.0
1.0
1.0
1.0
1.0
1.0
1.0
1.0
0.8
0.9
1.0
1.0
1.0
1.0
1.0
1.0
1.0
1.0
0.9
1.0
1.0
1.0
1.0
1.0
1.0
1.0
1.0
1.0
1.0
1.0
1.0
1.0
0.9090909090909091
1.0
1.0
1.0
1.0
1.0
1.0
1.0
1.0
1.0
0.9090909090909091
1.0
1.0
1.0
1.0
1.0
0.8888888888888888
1.0
1.0
1.0
1.0
1.0
1.0
1.0
1.0
1.0
1.0
1.0
1.0
1.0
1.0
1.0
1.0
1.0
1.0
1.0
1.0
1.0
1.0
0.9090909090909091
1.0
1.0
1.0
1.0
1.0
1.0
1.0
1.0
1.0
1.0
1.0
1.0
1.0
1.0
1.0
0.9
1.0
1.0
1.0
1.0
1.0
1.0
1.0
1.0
1.0
0.9090909090909091
1.0
1.0
1.0
1.0
1.0
1.0
0.8181818181818182
1.0
1.0
0.9090909090909091
1.0
1.0
1.0
1.0
1.0
1.0
1.0
1.0
1.0
1.0
1.0
0.8888888888888888
1.0
1.0
1.0
1.0
1.0
1.0
1.0
1.0
1.0
1.0
1.0
1.0
1.0
0.8888888888888888
1.0
1.0
1.0
1.0
1.0
1.0
0.9
1.0
1.0
1.0
0.9
0.9
1.0
1.0
1.0
1.0
1.0
1.0
1.0
1.0
1.0
1.0
1.0
1.0
1.0
1.0
1.0
1.0
1.0
0.9
1.0
1.0
1.0
1.0
1.0
1.0
1.0
1.0
1.0
1.0
1.0
1.0
1.0
1.0
1.0
1.0
0.9
1.0
1.0
1.0
1.0
1.0
1.0
0.8181818181818182
1.0
1.0
1.0
1.0
1.0
1.0
1.0
1.0
1.0
1.0
1.0
1.0
1.0
1.0
1.0
1.0
1.0
1.0
1.0
1.0
1.0
1.0
1.0
1.0
1.0
1.0
1.0
1.0
1.0
1.0
1.0
1.0
1.0
1.0
1.0
1.0
1.0
1.0
1.0
1.0
1.0
1.0
1.0
1.0
1.0
1.0
1.0
1.0
1.0
1.0
1.0
1.0
1.0
1.0
1.0
1.0
1.0
1.0
1.0
1.0
1.0
1.0
1.0
1.0
1.0
1.0
1.0
1.0
1.0
0.9
1.0
1.0
1.0
1.0
1.0
1.0
1.0
1.0
1.0
1.0
1.0
1.0
1.0
1.0
1.0
