0.5033333333333333
0.49666666666666665
0.5
0.5
0.5
0.5
0.5
0.5
0.5
0.5033333333333333
0.5
0.5033333333333333
0.5
0.5
0.5
0.5
0.5
0.5
0.49666666666666665
0.5
0.5
0.5
0.5033333333333333
0.5
0.49666666666666665
0.49666666666666665
0.5
0.5
0.5
0.5
0.5
0.5033333333333333
0.5033333333333333
0.5033333333333333
0.49666666666666665
0.5
0.5033333333333333
0.5
0.5
0.5033333333333333
0.5
0.5033333333333333
0.5
0.5
0.5033333333333333
0.5
0.5
0.5
0.5
0.49666666666666665
0.5
0.5033333333333333
0.49666666666666665
0.5
0.5
0.5
0.5033333333333333
0.5
0.49666666666666665
0.5
0.49666666666666665
0.5
0.5
0.5
0.5
0.5
0.5
0.5
0.49666666666666665
0.5
0.5
0.5
0.5
0.5
0.49666666666666665
0.5
0.5
0.5
0.49666666666666665
0.5
0.5033333333333333
0.49666666666666665
0.5
0.5
0.49666666666666665
0.49666666666666665
0.5
0.49666666666666665
0.5
0.5
0.5
0.5
0.5033333333333333
0.5
0.5
0.5033333333333333
0.5
0.49666666666666665
0.5
0.5
0.5
0.5033333333333333
0.49666666666666665
0.49666666666666665
0.5
0.5
0.49666666666666665
0.49666666666666665
0.5
0.49666666666666665
0.5033333333333333
0.5
0.5
0.5033333333333333
0.5
0.5
0.49666666666666665
0.5
0.49666666666666665
0.5
0.5
0.5
0.49666666666666665
0.5033333333333333
0.5
0.5
0.49666666666666665
0.5033333333333333
0.5
0.5033333333333333
0.5
0.49333333333333335
0.5
0.5
0.5
0.5
0.5
0.5
0.5033333333333333
0.5
0.5
0.5
0.5
0.5
0.49666666666666665
0.49666666666666665
0.5
0.5
0.5
0.49666666666666665
0.49666666666666665
0.5
0.5033333333333333
0.49666666666666665
0.5
0.49666666666666665
0.5
0.5
0.5033333333333333
0.5033333333333333
0.5
0.5
0.5033333333333333
0.5
0.49333333333333335
0.5033333333333333
0.49666666666666665
0.49666666666666665
0.5033333333333333
0.49666666666666665
0.5033333333333333
0.49666666666666665
0.49666666666666665
0.49666666666666665
0.5033333333333333
0.5066666666666667
0.5
0.49666666666666665
0.5
0.49666666666666665
0.5
0.49666666666666665
0.5
0.5066666666666667
0.49666666666666665
0.49
0.49
0.5033333333333333
0.5033333333333333
0.5
0.5066666666666667
0.49666666666666665
0.5
0.5066666666666667
0.51
0.49333333333333335
0.5
0.5033333333333333
0.5033333333333333
0.4866666666666667
0.5033333333333333
0.5033333333333333
0.5
0.49
0.5033333333333333
0.5033333333333333
0.5
0.49666666666666665
0.49333333333333335
0.5
0.49333333333333335
0.49
0.5066666666666667
0.49666666666666665
0.49333333333333335
0.5
0.51
0.49333333333333335
0.49666666666666665
0.5
0.5033333333333333
0.5
0.49666666666666665
0.5066666666666667
0.4866666666666667
0.5066666666666667
0.5066666666666667
0.4866666666666667
0.5066666666666667
0.5033333333333333
0.49
0.49666666666666665
0.5
0.4959349593495935
0.5033333333333333
0.5117056856187291
0.5
0.5066666666666667
0.5033333333333333
0.5066666666666667
0.51
0.49666666666666665
0.5090252707581228
0.5
0.5
0.5033333333333333
0.5
0.51
0.5066666666666667
0.5
0.5133333333333333
0.49666666666666665
0.5117845117845118
0.49333333333333335
0.4911660777385159
0.5066666666666667
0.4863636363636364
0.5
0.5067567567567568
0.5033333333333333
0.5033333333333333
0.5133333333333333
0.5033333333333333
0.5
0.4942528735632184
0.5166666666666667
0.5066666666666667
0.51
0.51
0.51
0.5
0.5033333333333333
0.4959349593495935
0.5033333333333333
0.48770491803278687
0.51
0.5066666666666667
0.5033333333333333
0.508833922261484
0.5
0.5
0.5066666666666667
0.5066666666666667
0.5017921146953405
0.51
0.5066666666666667
0.5
0.5033333333333333
0.5
0.5
0.5
0.49666666666666665
0.5033333333333333
0.5
0.5033333333333333
0.5066666666666667
0.5033333333333333
0.5166666666666667
0.5033333333333333
0.5033333333333333
0.5033333333333333
0.5
0.5
0.5
0.5
0.5033333333333333
0.5066666666666667
0.5033333333333333
0.5
0.49333333333333335
0.5066666666666667
0.5033333333333333
0.5017921146953405
0.49666666666666665
0.5033333333333333
0.5066666666666667
0.49666666666666665
0.51
0.5
0.5033333333333333
0.5
0.49333333333333335
0.49666666666666665
0.49
0.5
0.5066666666666667
0.5
0.5
0.51
0.49666666666666665
0.5033333333333333
0.49666666666666665
0.5066666666666667
0.49333333333333335
0.51
0.5
0.5033333333333333
0.49
0.5033333333333333
0.5
0.5033333333333333
0.5033333333333333
0.51
0.5
0.5019305019305019
0.49666666666666665
0.5033333333333333
0.5066666666666667
0.49333333333333335
0.5033333333333333
0.5033333333333333
0.5033333333333333
0.5033333333333333
0.49333333333333335
0.49333333333333335
0.49666666666666665
0.5033333333333333
0.5066666666666667
0.5033333333333333
0.49333333333333335
0.5
0.49666666666666665
0.49333333333333335
0.49666666666666665
0.5066666666666667
0.5033333333333333
0.4961832061068702
0.49333333333333335
0.5033333333333333
0.49666666666666665
0.5
0.5033333333333333
0.5066666666666667
0.5066666666666667
0.49
0.5066666666666667
0.49333333333333335
0.5
0.5
0.49333333333333335
0.5
0.5033333333333333
0.51
0.49333333333333335
0.49
0.5037878787878788
0.49333333333333335
0.5
0.5066666666666667
0.5
0.5050167224080268
0.5
0.5
0.49666666666666665
0.5
0.5033333333333333
0.49333333333333335
0.51
0.51
0.51
0.49
0.5066666666666667
0.5033333333333333
0.5033333333333333
0.503731343283582
0.49828178694158076
0.5066666666666667
0.51
0.49666666666666665
0.5037878787878788
0.49333333333333335
0.5133333333333333
0.5033333333333333
0.5145985401459854
0.5033333333333333
0.4978902953586498
0.5033333333333333
0.5
0.5
0.5133333333333333
0.5066666666666667
0.49666666666666665
0.49808429118773945
0.5033333333333333
0.5
0.5066666666666667
0.49666666666666665
0.49666666666666665
0.5
0.5033333333333333
0.5035211267605634
0.5066666666666667
0.51
0.5
0.5133333333333333
0.51
0.5051194539249146
0.5066666666666667
0.5066666666666667
0.5066666666666667
0.5066666666666667
0.5033333333333333
0.5066666666666667
0.5166666666666667
0.5033333333333333
0.5
0.5066666666666667
0.5033333333333333
0.49666666666666665
0.52
0.5033333333333333
0.51
0.5033333333333333
0.5
0.5033333333333333
0.5133333333333333
0.5033333333333333
0.51
0.5
0.4890829694323144
0.5033333333333333
0.4965753424657534
0.51
0.5166666666666667
0.49333333333333335
0.5033333333333333
0.5033333333333333
0.5066666666666667
0.5033333333333333
0.5033333333333333
0.51
0.51
0.49666666666666665
0.5
0.5
0.5133333333333333
0.51
0.51
0.51
0.49666666666666665
0.51
0.5066666666666667
0.5033333333333333
0.5066666666666667
0.5
0.51
0.5066666666666667
0.5
0.49666666666666665
0.5033333333333333
0.5
0.5066666666666667
0.51
0.5066666666666667
0.49666666666666665
0.49333333333333335
0.5066666666666667
0.51
0.5
0.5033333333333333
0.5033333333333333
0.5033333333333333
0.5033333333333333
0.49666666666666665
0.5
0.5033333333333333
0.5
0.5033333333333333
0.5033333333333333
0.5
0.5033333333333333
0.5066666666666667
0.5066666666666667
0.5066666666666667
0.5033333333333333
0.5033333333333333
0.5
0.5033333333333333
0.5066666666666667
0.5033333333333333
0.5
0.5033333333333333
0.49666666666666665
0.5
0.5
0.49666666666666665
0.5033333333333333
0.5033333333333333
0.5033333333333333
0.5
0.5
0.5033333333333333
0.49666666666666665
0.49666666666666665
0.5
0.5
0.49666666666666665
0.5
0.49666666666666665
0.5
0.5
0.5
0.5017421602787456
0.5
0.510752688172043
0.5034246575342466
0.5151515151515151
0.5043103448275862
0.5120481927710844
0.5050167224080268
0.515625
0.5212121212121212
0.5046296296296297
0.5045045045045045
0.5080213903743316
0.5078534031413613
0.5076142131979695
0.5098039215686274
0.5074626865671642
0.5089285714285714
0.5138121546961326
0.5074626865671642
0.5129533678756477
0.5065502183406113
0.5106382978723404
0.510752688172043
0.5108695652173914
0.5068493150684932
0.509090909090909
0.5220125786163522
0.5066079295154186
0.5064935064935064
0.5056818181818182
0.5142857142857142
0.515527950310559
0.5113636363636364
0.5120772946859904
0.5073170731707317
0.5021645021645021
0.5043103448275862
0.5025125628140703
0.5070422535211268
0.5120481927710844
0.5043478260869565
0.5220125786163522
0.5069767441860465
0.5023255813953489
0.5080213903743316
0.5094339622641509
0.5048076923076923
0.5072463768115942
0.5027027027027027
0.514792899408284
0.5019762845849802
0.5084745762711864
0.5033333333333333
0.5022026431718062
0.5034013605442177
0.5
0.5
0.5029239766081871
0.5
0.5
0.49666666666666665
0.49333333333333335
0.5
0.5
0.5
0.5
0.5
0.5
0.49666666666666665
0.5
0.5
0.49666666666666665
0.5
0.5
0.5033333333333333
0.49666666666666665
0.5
0.5
0.5
0.5
0.5
0.49666666666666665
0.49666666666666665
0.5
0.5
0.5
0.49666666666666665
0.49666666666666665
0.5
0.5073891625615764
0.5
0.5033557046979866
0.5055555555555555
0.5043103448275862
0.5126582278481012
0.52046783625731
0.5170068027210885
0.5067873303167421
0.5089820359281437
0.5128205128205128
0.5104166666666666
0.514792899408284
0.5172413793103449
0.5048076923076923
0.5225806451612903
0.5263157894736842
0.524822695035461
0.51010101010101
0.5168539325842697
0.5223880597014925
0.5136612021857924
0.5238095238095238
0.5170454545454546
0.5209580838323353
0.525
0.527027027027027
0.5433070866141733
0.5241379310344828
0.5157232704402516
0.5290322580645161
0.5277777777777778
0.5317460317460317
0.525
0.5212121212121212
0.5316455696202531
0.5433070866141733
0.5310344827586206
0.5403225806451613
0.5511811023622047
0.5419847328244275
0.544
0.524822695035461
0.5447154471544715
0.5390070921985816
0.5514018691588785
0.5483870967741935
0.5413533834586466
0.5413533834586466
0.5433070866141733
0.5434782608695652
0.5474452554744526
0.5491803278688525
0.5428571428571428
0.5481481481481482
0.5384615384615384
0.5476190476190477
0.5596330275229358
0.5565217391304348
0.5298013245033113
0.5517241379310345
0.5409836065573771
0.5528455284552846
0.5384615384615384
0.535483870967742
0.5528455284552846
0.553030303030303
0.5526315789473685
0.5357142857142857
0.535483870967742
0.54
0.5373134328358209
0.5607476635514018
0.55
0.539568345323741
0.5491803278688525
0.5407407407407407
0.5462184873949579
0.5508474576271186
0.549618320610687
0.5508474576271186
0.5508474576271186
0.5424836601307189
0.5467625899280576
0.5528455284552846
0.5448275862068965
0.5454545454545454
0.5384615384615384
0.5522388059701493
0.5575221238938053
0.5546218487394958
0.547945205479452
0.5546218487394958
0.5538461538461539
0.5583333333333333
0.5565217391304348
0.5526315789473685
0.5546875
0.5537190082644629
0.5572519083969466
0.5524475524475524
0.5436241610738255
0.5625
0.5517241379310345
0.5555555555555556
0.5531914893617021
0.5652173913043478
0.5443037974683544
0.5666666666666667
0.5546875
0.5546218487394958
0.5565217391304348
0.5467625899280576
0.5634920634920635
0.5573770491803278
0.5522388059701493
0.5689655172413793
0.5619834710743802
0.553030303030303
0.5528455284552846
0.5545454545454546
0.5583333333333333
0.5486111111111112
0.5573770491803278
0.5572519083969466
0.5481481481481482
0.5384615384615384
0.5514705882352942
0.5572519083969466
0.5474452554744526
0.5522388059701493
0.55
0.5603448275862069
0.5476190476190477
0.5419847328244275
0.5414012738853503
0.5441176470588235
0.5454545454545454
0.5414012738853503
0.5416666666666666
0.5511811023622047
0.5454545454545454
0.5424836601307189
0.55
0.5476190476190477
0.5333333333333333
0.5428571428571428
0.5375
0.5333333333333333
0.5413533834586466
0.5454545454545454
0.5555555555555556
0.5280898876404494
0.538961038961039
0.5321637426900585
0.5298013245033113
0.5421686746987951
0.543046357615894
0.5413533834586466
0.5538461538461539
0.5416666666666666
0.5441176470588235
0.5384615384615384
0.5379746835443038
0.5308641975308642
0.5316455696202531
0.5507246376811594
0.5389221556886228
0.5369127516778524
0.549618320610687
0.5416666666666666
0.5369127516778524
0.5447761194029851
0.5503875968992248
0.5314285714285715
0.5426829268292683
0.5365853658536586
0.536144578313253
0.5340909090909091
0.5522388059701493
0.5394736842105263
0.5402298850574713
0.5428571428571428
0.5397727272727273
0.5546218487394958
0.5603448275862069
0.5434782608695652
0.5401459854014599
0.5384615384615384
0.5476190476190477
0.5416666666666666
0.5398773006134969
0.5472972972972973
0.5503875968992248
0.5517241379310345
0.5490196078431373
0.546875
0.5474452554744526
0.549618320610687
0.54421768707483
0.5380116959064327
0.5359116022099447
0.5476190476190477
0.5436241610738255
0.5401459854014599
0.5447761194029851
0.5522388059701493
0.553030303030303
0.5375
0.5379746835443038
0.5441176470588235
0.5348837209302325
0.5357142857142857
0.5441176470588235
0.5416666666666666
0.5393939393939394
0.5401459854014599
0.5424836601307189
0.5460992907801419
0.541095890410959
0.5476190476190477
0.5434782608695652
0.5488721804511278
0.5333333333333333
0.5407407407407407
0.5379310344827586
0.5424836601307189
0.543046357615894
0.5284090909090909
0.5447761194029851
0.5454545454545454
0.5517241379310345
0.5375
0.5414012738853503
0.5443037974683544
0.5365853658536586
0.5414012738853503
0.5573770491803278
0.55
0.5447761194029851
0.5393939393939394
0.55
0.535483870967742
0.536144578313253
0.549618320610687
0.5405405405405406
0.5522388059701493
0.5564516129032258
0.5283018867924528
0.5434782608695652
0.5337837837837838
0.5375
0.5403225806451613
0.546875
0.5304878048780488
0.5447761194029851
0.5357142857142857
0.5373134328358209
0.5401459854014599
0.5369127516778524
0.5257142857142857
0.5359477124183006
0.5294117647058824
0.5325443786982249
0.5256410256410257
0.5302013422818792
0.532051282051282
0.5253164556962026
0.5290322580645161
0.5225806451612903
0.5177664974619289
0.5185185185185185
0.5185185185185185
0.5177664974619289
0.5157894736842106
0.5104166666666666
0.504424778761062
0.5065502183406113
0.5161290322580645
0.5018181818181818
0.5049019607843137
0.5033333333333333
0.5042735042735043
0.5033333333333333
0.5
0.5033333333333333
0.5
0.5033333333333333
0.5
0.5033333333333333
0.5
0.5
0.5
0.5
0.49666666666666665
0.49666666666666665
0.5033333333333333
0.49666666666666665
0.5
0.5
0.5
0.5
0.5
0.49666666666666665
0.5033333333333333
0.5033333333333333
0.49666666666666665
0.5
0.5
0.5033333333333333
0.5
0.5
0.5
0.49666666666666665
0.5
0.5033333333333333
0.5
0.5
0.5
0.5
0.5033333333333333
0.5
0.5
0.49666666666666665
0.5
0.5
0.49666666666666665
0.5
0.5033333333333333
0.5
0.5
0.5033333333333333
0.5
0.5
0.5
0.5
0.5
0.49666666666666665
0.5
0.5033333333333333
0.5
0.5
0.5
0.5
0.49666666666666665
0.5
0.5
0.5033333333333333
0.49666666666666665
0.5
0.5
0.5
0.49666666666666665
0.5
0.5
0.5033333333333333
0.5033333333333333
0.5
0.5033333333333333
0.5
0.5
0.5033333333333333
0.5033333333333333
0.5
0.5
0.5066666666666667
0.5
0.5
