0.5806451612903226
0.5333333333333333
0.5238095238095238
0.4074074074074074
0.5813953488372093
0.4074074074074074
0.5555555555555556
0.5555555555555556
0.42857142857142855
0.6875
0.2857142857142857
0.5185185185185185
0.47368421052631576
0.34782608695652173
0.3125
0.6
0.5142857142857142
0.55
0.48148148148148145
0.4117647058823529
0.45454545454545453
0.5
0.4444444444444444
0.41818181818181815
0.5769230769230769
0.5252525252525253
0.5405405405405406
0.5238095238095238
0.5333333333333333
0.4782608695652174
0.5294117647058824
0.4642857142857143
0.5066666666666667
0.52
0.4666666666666667
0.5348837209302325
0.48
0.49411764705882355
0.45454545454545453
0.5256410256410257
0.5299145299145299
0.48333333333333334
0.48214285714285715
0.4791666666666667
0.5072463768115942
0.5286624203821656
0.5193798449612403
0.5357142857142857
0.49537037037037035
0.49101796407185627
0.4854368932038835
0.48484848484848486
0.47058823529411764
0.4725274725274725
0.4945054945054945
0.5229357798165137
0.518796992481203
0.45454545454545453
0.4878048780487805
0.5124378109452736
0.46511627906976744
0.5
0.49236641221374045
0.49666666666666665
0.5066666666666667
0.4626865671641791
0.4843205574912892
0.5066666666666667
0.4727272727272727
0.48695652173913045
0.4956896551724138
0.4782608695652174
0.48175182481751827
0.5038167938931297
0.4858757062146893
0.4805194805194805
0.49206349206349204
0.49714285714285716
0.45535714285714285
0.508130081300813
0.5020576131687243
0.5
0.5051194539249146
0.47
0.4965034965034965
0.49333333333333335
0.45454545454545453
0.4866666666666667
0.5111111111111111
0.509090909090909
0.488
0.49765258215962443
0.4968152866242038
0.49666666666666665
0.49
0.4895833333333333
0.49
0.502262443438914
0.5147058823529411
0.4782608695652174
0.48066298342541436
0.4583333333333333
0.49666666666666665
0.5066666666666667
0.5076923076923077
0.5106382978723404
0.49
0.5263157894736842
0.5126050420168067
0.4727272727272727
0.49074074074074076
0.5
0.5058823529411764
0.49
0.47692307692307695
0.5123152709359606
0.5066666666666667
0.47572815533980584
0.4956521739130435
0.5033333333333333
0.4953271028037383
0.5112781954887218
0.5
0.5
0.4946236559139785
0.47959183673469385
0.5370370370370371
0.5
0.5113636363636364
0.48559670781893005
0.49666666666666665
0.5
0.5066666666666667
0.5225225225225225
0.5
0.51
0.5108695652173914
0.5115384615384615
0.49333333333333335
0.456
0.4909090909090909
0.5290697674418605
0.5125628140703518
0.515358361774744
0.5084175084175084
0.49
0.5
0.5240384615384616
0.5033333333333333
0.5033333333333333
0.5172413793103449
0.4909090909090909
0.5118483412322274
0.49666666666666665
0.5033333333333333
0.5054151624548736
0.5044642857142857
0.4866666666666667
0.5033333333333333
0.5
0.48639455782312924
0.5169491525423728
0.4913294797687861
0.49333333333333335
0.5133333333333333
0.4838709677419355
0.5066666666666667
0.49333333333333335
0.49666666666666665
0.5121951219512195
0.48175182481751827
0.5138888888888888
0.5038167938931297
0.5233644859813084
0.5
0.504950495049505
0.5
0.5
0.49333333333333335
0.4866666666666667
0.49333333333333335
0.49666666666666665
0.49666666666666665
0.5066666666666667
0.5033333333333333
0.5128205128205128
0.5133333333333333
0.49666666666666665
0.5121951219512195
0.49
0.5033333333333333
0.48404255319148937
0.51
0.5
0.5
0.5
0.4945054945054945
0.4866666666666667
0.49666666666666665
0.5066666666666667
0.49333333333333335
0.49333333333333335
0.5033333333333333
0.49333333333333335
0.49666666666666665
0.5
0.51
0.49
0.49333333333333335
0.49333333333333335
0.49666666666666665
0.5066666666666667
0.49666666666666665
0.5033333333333333
0.49333333333333335
0.5
0.49333333333333335
0.49230769230769234
0.5
0.5
0.5026178010471204
0.51
0.5
0.49666666666666665
0.49666666666666665
0.49
0.5055762081784386
0.49
0.5
0.49333333333333335
0.5
0.49666666666666665
0.5066666666666667
0.49746192893401014
0.4866666666666667
0.49333333333333335
0.49333333333333335
0.5033333333333333
0.49
0.5033333333333333
0.49
0.49333333333333335
0.5
0.49333333333333335
0.49333333333333335
0.5019607843137255
0.5033333333333333
0.496551724137931
0.5033333333333333
0.49666666666666665
0.49666666666666665
0.4779116465863454
0.5
0.49666666666666665
0.49666666666666665
0.5066666666666667
0.51
0.5057915057915058
0.5033333333333333
0.5
0.5033333333333333
0.49
0.49666666666666665
0.5066666666666667
0.4965986394557823
0.5
0.49666666666666665
0.49666666666666665
0.49666666666666665
0.49
0.4965753424657534
0.5133333333333333
0.49
0.5066666666666667
0.5
0.49
0.5033333333333333
0.49666666666666665
0.5033333333333333
0.5066666666666667
0.51
0.49038461538461536
0.5
0.5033333333333333
0.49
0.49666666666666665
0.49333333333333335
0.5033333333333333
0.49666666666666665
0.5
0.4954954954954955
0.5
0.49666666666666665
0.49333333333333335
0.49
0.5018181818181818
0.5033333333333333
0.5
0.5
0.5
0.4866666666666667
0.5133333333333333
0.48333333333333334
0.5
0.49
0.49333333333333335
0.5
0.49666666666666665
0.5033333333333333
0.49333333333333335
0.49333333333333335
0.5
0.49
0.49333333333333335
0.5066666666666667
0.49333333333333335
0.49666666666666665
0.49666666666666665
0.49333333333333335
0.5
0.49
0.5
0.5
0.49
0.5
0.5033333333333333
0.4866666666666667
0.49666666666666665
0.5
0.49333333333333335
0.4866666666666667
0.5
0.5
0.5033333333333333
0.5033333333333333
0.49333333333333335
0.5
0.5
0.5033333333333333
0.49666666666666665
0.5
0.51
0.51
0.5
0.51
0.5066666666666667
0.49333333333333335
0.5
0.5
0.51
0.5
0.5066666666666667
0.5066666666666667
0.5033333333333333
0.5066666666666667
0.5
0.5
0.5066666666666667
0.51
0.5066666666666667
0.49
0.5066666666666667
0.5033333333333333
0.5066666666666667
0.5033333333333333
0.5066666666666667
0.49333333333333335
0.5133333333333333
0.5069124423963134
0.5
0.5033333333333333
0.51
0.5
0.5066666666666667
0.5
0.51
0.5033333333333333
0.5033333333333333
0.5
0.5033333333333333
0.49
0.5033333333333333
0.5033333333333333
0.5066666666666667
0.5033333333333333
0.51
0.5033333333333333
0.49333333333333335
0.5033333333333333
0.5023923444976076
0.5
0.4915254237288136
0.5
0.4930875576036866
0.5066666666666667
0.5133333333333333
0.49666666666666665
0.5
0.49333333333333335
0.4926829268292683
0.49666666666666665
0.5
0.5033333333333333
0.5
0.5071090047393365
0.5066666666666667
0.5
0.5066666666666667
0.49666666666666665
0.5098039215686274
0.5113636363636364
0.5066666666666667
0.5066666666666667
0.49333333333333335
0.5
0.5
0.5091575091575091
0.496551724137931
0.49333333333333335
0.49
0.5033333333333333
0.48760330578512395
0.51
0.49666666666666665
0.5066666666666667
0.5066666666666667
0.5082872928176796
0.49666666666666665
0.5033333333333333
0.49333333333333335
0.5066666666666667
0.5051546391752577
0.5066666666666667
0.5
0.5066666666666667
0.5
0.5033333333333333
0.5
0.49666666666666665
0.5
0.49666666666666665
0.5
0.49
0.49666666666666665
0.5066666666666667
0.5
0.5066666666666667
0.49333333333333335
0.5033333333333333
0.49666666666666665
0.51
0.5033333333333333
0.5066666666666667
0.49666666666666665
0.5
0.5066666666666667
0.49333333333333335
0.5
0.49333333333333335
0.5066666666666667
0.49333333333333335
0.49333333333333335
0.5066666666666667
0.5033333333333333
0.5
0.49
0.5033333333333333
0.5033333333333333
0.5066666666666667
0.49333333333333335
0.5033333333333333
0.5033333333333333
0.5
0.5
0.51
0.49666666666666665
0.5114155251141552
0.49666666666666665
0.5066666666666667
0.525
0.5033333333333333
0.5
0.5178571428571429
0.5263157894736842
0.5066666666666667
0.49666666666666665
0.49333333333333335
0.5016949152542373
0.5066666666666667
0.5370370370370371
0.49333333333333335
0.5092592592592593
0.49666666666666665
0.4975609756097561
0.5033333333333333
0.5033333333333333
0.5
0.5066666666666667
0.49333333333333335
0.5
0.5033333333333333
0.49333333333333335
0.5092250922509225
0.5
0.510548523206751
0.5
0.51
0.5087108013937283
0.5112359550561798
0.5041322314049587
0.5051194539249146
0.5019157088122606
0.5079365079365079
0.5066666666666667
0.5066666666666667
0.5058365758754864
0.49666666666666665
0.5092250922509225
0.5133333333333333
0.5035971223021583
0.5294117647058824
0.5033333333333333
0.4980694980694981
0.5
0.49666666666666665
0.5
0.5033333333333333
0.5
0.5051546391752577
0.5
0.5066666666666667
0.5033333333333333
0.5033333333333333
0.5033333333333333
0.49666666666666665
0.5066666666666667
0.5066666666666667
0.5081967213114754
0.49666666666666665
0.5066666666666667
0.5033333333333333
0.5033333333333333
0.5033333333333333
0.49159663865546216
0.51
0.5
0.5
0.49666666666666665
0.5
0.5
0.51
0.5033333333333333
0.49666666666666665
0.5121951219512195
0.5
0.5
0.5033333333333333
0.5
0.49333333333333335
0.4898989898989899
0.49666666666666665
0.5217391304347826
0.5
0.5375
0.49333333333333335
0.5033333333333333
0.5
0.4876543209876543
0.49666666666666665
0.49
0.49666666666666665
0.5079365079365079
0.49333333333333335
0.5017301038062284
0.49777777777777776
0.49666666666666665
0.5068493150684932
0.49666666666666665
0.5037037037037037
0.49333333333333335
0.49746192893401014
0.5
0.5
0.5
0.5
0.49333333333333335
0.4866666666666667
0.4913294797687861
0.5
0.5033333333333333
0.49812734082397003
0.5084745762711864
0.5033333333333333
0.51
0.5114503816793893
0.5
0.49666666666666665
0.52
0.5
0.51
0.5
0.5
0.5033333333333333
0.4966887417218543
0.5033333333333333
0.5
0.5033333333333333
0.49333333333333335
0.5066666666666667
0.49333333333333335
0.5033333333333333
0.5
0.49333333333333335
0.48947368421052634
0.5
0.5033333333333333
0.5
0.5033333333333333
0.5033333333333333
0.49333333333333335
0.5
0.49666666666666665
0.5033333333333333
0.5
0.49666666666666665
0.49666666666666665
0.49333333333333335
0.5033333333333333
0.51
0.49666666666666665
0.49666666666666665
0.49333333333333335
0.5033333333333333
0.5081967213114754
0.49666666666666665
0.49333333333333335
0.49666666666666665
0.49333333333333335
0.49666666666666665
0.5033333333333333
0.49666666666666665
0.5066666666666667
0.5033333333333333
0.5
0.5
0.5
0.5033333333333333
0.49666666666666665
0.5
0.5
0.49333333333333335
0.49333333333333335
0.5
0.4921875
0.49666666666666665
0.4866666666666667
0.5
0.5033333333333333
0.5066666666666667
0.5033333333333333
0.4982698961937716
0.5
0.5066666666666667
0.5
0.5033333333333333
0.51
0.5066666666666667
0.5
0.49333333333333335
0.5
0.5033333333333333
0.5033333333333333
0.5066666666666667
0.5
0.5033333333333333
0.5033333333333333
0.5
0.5066666666666667
0.5033333333333333
0.5033333333333333
0.5066666666666667
0.5
0.5033333333333333
0.5
0.5
0.5033333333333333
0.5
0.5
0.5
0.49666666666666665
0.49333333333333335
0.49333333333333335
0.5
0.5
0.5
0.49333333333333335
0.49666666666666665
0.49673202614379086
0.5033333333333333
0.5
0.5
0.49666666666666665
0.49333333333333335
0.5
0.49666666666666665
0.49666666666666665
0.5066666666666667
0.49666666666666665
0.49333333333333335
0.5033333333333333
0.5033333333333333
0.49666666666666665
0.49666666666666665
0.5
0.5
0.5
0.5
0.5033333333333333
0.5
0.5
0.5
0.49333333333333335
0.5033333333333333
0.5
0.5033333333333333
0.5033333333333333
0.49666666666666665
0.5066666666666667
0.49666666666666665
0.49666666666666665
0.5033333333333333
0.5
0.49666666666666665
0.5033333333333333
0.49666666666666665
0.5066666666666667
0.49333333333333335
0.5033333333333333
0.49333333333333335
0.5
0.5033333333333333
0.5033333333333333
0.49666666666666665
0.49666666666666665
0.5
0.49666666666666665
0.5066666666666667
0.5033333333333333
0.5033333333333333
0.5
0.51
0.5
0.49333333333333335
0.49666666666666665
0.5
0.49666666666666665
0.5066666666666667
0.5
0.5
0.5033333333333333
0.5
0.5
0.49666666666666665
0.5033333333333333
0.5033333333333333
0.49666666666666665
0.5
0.5
0.5
0.49333333333333335
0.5
0.49666666666666665
0.5033333333333333
0.5
0.5
0.5
0.5
0.5033333333333333
0.5033333333333333
0.5033333333333333
0.49666666666666665
0.5033333333333333
0.5
0.5033333333333333
0.5
0.5
0.5033333333333333
0.49666666666666665
0.49333333333333335
0.5
0.49666666666666665
0.49666666666666665
0.5033333333333333
0.5033333333333333
0.5
0.5
0.5033333333333333
0.5033333333333333
0.5033333333333333
0.49666666666666665
0.5
0.49333333333333335
0.5
0.5
0.5033333333333333
0.5033333333333333
0.5033333333333333
0.49666666666666665
0.5
0.5033333333333333
0.5
0.49666666666666665
0.49333333333333335
0.5033333333333333
0.5
0.49666666666666665
0.49666666666666665
0.5
0.5
0.5
0.49333333333333335
0.49666666666666665
0.5066666666666667
0.5
0.49666666666666665
0.5033333333333333
0.49666666666666665
0.5033333333333333
0.5033333333333333
0.5
0.49666666666666665
0.5
0.5
0.5
0.5033333333333333
0.49333333333333335
0.5
0.5
0.5
0.49666666666666665
0.5
0.5
0.5033333333333333
0.5
0.5033333333333333
0.49666666666666665
0.5033333333333333
0.5
0.5033333333333333
0.5
0.5033333333333333
0.5033333333333333
0.5066666666666667
0.5033333333333333
0.5
0.49666666666666665
0.49666666666666665
0.5033333333333333
0.5033333333333333
0.49666666666666665
0.5
0.5033333333333333
0.49666666666666665
0.49666666666666665
0.508833922261484
0.5033333333333333
0.5
0.49666666666666665
0.49666666666666665
0.5
0.5
0.5066666666666667
0.5
0.5
0.5
0.5040650406504065
0.5033333333333333
0.49666666666666665
0.49666666666666665
0.5
0.5066666666666667
0.5
0.5033333333333333
0.5066666666666667
0.5
0.49333333333333335
0.5
0.5
0.5
0.5
0.5033333333333333
0.49333333333333335
0.49666666666666665
0.5
0.5033333333333333
0.5066666666666667
0.5
0.5
0.5033333333333333
0.5033333333333333
0.5066666666666667
0.5033333333333333
0.5066666666666667
0.5033333333333333
0.5066666666666667
0.5
0.5033333333333333
0.5033333333333333
0.51
0.5066666666666667
0.5
0.5
0.49666666666666665
0.50625
0.49666666666666665
0.49666666666666665
0.49666666666666665
0.49333333333333335
0.49666666666666665
0.5033333333333333
0.49666666666666665
0.5033333333333333
0.5
0.5066666666666667
0.5033333333333333
0.5066666666666667
0.51
0.5033333333333333
0.49666666666666665
0.5033333333333333
0.5033333333333333
0.5
0.49666666666666665
0.5066666666666667
0.5
0.5
0.5
0.5033333333333333
0.5
0.5033333333333333
0.5
0.5
0.5066666666666667
0.5033333333333333
0.5
0.5033333333333333
0.51
0.5066666666666667
0.51
0.5
0.5
0.49666666666666665
0.5
0.5133333333333333
0.49666666666666665
0.4928571428571429
0.5
0.49666666666666665
0.5033333333333333
0.5066666666666667
0.4866666666666667
0.5
0.49666666666666665
0.51
0.5033333333333333
0.51
0.49206349206349204
0.4981549815498155
0.49333333333333335
0.49814126394052044
0.5081967213114754
0.5036496350364964
0.49666666666666665
0.5066666666666667
0.49411764705882355
0.4933920704845815
0.48698884758364314
0.49666666666666665
0.49818181818181817
0.5
0.5
0.5048076923076923
0.49477351916376305
0.49666666666666665
0.49173553719008267
0.49666666666666665
0.49333333333333335
0.49666666666666665
0.49333333333333335
0.49333333333333335
0.5033333333333333
0.49794238683127573
0.5033333333333333
0.5033333333333333
0.5111111111111111
0.5
0.4965277777777778
0.5066666666666667
0.49333333333333335
0.5121951219512195
