0.5033333333333333
0.5
0.49666666666666665
0.5
0.5033333333333333
0.5
0.5033333333333333
0.5
0.49666666666666665
0.5
0.49666666666666665
0.49666666666666665
0.5
0.5033333333333333
0.5033333333333333
0.5
0.5
0.5
0.49333333333333335
0.5
0.5
0.5033333333333333
0.5
0.5
0.5
0.5
0.5033333333333333
0.5033333333333333
0.5033333333333333
0.5
0.5
0.5
0.5
0.5
0.5
0.5033333333333333
0.5033333333333333
0.5
0.5
0.5
0.5033333333333333
0.49666666666666665
0.49666666666666665
0.5
0.5
0.5
0.5033333333333333
0.49666666666666665
0.5
0.5
0.5
0.5
0.5
0.5
0.5033333333333333
0.5066666666666667
0.5033333333333333
0.5
0.5033333333333333
0.5
0.5033333333333333
0.5033333333333333
0.5
0.5033333333333333
0.5033333333333333
0.5033333333333333
0.5
0.5
0.5033333333333333
0.5033333333333333
0.5033333333333333
0.49666666666666665
0.5
0.5033333333333333
0.5033333333333333
0.5
0.5033333333333333
0.5
0.5033333333333333
0.5033333333333333
0.49666666666666665
0.5066666666666667
0.5
0.5033333333333333
0.5033333333333333
0.5033333333333333
0.5066666666666667
0.5033333333333333
0.5033333333333333
0.5033333333333333
0.5
0.5033333333333333
0.5
0.5
0.5033333333333333
0.5
0.5033333333333333
0.5
0.5
0.5033333333333333
0.5
0.5
0.5033333333333333
0.5
0.5
0.5033333333333333
0.5033333333333333
0.5
0.5
0.5
0.5
0.5
0.5
0.5
0.5033333333333333
0.5
0.5
0.5
0.49666666666666665
0.5
0.5
0.5
0.5033333333333333
0.5
0.5033333333333333
0.5033333333333333
0.5033333333333333
0.5
0.5
0.5033333333333333
0.5
0.5
0.49666666666666665
0.5033333333333333
0.5033333333333333
0.5
0.49666666666666665
0.49666666666666665
0.5
0.5
0.49666666666666665
0.5
0.5
0.5
0.49666666666666665
0.5033333333333333
0.5
0.5066666666666667
0.5
0.5033333333333333
0.5
0.5066666666666667
0.5033333333333333
0.5034722222222222
0.5051546391752577
0.5078125
0.5075187969924813
0.5036231884057971
0.5055350553505535
0.5035714285714286
0.5020408163265306
0.5061728395061729
0.5019011406844106
0.5037593984962406
0.5053763440860215
0.5038759689922481
0.5084033613445378
0.508130081300813
0.5067567567567568
0.5081967213114754
0.5
0.5066666666666667
0.5033333333333333
0.5051194539249146
0.5067567567567568
0.5033333333333333
0.5033333333333333
0.5033333333333333
0.5033333333333333
0.5033333333333333
0.5033333333333333
0.5
0.5066666666666667
0.5033333333333333
0.5033333333333333
0.5033333333333333
0.5
0.5
0.5033333333333333
0.5033333333333333
0.5033333333333333
0.5
0.5033333333333333
0.5
0.5
0.5033333333333333
0.5
0.5
0.5033333333333333
0.5033333333333333
0.5066666666666667
0.5
0.5033333333333333
0.5033557046979866
0.5066666666666667
0.5033333333333333
0.5033333333333333
0.5066666666666667
0.5033333333333333
0.49666666666666665
0.5
0.5033333333333333
0.5033333333333333
0.5033333333333333
0.5066666666666667
0.5034013605442177
0.5053003533568905
0.5033333333333333
0.51
0.5054945054945055
0.5053003533568905
0.5054151624548736
0.5055350553505535
0.5038167938931297
0.5054945054945055
0.5074626865671642
0.5067114093959731
0.5054945054945055
0.5057915057915058
0.5033783783783784
0.50390625
0.5034965034965035
0.5033333333333333
0.5038461538461538
0.5033333333333333
0.5066666666666667
0.5033333333333333
0.5033333333333333
0.5066666666666667
0.49666666666666665
0.5033333333333333
0.5
0.5033333333333333
0.5
0.5
0.5033333333333333
0.5033333333333333
0.49666666666666665
0.5033333333333333
0.5033333333333333
0.5033333333333333
0.5
0.5033333333333333
0.5033333333333333
0.5033333333333333
0.5
0.5
0.5
0.5
0.5
0.5
0.5033333333333333
0.49666666666666665
0.5033333333333333
0.5
0.5
0.5
0.5
0.5033333333333333
0.49666666666666665
0.5066666666666667
0.5033333333333333
0.5033333333333333
0.5
0.5
0.5
0.5033333333333333
0.5
0.49666666666666665
0.5
0.5033333333333333
0.5033333333333333
0.5033333333333333
0.5033333333333333
0.5033333333333333
0.49666666666666665
0.5033333333333333
0.5
0.5
0.5033333333333333
0.49666666666666665
0.5033333333333333
0.5
0.5
0.5033333333333333
0.5
0.5
0.5
0.5
0.5066666666666667
0.5
0.5033333333333333
0.5
0.5033333333333333
0.5033333333333333
0.5
0.5033333333333333
0.5
0.49666666666666665
0.5
0.5
0.5033333333333333
0.5033333333333333
0.5033333333333333
0.5
0.5
0.5
0.5
0.5033333333333333
0.5033333333333333
0.5033333333333333
0.5
0.5
0.5033333333333333
0.5033333333333333
0.5033333333333333
0.5033333333333333
0.5033333333333333
0.5033333333333333
0.5033333333333333
0.5
0.49666666666666665
0.5033333333333333
0.5
0.5
0.5033333333333333
0.5033333333333333
0.5
0.5033333333333333
0.5
0.5033333333333333
0.5
0.5033333333333333
0.49666666666666665
0.5
0.5033333333333333
0.49666666666666665
0.5033333333333333
0.49666666666666665
0.5033333333333333
0.5
0.5
0.5
0.5
0.5
0.5
0.5
0.49666666666666665
0.49666666666666665
0.5
0.49666666666666665
0.5
0.5
0.5
0.49666666666666665
0.5
0.5
0.5066666666666667
0.5
0.5
0.5033333333333333
0.5
0.5066666666666667
0.5033333333333333
0.5
0.5033333333333333
0.5033333333333333
0.5033333333333333
0.5033333333333333
0.5033333333333333
0.5
0.5033333333333333
0.5
0.5033333333333333
0.49666666666666665
0.5
0.5033333333333333
0.5033333333333333
0.49666666666666665
0.5
0.5
0.5033333333333333
0.49666666666666665
0.5033333333333333
0.49666666666666665
0.5033333333333333
0.5033333333333333
0.5033333333333333
0.49666666666666665
0.5033333333333333
0.5
0.5
0.5
0.5
0.5033333333333333
0.5
0.5
0.5
0.5
0.5
0.5
0.5033333333333333
0.5
0.5
0.5033333333333333
0.5033333333333333
0.5
0.5033333333333333
0.49666666666666665
0.5
0.5
0.49666666666666665
0.5
0.5033333333333333
0.5
0.5
0.5
0.49666666666666665
0.49666666666666665
0.49666666666666665
0.5
0.5
0.5
0.5
0.5033333333333333
0.5033333333333333
0.5033333333333333
0.5
0.5066666666666667
0.5033333333333333
0.49666666666666665
0.5
0.5
0.5
0.49666666666666665
0.5
0.5033333333333333
0.5
0.5033333333333333
0.5
0.5033333333333333
0.5
0.5
0.5033333333333333
0.5
0.5
0.5033333333333333
0.5
0.5033333333333333
0.5
0.5
0.5033333333333333
0.5033333333333333
0.5033333333333333
0.5
0.5
0.5
0.5
0.5
0.5
0.5
0.5033333333333333
0.5066666666666667
0.5033333333333333
0.5
0.5
0.5
0.5
0.5066666666666667
0.5066666666666667
0.5
0.5
0.49666666666666665
0.5
0.5
0.49666666666666665
0.5033333333333333
0.5
0.5
0.5033333333333333
0.49666666666666665
0.5033333333333333
0.5
0.5
0.5033333333333333
0.5
0.5
0.5033333333333333
0.5
0.5
0.5033333333333333
0.5033333333333333
0.5
0.5033333333333333
0.5
0.5
0.5
0.5033333333333333
0.5033333333333333
0.5033333333333333
0.5066666666666667
0.5033333333333333
0.5
0.5066666666666667
0.5
0.5033333333333333
0.5066666666666667
0.5033333333333333
0.5
0.5
0.5066666666666667
0.5
0.5
0.5033333333333333
0.5
0.5066666666666667
0.5033333333333333
0.5
0.5033333333333333
0.5033333333333333
0.5033333333333333
0.5033333333333333
0.5033333333333333
0.5033333333333333
0.5033333333333333
0.5033333333333333
0.5
0.5
0.5033333333333333
0.5066666666666667
0.49666666666666665
0.5066666666666667
0.5
0.5
0.49666666666666665
0.5033333333333333
0.5033333333333333
0.5033333333333333
0.5033333333333333
0.5033333333333333
0.5033333333333333
0.5
0.5033333333333333
0.5033333333333333
0.49666666666666665
0.5033333333333333
0.5033333333333333
0.5
0.5033333333333333
0.5
0.5
0.5033333333333333
0.5033333333333333
0.5033333333333333
0.5033333333333333
0.5033333333333333
0.5033333333333333
0.5033333333333333
0.5033333333333333
0.5033333333333333
0.5066666666666667
0.5033333333333333
0.5033333333333333
0.5066666666666667
0.5
0.5033333333333333
0.5066666666666667
0.5
0.5066666666666667
0.5033333333333333
0.5033333333333333
0.5066666666666667
0.5033333333333333
0.503448275862069
0.5034246575342466
0.5033333333333333
0.505338078291815
0.506993006993007
0.5067567567567568
0.5072992700729927
0.5085910652920962
0.5035460992907801
0.5067567567567568
0.5066666666666667
0.5072463768115942
0.5038461538461538
0.5097276264591439
0.5035971223021583
0.5087108013937283
0.5071428571428571
0.5068027210884354
0.5033783783783784
0.5071428571428571
0.5095057034220533
0.5050505050505051
0.506896551724138
0.5054545454545455
0.5050847457627119
0.5097276264591439
0.5094339622641509
0.5078740157480315
0.5075757575757576
0.5070422535211268
0.5105633802816901
0.5078740157480315
0.5104602510460251
0.5100401606425703
0.5086206896551724
0.5085470085470085
0.5112107623318386
0.5066079295154186
0.508695652173913
0.5077519379844961
0.5124378109452736
0.5084033613445378
0.5083333333333333
0.5120772946859904
0.5113122171945701
0.5110132158590308
0.5133928571428571
0.5099009900990099
0.5093457943925234
0.5138888888888888
0.511520737327189
0.5117370892018779
0.5294117647058824
0.509090909090909
0.515695067264574
0.509090909090909
0.5094339622641509
0.5069767441860465
0.5164319248826291
0.5119617224880383
0.512396694214876
0.5108225108225108
0.5169082125603864
0.5138888888888888
0.5113122171945701
0.5178571428571429
0.5151515151515151
0.5144230769230769
0.5138888888888888
0.5103734439834025
0.5124378109452736
0.5098039215686274
0.5107296137339056
0.5089285714285714
0.5132743362831859
0.5130434782608696
0.5132743362831859
0.5110132158590308
0.5072463768115942
0.5136363636363637
0.515695067264574
0.5128205128205128
0.5084745762711864
0.5130434782608696
0.5064377682403434
0.5084745762711864
0.5117370892018779
0.5127118644067796
0.5098814229249012
0.5106382978723404
0.508130081300813
0.510548523206751
0.5150214592274678
0.5140562248995983
0.5112107623318386
0.5062240663900415
0.5093632958801498
0.5064935064935064
0.5169491525423728
0.5129310344827587
0.5103734439834025
0.5130434782608696
0.5111111111111111
0.514018691588785
0.5102880658436214
0.5129310344827587
0.5129310344827587
0.5133928571428571
0.5064377682403434
0.5142857142857142
0.5125628140703518
0.5135135135135135
0.5135135135135135
0.5116279069767442
0.518348623853211
0.5063829787234042
0.5127118644067796
0.5131578947368421
0.5096153846153846
0.5088495575221239
0.5112107623318386
0.5106382978723404
0.5147679324894515
0.5147679324894515
0.5148936170212766
0.5104602510460251
0.5075187969924813
0.509090909090909
0.508130081300813
0.5041322314049587
0.5061224489795918
0.508
0.5078740157480315
0.5075757575757576
0.5075757575757576
0.506896551724138
0.5085910652920962
0.5033333333333333
0.5108695652173914
0.5033333333333333
0.5066666666666667
0.5066666666666667
0.5066666666666667
0.5066666666666667
0.5033333333333333
0.5066666666666667
0.5066666666666667
0.5033333333333333
0.5033333333333333
0.5033333333333333
0.5033333333333333
0.5066666666666667
0.5033333333333333
0.5066666666666667
0.5033333333333333
0.5033333333333333
0.5033333333333333
0.5033333333333333
0.5033333333333333
0.5033333333333333
0.5066666666666667
0.5
0.5066666666666667
0.5033333333333333
0.5066666666666667
0.5068027210884354
0.5066666666666667
0.51
0.5066666666666667
0.5102739726027398
0.5066666666666667
0.5066666666666667
0.5083612040133779
0.5050847457627119
0.5066666666666667
0.5070422535211268
0.5091575091575091
0.5092250922509225
0.5070921985815603
0.5052631578947369
0.506896551724138
0.5052631578947369
0.5076923076923077
0.508130081300813
0.5074074074074074
0.5102040816326531
0.512396694214876
0.5095057034220533
0.5092250922509225
0.5120967741935484
0.51171875
0.5063291139240507
0.5082644628099173
0.5111111111111111
0.5082644628099173
0.5095785440613027
0.5083333333333333
0.5142857142857142
0.5129310344827587
0.5081967213114754
0.5077519379844961
0.5058823529411764
0.5059760956175299
0.5122950819672131
0.5116279069767442
0.5095785440613027
0.5146443514644351
0.51171875
0.5129310344827587
0.5107296137339056
0.5078125
0.5108225108225108
0.5140562248995983
0.5083333333333333
0.5147679324894515
0.5098814229249012
0.5109489051094891
0.5126050420168067
0.512396694214876
0.5080645161290323
0.5080645161290323
0.5119047619047619
0.5118110236220472
0.5102040816326531
0.5075757575757576
0.5076923076923077
0.5074626865671642
0.5087108013937283
0.5102040816326531
0.5074074074074074
0.5125448028673835
0.5055350553505535
0.5113636363636364
0.5103448275862069
0.5085324232081911
0.5093632958801498
0.5066666666666667
0.5033333333333333
0.5066666666666667
0.5068493150684932
0.5033333333333333
0.5066666666666667
0.5066666666666667
0.51
0.5066666666666667
0.5066666666666667
0.5066666666666667
0.5084175084175084
0.5066666666666667
0.5033333333333333
0.5033333333333333
0.5066666666666667
0.5033333333333333
0.5066666666666667
0.5033333333333333
0.5
0.51
0.5033333333333333
0.5033333333333333
0.5033333333333333
0.5033333333333333
0.5033333333333333
0.5033333333333333
0.5066666666666667
0.5066666666666667
0.5066666666666667
0.5066666666666667
0.5033333333333333
0.5066666666666667
0.5033333333333333
0.5033333333333333
0.51
0.51
0.5033333333333333
0.5033333333333333
0.5066666666666667
0.5033333333333333
0.5066666666666667
0.51
0.506896551724138
0.5087719298245614
0.5066666666666667
0.5066666666666667
0.5033333333333333
0.5066666666666667
0.5066666666666667
0.5119453924914675
0.5088967971530249
0.5066666666666667
0.5076923076923077
0.5066666666666667
0.5066666666666667
0.51
0.5133079847908745
0.5084175084175084
0.5087108013937283
0.5106382978723404
0.5102739726027398
0.5066666666666667
0.5103448275862069
0.5089605734767025
0.5066666666666667
0.5095057034220533
0.516245487364621
0.5091575091575091
0.5104895104895105
0.5119453924914675
0.5076335877862596
0.5100401606425703
0.5134099616858238
0.5128205128205128
0.5145228215767634
0.5161290322580645
0.5128205128205128
0.51
0.509009009009009
0.5115384615384615
0.5107296137339056
0.5152838427947598
0.5166666666666667
0.5137254901960784
0.5166666666666667
0.5133928571428571
0.5188679245283019
0.5192307692307693
0.512
0.5180180180180181
0.5158371040723982
0.5121951219512195
0.5138888888888888
0.5147679324894515
0.5145631067961165
0.5198019801980198
0.5221674876847291
0.5165876777251185
0.5185185185185185
0.5187165775401069
0.5217391304347826
0.5248618784530387
0.5212765957446809
0.5151515151515151
0.5161290322580645
0.5235294117647059
0.5240963855421686
0.52
0.5226130653266332
0.5178571428571429
0.5257142857142857
0.5185185185185185
0.5187165775401069
0.519774011299435
0.5181347150259067
0.5251396648044693
0.5166666666666667
0.5232558139534884
0.5166666666666667
0.5191256830601093
0.5263157894736842
0.5151515151515151
0.5224719101123596
0.5168539325842697
0.521505376344086
0.5204081632653061
0.5248618784530387
0.521978021978022
0.5240963855421686
0.5251396648044693
0.5243243243243243
0.5269461077844312
0.520618556701031
0.5245901639344263
0.5192307692307693
0.5269461077844312
0.5291005291005291
0.5217391304347826
0.5238095238095238
0.5254237288135594
0.5253164556962026
0.521978021978022
0.5245901639344263
0.521505376344086
0.5251396648044693
0.5301204819277109
0.5251396648044693
0.5251396648044693
0.5276073619631901
0.5240641711229946
0.5235294117647059
0.5238095238095238
0.5185185185185185
0.5257142857142857
0.5187165775401069
0.5207100591715976
0.5280898876404494
0.5257142857142857
0.5240963855421686
0.5257142857142857
0.5254237288135594
0.5235294117647059
0.5240963855421686
0.524390243902439
0.5290322580645161
0.5235294117647059
0.5304878048780488
0.5248618784530387
0.5240641711229946
0.5174418604651163
0.5209580838323353
0.5207100591715976
0.5246913580246914
0.520618556701031
0.518918918918919
0.5175879396984925
0.5175879396984925
0.5154639175257731
0.5226130653266332
0.5181347150259067
