0.49666666666666665
0.5
0.5
0.5
0.5
0.5033333333333333
0.5033333333333333
0.5033333333333333
0.5
0.5
0.5
0.5
0.5
0.5
0.5
0.5
0.49666666666666665
0.5033333333333333
0.5033333333333333
0.5033333333333333
0.5
0.5033333333333333
0.5033333333333333
0.49666666666666665
0.5
0.5
0.5033333333333333
0.5
0.5033333333333333
0.49666666666666665
0.5033333333333333
0.5
0.5
0.5033333333333333
0.5
0.5
0.49666666666666665
0.5
0.5
0.5
0.5
0.5
0.5
0.5
0.5
0.49666666666666665
0.5
0.5
0.5
0.49666666666666665
0.5
0.49666666666666665
0.49666666666666665
0.5
0.49666666666666665
0.49666666666666665
0.5
0.4966442953020134
0.4966442953020134
0.49429657794676807
0.49333333333333335
0.4959016393442623
0.4978723404255319
0.4911504424778761
0.4868421052631579
0.48514851485148514
0.4897119341563786
0.48514851485148514
0.4918032786885246
0.4883720930232558
0.4876847290640394
0.4900990099009901
0.4864864864864865
0.4797687861271676
0.4853801169590643
0.48427672955974843
0.4785276073619632
0.4825174825174825
0.4779874213836478
0.4777777777777778
0.47468354430379744
0.47674418604651164
0.47651006711409394
0.4720496894409938
0.4785276073619632
0.475
0.47692307692307695
0.4726027397260274
0.4740740740740741
0.4666666666666667
0.45925925925925926
0.47692307692307695
0.4603174603174603
0.47183098591549294
0.47297297297297297
0.47058823529411764
0.456
0.463768115942029
0.46621621621621623
0.4632352941176471
0.45901639344262296
0.452991452991453
0.4603174603174603
0.46825396825396826
0.4596774193548387
0.4580152671755725
0.45454545454545453
0.4609375
0.4434782608695652
0.4576271186440678
0.45528455284552843
0.4485294117647059
0.4426229508196721
0.4482758620689655
0.45045045045045046
0.4380952380952381
0.4406779661016949
0.4523809523809524
0.4609375
0.4411764705882353
0.43137254901960786
0.4434782608695652
0.44036697247706424
0.4444444444444444
0.4491525423728814
0.4423076923076923
0.43137254901960786
0.42990654205607476
0.4375
0.4351851851851852
0.43564356435643564
0.42452830188679247
0.44537815126050423
0.4368932038834951
0.4329896907216495
0.42452830188679247
0.43636363636363634
0.43902439024390244
0.43
0.4157303370786517
0.41836734693877553
0.42528735632183906
0.43010752688172044
0.4230769230769231
0.42592592592592593
0.42718446601941745
0.42696629213483145
0.44285714285714284
0.45714285714285713
0.4222222222222222
0.44680851063829785
0.4246575342465753
0.4126984126984127
0.4423076923076923
0.43373493975903615
0.42168674698795183
0.4186046511627907
0.425
0.4305555555555556
0.4482758620689655
0.4423076923076923
0.43037974683544306
0.42857142857142855
0.45
0.41333333333333333
0.4225352112676056
0.4246575342465753
0.4444444444444444
0.43037974683544306
0.4444444444444444
0.4318181818181818
0.44680851063829785
0.4230769230769231
0.43636363636363634
0.42424242424242425
0.42105263157894735
0.43137254901960786
0.4473684210526316
0.4264705882352941
0.4444444444444444
0.43636363636363634
0.43243243243243246
0.4235294117647059
0.42857142857142855
0.43478260869565216
0.42857142857142855
0.4266666666666667
0.42528735632183906
0.43333333333333335
0.42857142857142855
0.4268292682926829
0.4342105263157895
0.4057971014492754
0.43333333333333335
0.4268292682926829
0.4189189189189189
0.4166666666666667
0.42045454545454547
0.4339622641509434
0.42696629213483145
0.44
0.42857142857142855
0.41935483870967744
0.41975308641975306
0.4246575342465753
0.4262295081967213
0.43564356435643564
0.42696629213483145
0.42028985507246375
0.41935483870967744
0.43037974683544306
0.43023255813953487
0.4175824175824176
0.41304347826086957
0.43478260869565216
0.42857142857142855
0.43478260869565216
0.4339622641509434
0.4230769230769231
0.42045454545454547
0.43137254901960786
0.4189189189189189
0.42045454545454547
0.42857142857142855
0.45
0.4307692307692308
0.42592592592592593
0.42105263157894735
0.45161290322580644
0.42857142857142855
0.4262295081967213
0.42424242424242425
0.4262295081967213
0.43
0.42990654205607476
0.4189189189189189
0.4270833333333333
0.422680412371134
0.43617021276595747
0.4246575342465753
0.4175824175824176
0.43010752688172044
0.4225352112676056
0.4268292682926829
0.4148936170212766
0.4318181818181818
0.43137254901960786
0.4383561643835616
0.4368932038834951
0.44
0.43636363636363634
0.4358974358974359
0.4270833333333333
0.4473684210526316
0.422680412371134
0.42105263157894735
0.4666666666666667
0.423728813559322
0.45161290322580644
0.43956043956043955
0.4098360655737705
0.4230769230769231
0.425531914893617
0.425
0.422680412371134
0.4148936170212766
0.4358974358974359
0.42424242424242425
0.42528735632183906
0.4166666666666667
0.43023255813953487
0.4166666666666667
0.42574257425742573
0.42
0.4215686274509804
0.425
0.42105263157894735
0.42727272727272725
0.42424242424242425
0.44
0.41935483870967744
0.422680412371134
0.42727272727272725
0.40625
0.42727272727272725
0.42592592592592593
0.42452830188679247
0.43636363636363634
0.42857142857142855
0.41904761904761906
0.4166666666666667
0.44086021505376344
0.42857142857142855
0.44
0.4175824175824176
0.4482758620689655
0.43103448275862066
0.41975308641975306
0.4722222222222222
0.42592592592592593
0.42857142857142855
0.42045454545454547
0.42857142857142855
0.42857142857142855
0.4375
0.45
0.43548387096774194
0.4444444444444444
0.4418604651162791
0.4411764705882353
0.4520547945205479
0.4225352112676056
0.4148936170212766
0.4235294117647059
0.41935483870967744
0.43636363636363634
0.43636363636363634
0.4266666666666667
0.4307692307692308
0.4155844155844156
0.43103448275862066
0.4318181818181818
0.42045454545454547
0.48148148148148145
0.4418604651162791
0.4264705882352941
0.42105263157894735
0.4444444444444444
0.48
0.42857142857142855
0.425
0.43902439024390244
0.43859649122807015
0.42857142857142855
0.4523809523809524
0.4318181818181818
0.43103448275862066
0.43333333333333335
0.46153846153846156
0.43636363636363634
0.4339622641509434
0.4262295081967213
0.4126984126984127
0.4583333333333333
0.425
0.43103448275862066
0.4126984126984127
0.43023255813953487
0.41935483870967744
0.43333333333333335
0.45454545454545453
0.4177215189873418
0.42857142857142855
0.4126984126984127
0.41304347826086957
0.4186046511627907
0.43636363636363634
0.42045454545454547
0.4782608695652174
0.4482758620689655
0.42045454545454547
0.45
0.4358974358974359
0.42391304347826086
0.46875
0.422680412371134
0.42857142857142855
0.5
0.4222222222222222
0.4482758620689655
0.4583333333333333
0.41975308641975306
0.42857142857142855
0.4175824175824176
0.4270833333333333
0.42105263157894735
0.4222222222222222
0.41935483870967744
0.41935483870967744
0.43902439024390244
0.42045454545454547
0.44
0.4186046511627907
0.4375
0.46153846153846156
0.5
0.4782608695652174
0.4666666666666667
0.42857142857142855
0.4482758620689655
0.41935483870967744
0.4050632911392405
0.42574257425742573
0.4406779661016949
0.47368421052631576
0.42105263157894735
0.48148148148148145
0.4444444444444444
0.42105263157894735
0.4166666666666667
0.4215686274509804
0.4305555555555556
0.41836734693877553
0.4264705882352941
0.42696629213483145
0.4444444444444444
0.42528735632183906
0.4270833333333333
0.4235294117647059
0.43333333333333335
0.46153846153846156
0.42696629213483145
0.42028985507246375
0.45161290322580644
0.4166666666666667
0.4318181818181818
0.4215686274509804
0.4411764705882353
0.43333333333333335
0.41304347826086957
0.4230769230769231
0.42857142857142855
0.4262295081967213
0.422680412371134
0.42391304347826086
0.4222222222222222
0.4358974358974359
0.42045454545454547
0.425531914893617
0.42857142857142855
0.41836734693877553
0.42857142857142855
0.422680412371134
0.43478260869565216
0.42592592592592593
0.425531914893617
0.43
0.4336283185840708
0.43333333333333335
0.42857142857142855
0.4105263157894737
0.4326923076923077
0.42990654205607476
0.43636363636363634
0.44036697247706424
0.4368932038834951
0.4326923076923077
0.42857142857142855
0.43
0.42592592592592593
0.4215686274509804
0.43333333333333335
0.44
0.4329896907216495
0.42
0.4298245614035088
0.42
0.4215686274509804
0.40860215053763443
0.42528735632183906
0.4318181818181818
0.4166666666666667
0.422680412371134
0.4186046511627907
0.43333333333333335
0.4126984126984127
0.4411764705882353
0.4222222222222222
0.4782608695652174
0.45454545454545453
0.4155844155844156
0.4444444444444444
0.4444444444444444
0.42857142857142855
0.4358974358974359
0.4230769230769231
0.45161290322580644
0.4444444444444444
0.4375
0.42857142857142855
0.42857142857142855
0.4473684210526316
0.42857142857142855
0.5
0.41935483870967744
0.4444444444444444
0.48148148148148145
0.425531914893617
0.42857142857142855
0.4482758620689655
0.4189189189189189
0.43902439024390244
0.42105263157894735
0.45
0.421875
0.42857142857142855
0.43333333333333335
0.45161290322580644
0.4482758620689655
0.4153846153846154
0.4411764705882353
0.4264705882352941
0.4642857142857143
0.4246575342465753
0.4444444444444444
0.43373493975903615
0.4482758620689655
0.43137254901960786
0.43243243243243246
0.42105263157894735
0.45161290322580644
0.4230769230769231
0.4057971014492754
0.4126984126984127
0.4268292682926829
0.4189189189189189
0.44
0.42105263157894735
0.4268292682926829
0.42045454545454547
0.4583333333333333
0.4411764705882353
0.42045454545454547
0.43333333333333335
0.43478260869565216
0.4318181818181818
0.423728813559322
0.42574257425742573
0.4146341463414634
0.425
0.41379310344827586
0.42857142857142855
0.4482758620689655
0.425531914893617
0.43478260869565216
0.43478260869565216
0.42857142857142855
0.42857142857142855
0.4166666666666667
0.4318181818181818
0.44
0.4307692307692308
0.41333333333333333
0.4583333333333333
0.41379310344827586
0.4482758620689655
0.43243243243243246
0.45454545454545453
0.425
0.4642857142857143
0.4157303370786517
0.43333333333333335
0.4418604651162791
0.41333333333333333
0.42857142857142855
0.43333333333333335
0.45
0.4230769230769231
0.4074074074074074
0.48
0.5
0.45454545454545453
0.45
0.4166666666666667
0.4318181818181818
0.4358974358974359
0.47058823529411764
0.41935483870967744
0.4166666666666667
0.45161290322580644
0.4155844155844156
0.42857142857142855
0.43103448275862066
0.4166666666666667
0.43137254901960786
0.4375
0.41935483870967744
0.4090909090909091
0.4268292682926829
0.4318181818181818
0.41818181818181815
0.43137254901960786
0.43333333333333335
0.4125
0.4482758620689655
0.47619047619047616
0.4186046511627907
0.46153846153846156
0.423728813559322
0.4177215189873418
0.4186046511627907
0.4166666666666667
0.42028985507246375
0.4266666666666667
0.43902439024390244
0.4375
0.47058823529411764
0.4166666666666667
0.4189189189189189
0.4117647058823529
0.4189189189189189
0.4142857142857143
0.45
0.425
0.42857142857142855
0.42391304347826086
0.4583333333333333
0.4044943820224719
0.41818181818181815
0.4146341463414634
0.4222222222222222
0.4084507042253521
0.4375
0.4375
0.42857142857142855
0.43037974683544306
0.41333333333333333
0.40789473684210525
0.42045454545454547
0.4146341463414634
0.42
0.4157303370786517
0.42424242424242425
0.44
0.4235294117647059
0.4186046511627907
0.425531914893617
0.4166666666666667
0.4235294117647059
0.4148936170212766
0.43243243243243246
0.41935483870967744
0.42696629213483145
0.425531914893617
0.4444444444444444
0.41935483870967744
0.4246575342465753
0.4305555555555556
0.42391304347826086
0.41935483870967744
0.425531914893617
0.41304347826086957
0.41237113402061853
0.42424242424242425
0.4166666666666667
0.43010752688172044
0.4827586206896552
0.42696629213483145
0.4111111111111111
0.4153846153846154
0.42424242424242425
0.4262295081967213
0.43209876543209874
0.42857142857142855
0.4186046511627907
0.4189189189189189
0.41975308641975306
0.4318181818181818
0.42028985507246375
0.42168674698795183
0.42857142857142855
0.4473684210526316
0.4230769230769231
0.4189189189189189
0.4235294117647059
0.43137254901960786
0.4225352112676056
0.425
0.41975308641975306
0.42028985507246375
0.43902439024390244
0.41818181818181815
0.42592592592592593
0.417910447761194
0.42857142857142855
0.4262295081967213
0.43902439024390244
0.4166666666666667
0.425
0.4246575342465753
0.41975308641975306
0.42857142857142855
0.42028985507246375
0.42424242424242425
0.4186046511627907
0.4117647058823529
0.42
0.42857142857142855
0.43478260869565216
0.4230769230769231
0.4375
0.4266666666666667
0.4444444444444444
0.4153846153846154
0.4262295081967213
0.4375
0.4264705882352941
0.4411764705882353
0.4482758620689655
0.4583333333333333
0.42105263157894735
0.42592592592592593
0.42592592592592593
0.41509433962264153
0.42028985507246375
0.43902439024390244
0.42592592592592593
0.4375
0.4375
0.42105263157894735
0.42105263157894735
0.43902439024390244
0.43902439024390244
0.43333333333333335
0.42857142857142855
0.4235294117647059
0.41025641025641024
0.4189189189189189
0.42105263157894735
0.4375
0.43243243243243246
0.4235294117647059
0.4339622641509434
0.4166666666666667
0.4189189189189189
0.42424242424242425
0.42592592592592593
0.4235294117647059
0.42
0.4342105263157895
0.4268292682926829
0.43023255813953487
0.43478260869565216
0.4230769230769231
0.42105263157894735
0.43137254901960786
0.4126984126984127
0.4235294117647059
0.423728813559322
0.4155844155844156
0.4262295081967213
0.42528735632183906
0.4262295081967213
0.425
0.4153846153846154
0.42028985507246375
0.4155844155844156
0.43137254901960786
0.41304347826086957
0.4339622641509434
0.42105263157894735
0.43478260869565216
0.4166666666666667
0.41509433962264153
0.42045454545454547
0.4117647058823529
0.425
0.4166666666666667
0.41379310344827586
0.44
0.4411764705882353
0.42857142857142855
0.44
0.4318181818181818
0.4375
0.4177215189873418
0.4318181818181818
0.4222222222222222
0.42857142857142855
0.42857142857142855
0.43137254901960786
0.42105263157894735
0.41379310344827586
0.4125
0.42857142857142855
0.4175824175824176
0.41975308641975306
0.41935483870967744
0.41935483870967744
0.425
0.41935483870967744
0.40963855421686746
0.4186046511627907
0.41836734693877553
0.42424242424242425
0.4155844155844156
0.4222222222222222
0.42574257425742573
0.4166666666666667
0.4186046511627907
0.4166666666666667
0.4444444444444444
0.41935483870967744
0.4148936170212766
0.41237113402061853
0.4142857142857143
0.4583333333333333
0.4270833333333333
0.4235294117647059
0.44
0.40816326530612246
0.42857142857142855
0.42045454545454547
0.4230769230769231
0.42
0.4642857142857143
0.45
0.45
0.43333333333333335
0.4827586206896552
0.46153846153846156
0.4482758620689655
0.4177215189873418
0.44
0.5
0.40625
0.42857142857142855
0.41379310344827586
0.4166666666666667
0.42105263157894735
0.4358974358974359
0.4375
0.41333333333333333
0.44
0.425
0.43478260869565216
0.4642857142857143
0.4146341463414634
0.40540540540540543
0.4155844155844156
0.41379310344827586
0.4186046511627907
0.4166666666666667
0.40963855421686746
0.42168674698795183
0.4125
0.4148936170212766
0.4230769230769231
0.43243243243243246
0.4074074074074074
0.4166666666666667
0.4583333333333333
0.4230769230769231
0.4235294117647059
0.4090909090909091
0.4225352112676056
0.45
0.47368421052631576
0.42105263157894735
0.4166666666666667
0.4189189189189189
0.43478260869565216
0.4222222222222222
0.423728813559322
0.40789473684210525
0.4117647058823529
0.4318181818181818
0.4157303370786517
0.46153846153846156
0.41935483870967744
0.4065934065934066
0.425
0.4482758620689655
0.4166666666666667
0.4268292682926829
0.42045454545454547
0.42028985507246375
0.41379310344827586
0.4157303370786517
0.4155844155844156
0.41935483870967744
0.42424242424242425
0.4318181818181818
0.42857142857142855
0.4157303370786517
0.42574257425742573
0.42528735632183906
0.42424242424242425
0.42718446601941745
0.43
0.4175824175824176
0.4148936170212766
0.42857142857142855
0.4186046511627907
0.42424242424242425
0.41025641025641024
0.42696629213483145
0.42045454545454547
0.4074074074074074
0.41379310344827586
0.42045454545454547
0.42857142857142855
0.4117647058823529
0.43333333333333335
0.4230769230769231
0.43243243243243246
0.4186046511627907
0.42857142857142855
0.42857142857142855
0.4246575342465753
0.4444444444444444
0.42857142857142855
0.42424242424242425
0.42
0.44
0.43478260869565216
0.45454545454545453
0.42028985507246375
0.45714285714285713
0.43333333333333335
0.43902439024390244
0.4230769230769231
0.4166666666666667
0.42857142857142855
0.43478260869565216
0.42857142857142855
0.4444444444444444
0.4155844155844156
0.42
0.4375
0.42424242424242425
0.4444444444444444
0.41935483870967744
0.44
0.4318181818181818
0.4482758620689655
0.4264705882352941
0.42857142857142855
0.425
0.41025641025641024
0.43333333333333335
0.4444444444444444
0.42857142857142855
0.4177215189873418
0.4225352112676056
0.42028985507246375
0.4235294117647059
0.4318181818181818
0.4117647058823529
0.4157303370786517
0.42391304347826086
0.4148936170212766
0.43137254901960786
0.42168674698795183
0.42528735632183906
0.4358974358974359
0.4186046511627907
0.4222222222222222
0.43137254901960786
0.4266666666666667
0.43023255813953487
0.4155844155844156
0.4266666666666667
0.4157303370786517
0.4230769230769231
0.41904761904761906
0.42857142857142855
0.41935483870967744
0.43137254901960786
0.42
0.4318181818181818
0.4175824175824176
0.42592592592592593
0.42857142857142855
0.41935483870967744
0.4148936170212766
0.4174757281553398
0.41237113402061853
0.43137254901960786
0.4270833333333333
0.42168674698795183
0.42391304347826086
0.4146341463414634
0.4146341463414634
0.42528735632183906
0.4189189189189189
0.43209876543209874
0.4186046511627907
0.4186046511627907
0.417910447761194
0.42168674698795183
0.4266666666666667
0.41818181818181815
0.4307692307692308
0.423728813559322
0.423728813559322
0.43333333333333335
0.425531914893617
0.42028985507246375
0.4230769230769231
0.43137254901960786
0.4411764705882353
0.4444444444444444
0.45
0.43478260869565216
0.4222222222222222
0.4222222222222222
0.421875
0.4153846153846154
0.4482758620689655
