0.5
0.5
0.5
0.5033333333333333
0.5
0.49666666666666665
0.5033333333333333
0.5033333333333333
0.5
0.5
0.5
0.5
0.5
0.5
0.49333333333333335
0.49666666666666665
0.5
0.5
0.5
0.5
0.49666666666666665
0.5
0.5
0.5
0.49666666666666665
0.5
0.5033333333333333
0.49666666666666665
0.49666666666666665
0.5033333333333333
0.5
0.49666666666666665
0.5
0.49666666666666665
0.49666666666666665
0.5
0.5
0.5
0.5033333333333333
0.49666666666666665
0.5
0.49666666666666665
0.5
0.49666666666666665
0.5
0.49666666666666665
0.5033333333333333
0.5033333333333333
0.5
0.5033333333333333
0.5
0.49666666666666665
0.5
0.5
0.49666666666666665
0.5033333333333333
0.5
0.49666666666666665
0.49666666666666665
0.5
0.5066666666666667
0.49666666666666665
0.5033333333333333
0.5
0.5
0.5066666666666667
0.49666666666666665
0.5
0.5033333333333333
0.49666666666666665
0.5033333333333333
0.49666666666666665
0.5
0.49666666666666665
0.5
0.49666666666666665
0.5
0.5
0.49666666666666665
0.49666666666666665
0.49666666666666665
0.49666666666666665
0.49666666666666665
0.5033333333333333
0.5
0.5066666666666667
0.49333333333333335
0.49666666666666665
0.5066666666666667
0.49666666666666665
0.49666666666666665
0.49333333333333335
0.5033333333333333
0.49666666666666665
0.49333333333333335
0.49333333333333335
0.49666666666666665
0.49
0.5033333333333333
0.5
0.49666666666666665
0.49666666666666665
0.49
0.49666666666666665
0.49
0.5
0.5
0.5077720207253886
0.5
0.49
0.4866666666666667
0.49666666666666665
0.5032258064516129
0.49666666666666665
0.49333333333333335
0.49666666666666665
0.5026178010471204
0.4977973568281938
0.5
0.5
0.49666666666666665
0.5
0.5033333333333333
0.5033333333333333
0.49
0.5033333333333333
0.49666666666666665
0.5
0.49
0.49666666666666665
0.4953271028037383
0.49666666666666665
0.4954128440366973
0.5157894736842106
0.5
0.5
0.5033333333333333
0.49666666666666665
0.4866666666666667
0.49666666666666665
0.5
0.49615384615384617
0.49333333333333335
0.5066666666666667
0.49333333333333335
0.49333333333333335
0.49666666666666665
0.4866666666666667
0.5073170731707317
0.4909090909090909
0.49333333333333335
0.4866666666666667
0.5033333333333333
0.49333333333333335
0.49666666666666665
0.49666666666666665
0.4957983193277311
0.49333333333333335
0.49666666666666665
0.5066666666666667
0.48936170212765956
0.49666666666666665
0.49333333333333335
0.49666666666666665
0.47368421052631576
0.49666666666666665
0.5033333333333333
0.49333333333333335
0.49666666666666665
0.49333333333333335
0.49666666666666665
0.5
0.49666666666666665
0.49666666666666665
0.49333333333333335
0.5033333333333333
0.5
0.49666666666666665
0.49666666666666665
0.49333333333333335
0.5
0.5033333333333333
0.5
0.5
0.5
0.5033333333333333
0.5
0.5
0.51
0.49333333333333335
0.5066666666666667
0.5
0.49666666666666665
0.5066666666666667
0.5033333333333333
0.5033333333333333
0.5033333333333333
0.49666666666666665
0.49666666666666665
0.49666666666666665
0.49666666666666665
0.5033333333333333
0.49666666666666665
0.5
0.5033333333333333
0.5066666666666667
0.5033333333333333
0.5
0.5
0.5
0.5
0.5
0.5
0.5033333333333333
0.4981549815498155
0.4890829694323144
0.49145299145299143
0.496
0.5
0.49246231155778897
0.4863013698630137
0.4919786096256685
0.4899328859060403
0.45161290322580644
0.47107438016528924
0.4900662251655629
0.4880952380952381
0.4772727272727273
0.4881889763779528
0.4827586206896552
0.4785714285714286
0.4740740740740741
0.46956521739130436
0.47580645161290325
0.48226950354609927
0.4744525547445255
0.48872180451127817
0.4732824427480916
0.4666666666666667
0.4649122807017544
0.4744525547445255
0.4772727272727273
0.4745762711864407
0.47244094488188976
0.4772727272727273
0.4608695652173913
0.47107438016528924
0.4789915966386555
0.46774193548387094
0.4830508474576271
0.4745762711864407
0.4807692307692308
0.4672131147540984
0.47619047619047616
0.46846846846846846
0.472
0.47540983606557374
0.47058823529411764
0.4672131147540984
0.4892086330935252
0.453781512605042
0.4634146341463415
0.46153846153846156
0.464
0.4772727272727273
0.47761194029850745
0.45794392523364486
0.47058823529411764
0.47761194029850745
0.47692307692307695
0.45454545454545453
0.4785714285714286
0.4866666666666667
0.48148148148148145
0.4732824427480916
0.472
0.45614035087719296
0.49171270718232046
0.47540983606557374
0.49242424242424243
0.47794117647058826
0.4782608695652174
0.4744525547445255
0.48201438848920863
0.4930555555555556
0.4700854700854701
0.4900662251655629
0.4861111111111111
0.4888888888888889
0.4846153846153846
0.4875
0.48322147651006714
0.4913294797687861
0.4883720930232558
0.49295774647887325
0.5
0.4925373134328358
0.49214659685863876
0.4895833333333333
0.49344978165938863
0.4940239043824701
0.49387755102040815
0.4898989898989899
0.49407114624505927
0.49356223175965663
0.49327354260089684
0.49666666666666665
0.5
0.5
0.49666666666666665
0.5
0.5
0.5033333333333333
0.5
0.5
0.5
0.5033333333333333
0.5
0.5033333333333333
0.5033333333333333
0.5
0.5
0.5033333333333333
0.49666666666666665
0.49666666666666665
0.5
0.5033333333333333
0.49666666666666665
0.49666666666666665
0.49666666666666665
0.5
0.5
0.5033333333333333
0.5033333333333333
0.5
0.5
0.5
0.5
0.5
0.5066666666666667
0.5
0.5
0.5033333333333333
0.5
0.5033333333333333
0.5
0.5
0.49666666666666665
0.5033333333333333
0.5033333333333333
0.49666666666666665
0.49666666666666665
0.49666666666666665
0.49666666666666665
0.5033333333333333
0.49666666666666665
0.5
0.5
0.5033333333333333
0.5
0.5033333333333333
0.49666666666666665
0.5033333333333333
0.5
0.5
0.49666666666666665
0.5033333333333333
0.5066666666666667
0.49666666666666665
0.5
0.49666666666666665
0.49666666666666665
0.49333333333333335
0.5
0.51
0.49666666666666665
0.5
0.5033333333333333
0.5
0.49666666666666665
0.5033333333333333
0.5033333333333333
0.49666666666666665
0.5
0.49666666666666665
0.49666666666666665
0.5
0.5066666666666667
0.5033333333333333
0.49666666666666665
0.5
0.5033333333333333
0.49666666666666665
0.5033333333333333
0.5
0.5033333333333333
0.5033333333333333
0.5033333333333333
0.5033333333333333
0.5033333333333333
0.5
0.5066666666666667
0.5033333333333333
0.5066666666666667
0.5033333333333333
0.5066666666666667
0.5066666666666667
0.51
0.5
0.5033333333333333
0.5033333333333333
0.5048076923076923
0.49666666666666665
0.5
0.5033333333333333
0.5
0.5
0.5
0.49666666666666665
0.5133333333333333
0.49666666666666665
0.5047169811320755
0.5066666666666667
0.49666666666666665
0.5033333333333333
0.49666666666666665
0.5066666666666667
0.49666666666666665
0.49666666666666665
0.5
0.5
0.5033333333333333
0.5
0.5
0.5
0.5
0.5
0.5066666666666667
0.5066666666666667
0.49666666666666665
0.5
0.5033333333333333
0.5066666666666667
0.5
0.5
0.5033333333333333
0.49333333333333335
0.5066666666666667
0.5
0.49666666666666665
0.5
0.4945054945054945
0.49666666666666665
0.49295774647887325
0.49666666666666665
0.49666666666666665
0.49333333333333335
0.5033333333333333
0.49333333333333335
0.4911660777385159
0.4866666666666667
0.4962121212121212
0.5
0.49333333333333335
0.49666666666666665
0.4981949458483754
0.49
0.5104602510460251
0.4965753424657534
0.48333333333333334
0.49333333333333335
0.5045454545454545
0.5129533678756477
0.51
0.488135593220339
0.5073170731707317
0.49666666666666665
0.5069124423963134
0.5
0.49333333333333335
0.4927007299270073
0.5020576131687243
0.5033333333333333
0.5033333333333333
0.5
0.5033333333333333
0.5
0.49333333333333335
0.5084033613445378
0.5062240663900415
0.49
0.4892086330935252
0.49
0.49
0.5095785440613027
0.5033333333333333
0.5169082125603864
0.5
0.5066666666666667
0.5033333333333333
0.49666666666666665
0.49333333333333335
0.5087719298245614
0.5133689839572193
0.5033333333333333
0.4866666666666667
0.502262443438914
0.49333333333333335
0.5121951219512195
0.5111111111111111
0.49333333333333335
0.4894366197183099
0.4866666666666667
0.4866666666666667
0.49333333333333335
0.4866666666666667
0.5
0.4866666666666667
0.49666666666666665
0.49
0.4866666666666667
0.5
0.49666666666666665
0.49
0.49
0.5033333333333333
0.5
0.49666666666666665
0.49333333333333335
0.49
0.5
0.49333333333333335
0.49333333333333335
0.49666666666666665
0.49333333333333335
0.49666666666666665
0.49333333333333335
0.49
0.49
0.49666666666666665
0.49666666666666665
0.49333333333333335
0.49333333333333335
0.49
0.49
0.49666666666666665
0.49666666666666665
0.49666666666666665
0.5
0.49333333333333335
0.49333333333333335
0.49666666666666665
0.49666666666666665
0.5
0.49666666666666665
0.49666666666666665
0.49333333333333335
0.49666666666666665
0.49666666666666665
0.49666666666666665
0.49333333333333335
0.49333333333333335
0.49666666666666665
0.5
0.5033333333333333
0.49666666666666665
0.49666666666666665
0.49333333333333335
0.49666666666666665
0.5
0.49333333333333335
0.5033333333333333
0.49333333333333335
0.49333333333333335
0.5
0.49666666666666665
0.49666666666666665
0.5
0.5
0.49666666666666665
0.49666666666666665
0.49666666666666665
0.5033333333333333
0.5
0.49666666666666665
0.5
0.5
0.5033333333333333
0.49333333333333335
0.5054545454545455
0.49666666666666665
0.49333333333333335
0.49333333333333335
0.49666666666666665
0.49333333333333335
0.5113636363636364
0.4892086330935252
0.5059288537549407
0.51
0.49666666666666665
0.5033333333333333
0.5033333333333333
0.49333333333333335
0.49666666666666665
0.49333333333333335
0.49666666666666665
0.49666666666666665
0.49666666666666665
0.5033333333333333
0.49333333333333335
0.5033333333333333
0.5
0.5066666666666667
0.5033333333333333
0.49666666666666665
0.49333333333333335
0.49666666666666665
0.49666666666666665
0.5
0.5033333333333333
0.5033333333333333
0.5
0.5
0.5
0.5
0.5
0.5
0.4931506849315068
0.5
0.5033333333333333
0.5
0.5
0.5
0.4918032786885246
0.49171270718232046
0.49666666666666665
0.5
0.4873417721518987
0.5033333333333333
0.4975124378109453
0.4946808510638298
0.49444444444444446
0.4942528735632184
0.4840764331210191
0.48878923766816146
0.4926829268292683
0.49603174603174605
0.48214285714285715
0.4838709677419355
0.47761194029850745
0.4864864864864865
0.4878048780487805
0.48878923766816146
0.489247311827957
0.48148148148148145
0.4899598393574297
0.47904191616766467
0.489247311827957
0.48520710059171596
0.484375
0.48148148148148145
0.48404255319148937
0.4926829268292683
0.4852941176470588
0.4772727272727273
0.4755244755244755
0.48125
0.48295454545454547
0.4807692307692308
0.48404255319148937
0.4797687861271676
0.4697986577181208
0.4823529411764706
0.48
0.47928994082840237
0.46794871794871795
0.474025974025974
0.4689655172413793
0.47928994082840237
0.4594594594594595
0.474025974025974
0.4696969696969697
0.48066298342541436
0.4697986577181208
0.4720496894409938
0.4759036144578313
0.47337278106508873
0.4666666666666667
0.47333333333333333
0.46511627906976744
0.46496815286624205
0.46774193548387094
0.47651006711409394
0.47183098591549294
0.46853146853146854
0.47297297297297297
0.4722222222222222
0.47019867549668876
0.47619047619047616
0.48295454545454547
0.47468354430379744
0.4666666666666667
0.47530864197530864
0.4689655172413793
0.4652777777777778
0.4748201438848921
0.4722222222222222
0.4675324675324675
0.4666666666666667
0.47701149425287354
0.4714285714285714
0.4779874213836478
0.4748201438848921
0.47959183673469385
0.47619047619047616
0.4785276073619632
0.477124183006536
0.47183098591549294
0.47058823529411764
0.478494623655914
0.4779874213836478
0.4772727272727273
0.460431654676259
0.4824120603015075
0.4722222222222222
0.4691358024691358
0.4768211920529801
0.47651006711409394
0.4714285714285714
0.48325358851674644
0.47368421052631576
0.4827586206896552
0.4827586206896552
0.4819277108433735
0.47560975609756095
0.47619047619047616
0.47530864197530864
0.45864661654135336
0.47701149425287354
0.47770700636942676
0.47368421052631576
0.4841628959276018
0.47058823529411764
0.4807692307692308
0.4861111111111111
0.4853801169590643
0.47928994082840237
0.48258706467661694
0.4835164835164835
0.48514851485148514
0.47878787878787876
0.48826291079812206
0.4823529411764706
0.4846938775510204
0.48404255319148937
0.4918032786885246
0.48936170212765956
0.48223350253807107
0.4915254237288136
0.49224806201550386
0.48863636363636365
0.4915254237288136
0.4921875
0.49473684210526314
0.4980392156862745
0.49491525423728816
0.4895397489539749
0.4939759036144578
0.49666666666666665
0.49666666666666665
0.49261083743842365
0.494949494949495
0.49666666666666665
0.4957983193277311
0.49666666666666665
0.49666666666666665
0.5
0.4956896551724138
0.49666666666666665
0.49469964664310956
0.49666666666666665
0.49333333333333335
0.49666666666666665
0.49666666666666665
0.49666666666666665
0.5
0.49666666666666665
0.49666666666666665
0.494949494949495
0.5
0.5
0.5
0.5
0.5
0.4982698961937716
0.5
0.4913294797687861
0.49666666666666665
0.5
0.49433962264150944
0.48847926267281105
0.49666666666666665
0.49666666666666665
0.5
0.4948453608247423
0.4918032786885246
0.4919786096256685
0.5
0.5
0.49537037037037035
0.4961832061068702
0.4873417721518987
0.5
0.4925373134328358
0.4945652173913043
0.49746192893401014
0.4957627118644068
0.49162011173184356
0.48
0.49142857142857144
0.4918918918918919
0.4879518072289157
0.4973821989528796
0.477124183006536
0.49333333333333335
0.48427672955974843
0.4933920704845815
0.4930232558139535
0.49356223175965663
0.4963768115942029
0.5
0.4957983193277311
0.5
0.49666666666666665
0.5
0.5
0.5066666666666667
0.5
0.5033333333333333
0.5
0.5
0.49666666666666665
0.5
0.5
0.5
0.5
0.49666666666666665
0.5
0.49666666666666665
0.5033333333333333
0.5
0.49666666666666665
0.5
0.5
0.49666666666666665
0.5
0.5033333333333333
0.5
0.49666666666666665
0.49666666666666665
0.5
0.5
0.5033333333333333
0.5
0.49666666666666665
0.5
0.5
0.49333333333333335
0.49666666666666665
0.5066666666666667
0.5
0.49333333333333335
0.49333333333333335
0.5033333333333333
0.49666666666666665
0.49666666666666665
0.5
0.49
0.49333333333333335
0.5
0.49333333333333335
0.5
0.5033333333333333
0.5033333333333333
0.5
0.49
0.49666666666666665
0.5
0.5
0.5
0.5
0.49333333333333335
0.5033333333333333
0.5
0.5033333333333333
0.5033333333333333
0.5
0.5
0.49333333333333335
0.49333333333333335
0.49666666666666665
0.49666666666666665
0.49666666666666665
0.5033333333333333
0.5
0.5033333333333333
0.5033333333333333
0.49333333333333335
0.5033333333333333
0.49666666666666665
0.5
0.49666666666666665
0.5
0.5
0.5
0.49333333333333335
0.49666666666666665
0.49
0.5033333333333333
0.5
0.49
0.5
0.5033333333333333
0.5033333333333333
0.49333333333333335
0.5033333333333333
0.5033333333333333
0.5033333333333333
0.5033333333333333
0.49666666666666665
0.49666666666666665
0.49666666666666665
0.5033333333333333
0.5
0.49666666666666665
0.5
0.5
0.5
0.5
0.49333333333333335
0.49333333333333335
0.5033333333333333
0.5033333333333333
0.5033333333333333
0.49666666666666665
0.5
0.5
0.5
0.5
0.5
0.5
0.5
0.5
0.49
0.5066666666666667
0.5033333333333333
0.49666666666666665
0.5033333333333333
0.5033333333333333
0.5
0.5033333333333333
0.49666666666666665
0.49666666666666665
0.49666666666666665
0.5
0.5066666666666667
0.5
0.5
0.5066666666666667
0.49666666666666665
0.5033333333333333
0.49666666666666665
0.5033333333333333
0.5
0.5033333333333333
0.5
0.5
0.5
0.49333333333333335
0.5033333333333333
0.5033333333333333
0.5033333333333333
0.5033333333333333
0.49
0.5
0.49333333333333335
0.49333333333333335
0.5
0.5
0.5
0.5
0.5
0.49666666666666665
0.5066666666666667
0.5
0.5033333333333333
0.49666666666666665
0.5033333333333333
0.49666666666666665
0.5
