0.6666666666666666
0.4
0.6842105263157895
0.75
0.5789473684210527
0.7142857142857143
0.8666666666666667
0.42857142857142855
0.6363636363636364
0.2727272727272727
0.5909090909090909
0.6111111111111112
0.6857142857142857
0.5555555555555556
0.5555555555555556
0.25
0.34782608695652173
0.65
0.42857142857142855
0.6842105263157895
0.5135135135135135
0.5
0.5185185185185185
0.7142857142857143
0.47058823529411764
0.3870967741935484
0.6428571428571429
0.5185185185185185
0.575
0.52
0.5294117647058824
0.6153846153846154
0.3333333333333333
0.5192307692307693
0.6
0.47058823529411764
0.5333333333333333
0.5625
0.4166666666666667
0.6071428571428571
0.6923076923076923
0.5238095238095238
0.5333333333333333
0.6
0.5185185185185185
0.5882352941176471
0.5333333333333333
0.5294117647058824
0.56
0.5333333333333333
0.5217391304347826
0.5384615384615384
0.6666666666666666
0.6
0.6111111111111112
0.543859649122807
0.56
0.48148148148148145
0.5426356589147286
0.5714285714285714
0.5555555555555556
0.5714285714285714
0.5869565217391305
0.625
0.4583333333333333
0.5277777777777778
0.5277777777777778
0.56
0.5217391304347826
0.5
0.5625
0.52
0.4857142857142857
0.5142857142857142
0.5074626865671642
0.4857142857142857
0.5405405405405406
0.5555555555555556
0.45714285714285713
0.453125
0.5384615384615384
0.5277777777777778
0.5245901639344263
0.5
0.5
0.5
0.46511627906976744
0.4864864864864865
0.5576923076923077
0.43636363636363634
0.5
0.5161290322580645
0.5217391304347826
0.5416666666666666
0.4782608695652174
0.4878048780487805
0.5
0.4827586206896552
0.5094339622641509
0.5384615384615384
0.48484848484848486
0.52
0.47368421052631576
0.46875
0.5384615384615384
0.52
0.5161290322580645
0.4897959183673469
0.5263157894736842
0.46153846153846156
0.4772727272727273
0.4878048780487805
0.47058823529411764
0.5263157894736842
0.5135135135135135
0.5384615384615384
0.5
0.53125
0.5517241379310345
0.5079365079365079
0.48484848484848486
0.5238095238095238
0.5454545454545454
0.4666666666666667
0.5
0.5353535353535354
0.4528301886792453
0.48148148148148145
0.5384615384615384
0.5319148936170213
0.5116279069767442
0.5194805194805194
0.5116279069767442
0.48484848484848486
0.5454545454545454
0.5
0.5357142857142857
0.4625
0.5538461538461539
0.4691358024691358
0.4576271186440678
0.48717948717948717
0.45
0.46511627906976744
0.4875
0.4722222222222222
0.47058823529411764
0.46511627906976744
0.4827586206896552
0.5121951219512195
0.5
0.5172413793103449
0.45454545454545453
0.5652173913043478
0.4864864864864865
0.4888888888888889
0.4888888888888889
0.5
0.5357142857142857
0.47368421052631576
0.4666666666666667
0.5151515151515151
0.5652173913043478
0.5
0.5357142857142857
0.52
0.5
0.5185185185185185
0.46875
0.5
0.5
0.48
0.4642857142857143
0.5
0.48484848484848486
0.5151515151515151
0.5161290322580645
0.5151515151515151
0.5172413793103449
0.4878048780487805
0.48148148148148145
0.5
0.48717948717948717
0.48
0.5
0.48
0.4857142857142857
0.46511627906976744
0.4634146341463415
0.5263157894736842
0.48484848484848486
0.5
0.4482758620689655
0.5
0.48484848484848486
0.47619047619047616
0.45
0.47368421052631576
0.4782608695652174
0.4722222222222222
0.5185185185185185
0.5121951219512195
0.48
0.52
0.45714285714285713
0.5
0.4716981132075472
0.4666666666666667
0.4339622641509434
0.5
0.48484848484848486
0.4523809523809524
0.5238095238095238
0.4634146341463415
0.46
0.5263157894736842
0.48148148148148145
0.46875
0.47692307692307695
0.48148148148148145
0.4857142857142857
0.4716981132075472
0.5652173913043478
0.48717948717948717
0.54
0.48
0.5
0.4666666666666667
0.5
0.5238095238095238
0.46511627906976744
0.4835164835164835
0.45
0.4827586206896552
0.5348837209302325
0.4482758620689655
0.49019607843137253
0.43902439024390244
0.4473684210526316
0.4421052631578947
0.45
0.5059523809523809
0.45161290322580644
0.4827586206896552
0.5275590551181102
0.580952380952381
0.5585585585585585
0.47761194029850745
0.5
0.4972972972972973
0.56
0.5416666666666666
0.4838709677419355
0.5405405405405406
0.5142857142857142
0.5185185185185185
0.48366013071895425
0.47761194029850745
0.5
0.48717948717948717
0.46
0.4482758620689655
0.4860335195530726
0.4482758620689655
0.452991452991453
0.46511627906976744
0.5084745762711864
0.5
0.5
0.4716981132075472
0.5
0.4745762711864407
0.44
0.484375
0.4634146341463415
0.46236559139784944
0.4745762711864407
0.48148148148148145
0.45098039215686275
0.43478260869565216
0.5
0.5411764705882353
0.5057471264367817
0.4744525547445255
0.5
0.4888888888888889
0.5054945054945055
0.4742268041237113
0.5087719298245614
0.5089285714285714
0.49264705882352944
0.47368421052631576
0.48717948717948717
0.475
0.485
0.5463917525773195
0.5244755244755245
0.5362318840579711
0.528169014084507
0.5277777777777778
0.5
0.5645161290322581
0.5327868852459017
0.5
0.5576923076923077
0.5714285714285714
0.5238095238095238
0.5655737704918032
0.5
0.48
0.5423728813559322
0.5365853658536586
0.48
0.5196078431372549
0.5490196078431373
0.5125
0.5166666666666667
0.5384615384615384
0.4878048780487805
0.4578313253012048
0.4444444444444444
0.4794520547945205
0.46808510638297873
0.44642857142857145
0.4482758620689655
0.49056603773584906
0.5
0.4642857142857143
0.4722222222222222
0.43902439024390244
0.5333333333333333
0.55
0.4722222222222222
0.5263157894736842
0.4583333333333333
0.4642857142857143
0.45161290322580644
0.5217391304347826
0.45161290322580644
0.47368421052631576
0.4782608695652174
0.5
0.5
0.45454545454545453
0.5
0.5
0.5151515151515151
0.48148148148148145
0.48484848484848486
0.5
0.5263157894736842
0.46153846153846156
0.6
0.5172413793103449
0.5625
0.5217391304347826
0.5238095238095238
0.5
0.5
0.47058823529411764
0.5
0.5
0.5
0.5
0.5454545454545454
0.5238095238095238
0.5
0.5
0.4583333333333333
0.5
0.47058823529411764
0.47619047619047616
0.5217391304347826
0.5217391304347826
0.5
0.48
0.45454545454545453
0.46153846153846156
0.5
0.5263157894736842
0.5172413793103449
0.5357142857142857
0.5
0.5
0.5
0.4888888888888889
0.4782608695652174
0.46153846153846156
0.5151515151515151
0.48484848484848486
0.5217391304347826
0.4857142857142857
0.4782608695652174
0.44545454545454544
0.44761904761904764
0.4827586206896552
0.43137254901960786
0.47435897435897434
0.5
0.45652173913043476
0.475
0.44642857142857145
0.45045045045045046
0.47794117647058826
0.46938775510204084
0.4716981132075472
0.47706422018348627
0.49
0.4426229508196721
0.5133689839572193
0.4628099173553719
0.48863636363636365
0.4482758620689655
0.5025906735751295
0.47619047619047616
0.4911242603550296
0.48466257668711654
0.505
0.4406779661016949
0.4591194968553459
0.4519230769230769
0.495
0.47
0.46
0.49
0.47058823529411764
0.4491525423728814
0.47126436781609193
0.44954128440366975
0.485
0.452991452991453
0.46564885496183206
0.4722222222222222
0.505
0.45348837209302323
0.4732824427480916
0.45925925925925926
0.4594594594594595
0.45263157894736844
0.45161290322580644
0.47
0.4673913043478261
0.46788990825688076
0.46923076923076923
0.4533333333333333
0.475
0.44
0.47058823529411764
0.4305555555555556
0.4411764705882353
0.45
0.4666666666666667
0.4731182795698925
0.4628099173553719
0.45098039215686275
0.45714285714285713
0.44680851063829785
0.47126436781609193
0.4659090909090909
0.46808510638297873
0.4716981132075472
0.4533333333333333
0.46153846153846156
0.46296296296296297
0.5
0.4430379746835443
0.4578313253012048
0.45454545454545453
0.4700854700854701
0.46601941747572817
0.4411764705882353
0.4523809523809524
0.4482758620689655
0.45
0.45901639344262296
0.453125
0.42857142857142855
0.4406779661016949
0.4716981132075472
0.4647887323943662
0.4533333333333333
0.4716981132075472
0.4426229508196721
0.46153846153846156
0.4423076923076923
0.4461538461538462
0.4583333333333333
0.47297297297297297
0.47368421052631576
0.4473684210526316
0.4533333333333333
0.4603174603174603
0.4772727272727273
0.43902439024390244
0.45454545454545453
0.4714285714285714
0.45714285714285713
0.4727272727272727
0.4489795918367347
0.4605263157894737
0.4489795918367347
0.48333333333333334
0.42857142857142855
0.4657534246575342
0.4605263157894737
0.4482758620689655
0.45161290322580644
0.44776119402985076
0.4444444444444444
0.4444444444444444
0.4714285714285714
0.45161290322580644
0.4583333333333333
0.4576271186440678
0.4418604651162791
0.4647887323943662
0.4727272727272727
0.45714285714285713
0.44642857142857145
0.46153846153846156
0.4714285714285714
0.4727272727272727
0.4444444444444444
0.46808510638297873
0.45
0.46511627906976744
0.47058823529411764
0.4473684210526316
0.4482758620689655
0.4666666666666667
0.4444444444444444
0.45161290322580644
0.45714285714285713
0.4523809523809524
0.4772727272727273
0.475
0.45
0.4666666666666667
0.4791666666666667
0.4594594594594595
0.4722222222222222
0.4827586206896552
0.46938775510204084
0.47368421052631576
0.48
0.4634146341463415
0.46875
0.47368421052631576
0.4782608695652174
0.4857142857142857
0.45
0.4864864864864865
0.46
0.46875
0.4634146341463415
0.46153846153846156
0.4666666666666667
0.4782608695652174
0.4411764705882353
0.4583333333333333
0.47619047619047616
0.45161290322580644
0.45714285714285713
0.44
0.48
0.45714285714285713
0.4482758620689655
0.5
0.475
0.4642857142857143
0.4482758620689655
0.47368421052631576
0.4772727272727273
0.5
0.45454545454545453
0.4827586206896552
0.5
0.47058823529411764
0.4642857142857143
0.46875
0.46153846153846156
0.46938775510204084
0.46153846153846156
0.4772727272727273
0.4838709677419355
0.475
0.45454545454545453
0.4827586206896552
0.475
0.48
0.46153846153846156
0.4666666666666667
0.4444444444444444
0.48148148148148145
0.475
0.4864864864864865
0.4666666666666667
0.4482758620689655
0.47619047619047616
0.48148148148148145
0.4642857142857143
0.5294117647058824
0.48148148148148145
0.46153846153846156
0.47368421052631576
0.4782608695652174
0.47619047619047616
0.4642857142857143
0.47619047619047616
0.4583333333333333
0.47058823529411764
0.4838709677419355
0.46875
0.4782608695652174
0.4642857142857143
0.4857142857142857
0.5
0.5
0.5
0.4722222222222222
0.48
0.47619047619047616
0.5
0.46875
0.5
0.48148148148148145
0.4634146341463415
0.5
0.5
0.4583333333333333
0.5
0.5
0.48
0.4838709677419355
0.5
0.5185185185185185
0.4782608695652174
0.5
0.46875
0.47619047619047616
0.4666666666666667
0.45454545454545453
0.47619047619047616
0.5294117647058824
0.4838709677419355
0.5263157894736842
0.48
0.5238095238095238
0.55
0.5
0.47368421052631576
0.5294117647058824
0.5
0.4583333333333333
0.5294117647058824
0.5
0.5263157894736842
0.47368421052631576
0.55
0.48
0.5
0.48
0.5
0.5238095238095238
0.5
0.5294117647058824
0.5
0.47368421052631576
0.5172413793103449
0.5217391304347826
0.5555555555555556
0.5238095238095238
0.5185185185185185
0.5
0.5
0.5
0.5294117647058824
0.5294117647058824
0.5
0.47619047619047616
0.5
0.45454545454545453
0.5263157894736842
0.5
0.5294117647058824
0.5217391304347826
0.5882352941176471
0.55
0.5
0.55
0.5
0.47058823529411764
0.5
0.5
0.5
0.45
0.5
0.47368421052631576
0.5714285714285714
0.5
0.5238095238095238
0.5714285714285714
0.5
0.47058823529411764
0.55
0.5
0.5217391304347826
0.5
0.6
0.47619047619047616
0.5263157894736842
0.5
0.5833333333333334
0.47368421052631576
0.6363636363636364
0.5263157894736842
0.625
0.5555555555555556
0.5
0.5
0.5384615384615384
0.5294117647058824
0.5833333333333334
0.5
0.5555555555555556
0.5625
0.5555555555555556
0.5625
0.5
0.5625
0.5789473684210527
0.5333333333333333
0.5263157894736842
0.5263157894736842
0.5294117647058824
0.5238095238095238
0.5714285714285714
0.5
0.5333333333333333
0.5333333333333333
0.5238095238095238
0.6
0.5
0.5263157894736842
0.5333333333333333
0.5714285714285714
0.5714285714285714
0.5833333333333334
0.6153846153846154
0.5
0.6
0.55
0.5263157894736842
0.6153846153846154
0.5625
0.5384615384615384
0.5882352941176471
0.5294117647058824
0.5555555555555556
0.5238095238095238
0.5333333333333333
0.5263157894736842
0.5833333333333334
0.5384615384615384
0.5789473684210527
0.5882352941176471
0.5384615384615384
0.6666666666666666
0.5294117647058824
0.5333333333333333
0.5333333333333333
0.5714285714285714
0.5
0.5294117647058824
0.5882352941176471
0.5
0.5454545454545454
0.5384615384615384
0.5789473684210527
0.5625
0.5555555555555556
0.5333333333333333
0.5555555555555556
0.5333333333333333
0.5
0.5625
0.5
0.5333333333333333
0.5714285714285714
0.5625
0.5625
0.5882352941176471
0.5882352941176471
0.5625
0.5625
0.625
0.5714285714285714
0.5384615384615384
0.5555555555555556
0.5
0.6363636363636364
0.6153846153846154
0.5625
0.5833333333333334
0.55
0.5384615384615384
0.5555555555555556
0.5454545454545454
0.5833333333333334
0.5625
0.625
0.5384615384615384
0.5833333333333334
0.5384615384615384
0.5833333333333334
0.5294117647058824
0.6
0.5882352941176471
0.5384615384615384
0.6
0.6363636363636364
0.5294117647058824
0.5
0.6363636363636364
0.6153846153846154
0.6153846153846154
0.6363636363636364
0.5833333333333334
0.6
0.5882352941176471
0.6
0.5833333333333334
0.5882352941176471
0.6
0.5625
0.5333333333333333
0.5294117647058824
0.5833333333333334
0.6666666666666666
0.6
0.6
0.5
0.5714285714285714
0.6666666666666666
0.5714285714285714
0.7
0.5714285714285714
0.6
0.6153846153846154
0.6
0.5384615384615384
0.6
0.5625
0.6363636363636364
0.6363636363636364
0.5833333333333334
0.6363636363636364
0.5714285714285714
0.5333333333333333
0.5384615384615384
0.5333333333333333
0.6153846153846154
0.5454545454545454
0.5833333333333334
0.6666666666666666
0.6363636363636364
0.6153846153846154
0.5833333333333334
0.6153846153846154
0.5333333333333333
0.6470588235294118
0.5625
0.5625
0.5714285714285714
0.5882352941176471
0.6153846153846154
0.6363636363636364
0.6363636363636364
0.5454545454545454
0.5833333333333334
0.6153846153846154
0.6428571428571429
0.5625
0.5833333333333334
0.5454545454545454
0.5384615384615384
0.5882352941176471
0.6363636363636364
0.625
0.5
0.5555555555555556
0.5625
0.6363636363636364
0.7
0.5714285714285714
0.5833333333333334
0.5384615384615384
0.6363636363636364
0.7
0.5833333333333334
0.6
0.5833333333333334
0.5833333333333334
0.5625
0.5625
0.6
0.5454545454545454
0.6153846153846154
0.6428571428571429
0.6666666666666666
0.5714285714285714
0.5882352941176471
0.6428571428571429
0.6363636363636364
0.5333333333333333
0.6666666666666666
0.5384615384615384
0.6153846153846154
0.5
0.6363636363636364
0.5882352941176471
0.5714285714285714
0.6363636363636364
0.6
0.6153846153846154
0.6428571428571429
0.6428571428571429
0.6
0.6111111111111112
0.7
0.6666666666666666
0.6
0.5714285714285714
0.5833333333333334
0.6
0.6666666666666666
0.6428571428571429
0.6428571428571429
0.6428571428571429
0.7272727272727273
0.6
0.6153846153846154
0.6
0.6428571428571429
0.7272727272727273
0.6666666666666666
0.6428571428571429
0.6666666666666666
0.6666666666666666
0.6153846153846154
0.6666666666666666
0.7272727272727273
0.6153846153846154
0.7
0.6875
0.6666666666666666
0.6428571428571429
0.7
0.7272727272727273
0.7
0.6666666666666666
0.6363636363636364
0.7
0.8
0.7272727272727273
0.6
0.6363636363636364
0.7272727272727273
0.75
0.7
0.6923076923076923
0.7
0.7272727272727273
0.7272727272727273
0.6363636363636364
0.6666666666666666
0.8
0.7272727272727273
0.6666666666666666
0.7777777777777778
0.75
0.7777777777777778
0.7
0.75
0.7272727272727273
0.6666666666666666
0.6666666666666666
0.7777777777777778
0.7272727272727273
0.75
0.7777777777777778
0.6363636363636364
0.6666666666666666
0.7777777777777778
0.7
0.7777777777777778
0.8181818181818182
0.7
0.7272727272727273
0.75
