0.7272727272727273
0.5625
0.48148148148148145
0.2727272727272727
0.5692307692307692
0.4666666666666667
0.5652173913043478
0.4074074074074074
0.6521739130434783
0.5806451612903226
0.6
0.5
0.4827586206896552
0.4
0.4375
0.6
0.3125
0.5116279069767442
0.5161290322580645
0.5757575757575758
0.4166666666666667
0.5217391304347826
0.2727272727272727
0.5614035087719298
0.5555555555555556
0.4166666666666667
0.5121951219512195
0.3333333333333333
0.5238095238095238
0.4117647058823529
0.5652173913043478
0.5454545454545454
0.42105263157894735
0.5
0.3333333333333333
0.5102040816326531
0.4782608695652174
0.4880952380952381
0.4444444444444444
0.5
0.45
0.5789473684210527
0.4166666666666667
0.5
0.47368421052631576
0.4444444444444444
0.5081967213114754
0.5083333333333333
0.35
0.4748201438848921
0.5208333333333334
0.5053191489361702
0.52
0.46153846153846156
0.42105263157894735
0.5
0.4864864864864865
0.47619047619047616
0.49557522123893805
0.4838709677419355
0.5490196078431373
0.4675324675324675
0.48314606741573035
0.5
0.5204918032786885
0.5
0.49019607843137253
0.5263157894736842
0.5517241379310345
0.48717948717948717
0.484375
0.5
0.4846153846153846
0.6153846153846154
0.48333333333333334
0.4392523364485981
0.4766355140186916
0.46551724137931033
0.5172413793103449
0.4888888888888889
0.5
0.4581005586592179
0.5140845070422535
0.4675324675324675
0.5166666666666667
0.46938775510204084
0.49586776859504134
0.4573643410852713
0.49333333333333335
0.49122807017543857
0.5131578947368421
0.48917748917748916
0.49390243902439024
0.5167785234899329
0.5020080321285141
0.49193548387096775
0.5217391304347826
0.5033557046979866
0.5454545454545454
0.515527950310559
0.5402298850574713
0.5169082125603864
0.5273972602739726
0.5333333333333333
0.5686274509803921
0.5510204081632653
0.5365853658536586
0.552
0.5526315789473685
0.539568345323741
0.5348837209302325
0.5677966101694916
0.543046357615894
0.532051282051282
0.5369127516778524
0.5486111111111112
0.54421768707483
0.5614035087719298
0.535483870967742
0.5426356589147286
0.5565217391304348
0.5454545454545454
0.5573770491803278
0.5314685314685315
0.5461538461538461
0.5266666666666666
0.5414012738853503
0.5224719101123596
0.5294117647058824
0.5352112676056338
0.5215311004784688
0.5486725663716814
0.5555555555555556
0.5066666666666667
0.5378787878787878
0.5183673469387755
0.5371900826446281
0.5133333333333333
0.5166666666666667
0.5103448275862069
0.5033333333333333
0.5066666666666667
0.5066666666666667
0.5
0.49666666666666665
0.5
0.5033333333333333
0.51
0.49666666666666665
0.5
0.49666666666666665
0.49333333333333335
0.49666666666666665
0.5033333333333333
0.49333333333333335
0.49
0.49666666666666665
0.49666666666666665
0.49333333333333335
0.5
0.5
0.49666666666666665
0.5
0.49333333333333335
0.5066666666666667
0.5
0.49666666666666665
0.49666666666666665
0.5033333333333333
0.5
0.5
0.5066666666666667
0.5033333333333333
0.5
0.5
0.5033333333333333
0.5033333333333333
0.5055350553505535
0.49666666666666665
0.5066666666666667
0.5066666666666667
0.5016722408026756
0.5085470085470085
0.5089605734767025
0.5102040816326531
0.5060240963855421
0.5075187969924813
0.5121951219512195
0.52
0.5188679245283019
0.5112359550561798
0.5131578947368421
0.5209580838323353
0.5132275132275133
0.5112107623318386
0.5174418604651163
0.5191256830601093
0.5193370165745856
0.5279503105590062
0.5284090909090909
0.5125
0.525974025974026
0.5202312138728323
0.5220125786163522
0.5180722891566265
0.5352112676056338
0.5167785234899329
0.5256410256410257
0.532051282051282
0.5231788079470199
0.5263157894736842
0.5207100591715976
0.5323741007194245
0.5167785234899329
0.5231788079470199
0.5304878048780488
0.527027027027027
0.5222929936305732
0.5136986301369864
0.5227272727272727
0.5283018867924528
0.5214285714285715
0.5256410256410257
0.5263157894736842
0.5337837837837838
0.5182481751824818
0.5310344827586206
0.527027027027027
0.5352112676056338
0.5211267605633803
0.528
0.5344827586206896
0.5263157894736842
0.5342465753424658
0.5254237288135594
0.5328467153284672
0.5390070921985816
0.5423728813559322
0.5277777777777778
0.5398230088495575
0.5412844036697247
0.5354330708661418
0.5491803278688525
0.5412844036697247
0.5413533834586466
0.5431034482758621
0.5607476635514018
0.5478260869565217
0.5545454545454546
0.5490196078431373
0.5462962962962963
0.56
0.5433070866141733
0.56
0.5409836065573771
0.5416666666666666
0.5454545454545454
0.5575221238938053
0.5483870967741935
0.5416666666666666
0.5576923076923077
0.5538461538461539
0.5491803278688525
0.5625
0.5471698113207547
0.5419847328244275
0.5573770491803278
0.5476190476190477
0.5614035087719298
0.5555555555555556
0.5794392523364486
0.5491803278688525
0.5566037735849056
0.5426356589147286
0.5483870967741935
0.5625
0.5517241379310345
0.5660377358490566
0.546875
0.5528455284552846
0.5428571428571428
0.5545454545454546
0.5652173913043478
0.5531914893617021
0.5565217391304348
0.5523809523809524
0.5537190082644629
0.552
0.5546218487394958
0.5631067961165048
0.5648148148148148
0.5614035087719298
0.5565217391304348
0.55
0.5607476635514018
0.5585585585585585
0.5538461538461539
0.5648148148148148
0.5546218487394958
0.5648148148148148
0.5565217391304348
0.5566037735849056
0.5555555555555556
0.5575221238938053
0.5630252100840336
0.5507246376811594
0.54421768707483
0.5636363636363636
0.5576923076923077
0.5614035087719298
0.549618320610687
0.5483870967741935
0.5486725663716814
0.5596330275229358
0.5488721804511278
0.5573770491803278
0.5619834710743802
0.5586206896551724
0.5677966101694916
0.5495495495495496
0.5454545454545454
0.5555555555555556
0.5583333333333333
0.5573770491803278
0.56
0.5426356589147286
0.5476190476190477
0.546875
0.5573770491803278
0.549618320610687
0.5447761194029851
0.5416666666666666
0.5409836065573771
0.5391304347826087
0.5537190082644629
0.5483870967741935
0.5461538461538461
0.5602836879432624
0.5504587155963303
0.547945205479452
0.5491803278688525
0.5476190476190477
0.54421768707483
0.5447154471544715
0.5409836065573771
0.5454545454545454
0.5481481481481482
0.5434782608695652
0.539568345323741
0.5426356589147286
0.5477707006369427
0.5565217391304348
0.5373134328358209
0.5416666666666666
0.532258064516129
0.5447761194029851
0.5507246376811594
0.5514705882352942
0.5373134328358209
0.525974025974026
0.5317919075144508
0.5454545454545454
0.5328947368421053
0.543046357615894
0.5304878048780488
0.5373134328358209
0.5260115606936416
0.5396825396825397
0.5337837837837838
0.5290322580645161
0.527027027027027
0.5297619047619048
0.5345911949685535
0.5273972602739726
0.5269461077844312
0.5323741007194245
0.527027027027027
0.5252525252525253
0.5283018867924528
0.5378787878787878
0.5227272727272727
0.5310344827586206
0.5357142857142857
0.5272727272727272
0.5235602094240838
0.5277777777777778
0.5333333333333333
0.5283018867924528
0.5324675324675324
0.5302013422818792
0.5337837837837838
0.5476190476190477
0.5283018867924528
0.5294117647058824
0.5447154471544715
0.5407407407407407
0.5523809523809524
0.5367647058823529
0.5596330275229358
0.5347222222222222
0.5337837837837838
0.5431034482758621
0.5526315789473685
0.5413533834586466
0.5460992907801419
0.5478260869565217
0.5426356589147286
0.5523809523809524
0.5526315789473685
0.5324675324675324
0.5670103092783505
0.5619834710743802
0.544
0.5511811023622047
0.5467625899280576
0.549618320610687
0.5461538461538461
0.5526315789473685
0.5517241379310345
0.5478260869565217
0.5384615384615384
0.5636363636363636
0.5590551181102362
0.5546875
0.5491803278688525
0.5476190476190477
0.5565217391304348
0.5603448275862069
0.5441176470588235
0.5546218487394958
0.5467625899280576
0.5517241379310345
0.5630252100840336
0.544
0.5603448275862069
0.5447154471544715
0.5522388059701493
0.549618320610687
0.539568345323741
0.5394736842105263
0.5379310344827586
0.5428571428571428
0.5352112676056338
0.5433070866141733
0.5546875
0.5323741007194245
0.538961038961039
0.5290322580645161
0.5362318840579711
0.5347222222222222
0.536
0.5396825396825397
0.5446428571428571
0.547945205479452
0.54
0.5446428571428571
0.5345911949685535
0.5538461538461539
0.5367647058823529
0.5419847328244275
0.5546875
0.5603448275862069
0.5531914893617021
0.5447761194029851
0.5535714285714286
0.54421768707483
0.5546875
0.5461538461538461
0.5535714285714286
0.5517241379310345
0.5447154471544715
0.5588235294117647
0.5555555555555556
0.55
0.5614035087719298
0.5537190082644629
0.546875
0.5511811023622047
0.5434782608695652
0.5603448275862069
0.552
0.5379746835443038
0.5535714285714286
0.5528455284552846
0.541095890410959
0.541095890410959
0.546875
0.5364238410596026
0.5378787878787878
0.549618320610687
0.54
0.5414012738853503
0.5384615384615384
0.541095890410959
0.5263157894736842
0.5302013422818792
0.5300546448087432
0.532051282051282
0.525
0.528169014084507
0.5240641711229946
0.5294117647058824
0.5314685314685315
0.5287356321839081
0.5345911949685535
0.5192307692307693
0.5173913043478261
0.5210526315789473
0.5252525252525253
0.5290322580645161
0.51875
0.5265700483091788
0.5260115606936416
0.519774011299435
0.5198237885462555
0.525
0.5240384615384616
0.5172413793103449
0.5266666666666666
0.5263157894736842
0.5307262569832403
0.5257731958762887
0.5202020202020202
0.5202312138728323
0.5227272727272727
0.52
0.5159817351598174
0.5145985401459854
0.5245098039215687
0.5178571428571429
0.511520737327189
0.5066666666666667
0.5134228187919463
0.5110132158590308
0.5033333333333333
0.5084745762711864
0.5084745762711864
0.5038461538461538
0.5086206896551724
0.5033333333333333
0.5033333333333333
0.5066666666666667
0.5066666666666667
0.5066666666666667
0.5033333333333333
0.5033333333333333
0.5033333333333333
0.5
0.5033333333333333
0.5
0.5066666666666667
0.5066666666666667
0.5033333333333333
0.5033333333333333
0.5033333333333333
0.5
0.49666666666666665
0.49333333333333335
0.49666666666666665
0.5
0.49666666666666665
0.49666666666666665
0.5
0.5033333333333333
0.49666666666666665
0.49666666666666665
0.49666666666666665
0.49333333333333335
0.5
0.49333333333333335
0.49666666666666665
0.5
0.5
0.49666666666666665
0.49666666666666665
0.5056818181818182
0.5
0.497907949790795
0.49333333333333335
0.51
0.5
0.49666666666666665
0.5147058823529411
0.5
0.5133333333333333
0.49666666666666665
0.4945054945054945
0.5
0.5066666666666667
0.49572649572649574
0.51
0.5033333333333333
0.4942528735632184
0.5066666666666667
0.5066666666666667
0.5
0.5133333333333333
0.5114503816793893
0.5033333333333333
0.5096525096525096
0.51
0.5068493150684932
0.5066666666666667
0.5133333333333333
0.5104166666666666
0.5033333333333333
0.5060240963855421
0.5112781954887218
0.5133333333333333
0.51
0.5066666666666667
0.5066666666666667
0.51
0.5033333333333333
0.5133333333333333
0.5033333333333333
0.5
0.5066666666666667
0.5
0.5066666666666667
0.5
0.5
0.5066666666666667
0.5033333333333333
0.5113636363636364
0.5
0.5066666666666667
0.51
0.5
0.5
0.5033333333333333
0.5066666666666667
0.5
0.5066666666666667
0.5066666666666667
0.5033333333333333
0.5033333333333333
0.5106382978723404
0.5033333333333333
0.5066666666666667
0.5033333333333333
0.5066666666666667
0.5066666666666667
0.5
0.5
0.51
0.5033333333333333
0.51
0.51953125
0.5
0.5
0.5
0.5033333333333333
0.5066666666666667
0.49666666666666665
0.5033333333333333
0.5093632958801498
0.5066666666666667
0.51
0.5066666666666667
0.5102040816326531
0.5068493150684932
0.51
0.51
0.5066666666666667
0.49760765550239233
0.5066666666666667
0.5157894736842106
0.5066666666666667
0.5033333333333333
0.5051194539249146
0.5102040816326531
0.5102880658436214
0.5033333333333333
0.5092936802973977
0.5087719298245614
0.5
0.5139442231075697
0.5102040816326531
0.5071428571428571
0.5097276264591439
0.51440329218107
0.506896551724138
0.5073529411764706
0.5145228215767634
0.5137254901960784
0.51
0.5066666666666667
0.5055350553505535
0.5055762081784386
0.5098039215686274
0.5062761506276151
0.51
0.5066666666666667
0.5105633802816901
0.5077519379844961
0.5056603773584906
0.5033333333333333
0.502262443438914
0.5066666666666667
0.5133333333333333
0.51
0.5066666666666667
0.5066666666666667
0.5085324232081911
0.5033333333333333
0.5066666666666667
0.5066666666666667
0.5066666666666667
0.5066666666666667
0.5066666666666667
0.5066666666666667
0.5033333333333333
0.5033333333333333
0.5
0.5066666666666667
0.5033333333333333
0.5104166666666666
0.5033333333333333
0.5066666666666667
0.5
0.5
0.5066666666666667
0.5
0.5066666666666667
0.5066666666666667
0.5033333333333333
0.5066666666666667
0.5
0.5
0.5033333333333333
0.5033333333333333
0.5
0.5
0.5033333333333333
0.5
0.5066666666666667
0.5033333333333333
0.5
0.5
0.5033333333333333
0.49666666666666665
0.49333333333333335
0.49666666666666665
0.5
0.5033333333333333
0.49333333333333335
0.5033333333333333
0.5
0.5
0.49666666666666665
0.49666666666666665
0.5033333333333333
0.5
0.49666666666666665
0.49666666666666665
0.5
0.5033333333333333
0.5033333333333333
0.5
0.5
0.5033333333333333
0.49666666666666665
0.49666666666666665
0.5
0.5033333333333333
0.5033333333333333
0.5033333333333333
0.5033333333333333
0.5
0.49333333333333335
0.49666666666666665
0.5
0.49666666666666665
0.49333333333333335
0.5
0.5
0.5033333333333333
0.49666666666666665
0.5
0.5
0.49666666666666665
0.5
0.49666666666666665
0.49666666666666665
0.49666666666666665
0.5
0.5066666666666667
0.5
0.5066666666666667
0.5
0.5066666666666667
0.5
0.5033333333333333
0.5
0.5
0.5
0.5033333333333333
0.5
0.5033333333333333
0.5
0.49666666666666665
0.5
0.49666666666666665
0.5
0.5
0.49666666666666665
0.49666666666666665
0.5033333333333333
0.49666666666666665
0.5
0.49666666666666665
0.49666666666666665
0.5033333333333333
0.5066666666666667
0.5
0.5033333333333333
0.5
0.49666666666666665
0.5
0.5033333333333333
0.49666666666666665
0.5033333333333333
0.5
0.5
0.5
0.5
0.5
0.5
0.5066666666666667
0.5
0.49666666666666665
0.5033333333333333
0.5
0.5
0.5
0.5033333333333333
0.5033333333333333
0.5
0.5
0.5
0.5
0.5
0.49666666666666665
0.5033333333333333
0.5
0.49666666666666665
0.5033333333333333
0.49666666666666665
0.5
0.5
0.5
0.5066666666666667
0.5
0.49666666666666665
0.5
0.5
0.5
0.5
0.5033333333333333
0.5
0.49666666666666665
0.5066666666666667
0.5
0.49666666666666665
0.5033333333333333
0.49666666666666665
0.5033333333333333
0.5
0.5033333333333333
0.5
0.5
0.5
0.5
0.5033333333333333
0.5
0.49666666666666665
0.5
0.5
0.49333333333333335
0.5033333333333333
0.5
0.5
0.49666666666666665
0.49666666666666665
0.5
0.5033333333333333
0.5
0.5033333333333333
0.5
0.49666666666666665
0.5033333333333333
0.5066666666666667
0.4979757085020243
0.5033333333333333
0.5
0.5
0.49333333333333335
0.5066666666666667
0.5033333333333333
0.49333333333333335
0.49666666666666665
0.5
0.5
0.5
0.5066666666666667
0.4925373134328358
0.49666666666666665
0.5
0.5
0.5033333333333333
0.5
0.49523809523809526
0.49333333333333335
0.5
0.5033333333333333
0.49333333333333335
0.5066666666666667
0.5
0.49666666666666665
0.5
0.5033333333333333
0.49333333333333335
0.49666666666666665
0.5033333333333333
0.5033333333333333
0.5033333333333333
0.49666666666666665
0.5
0.49666666666666665
0.5066666666666667
0.5033333333333333
0.49666666666666665
0.49666666666666665
0.5
0.49666666666666665
0.5
0.5
0.5
0.49666666666666665
0.51
0.5
0.49666666666666665
0.49
0.49333333333333335
0.5034965034965035
0.5
0.5033333333333333
0.5033333333333333
0.49
0.49666666666666665
0.5
0.5165289256198347
0.49666666666666665
0.5033333333333333
0.5033333333333333
0.49666666666666665
0.5066666666666667
0.5
0.5033333333333333
0.49666666666666665
0.5
0.49333333333333335
0.5066666666666667
0.5
0.5
0.5
0.5
0.5
0.5
0.5033333333333333
0.5066666666666667
0.5033333333333333
0.5033333333333333
0.5033333333333333
0.5066666666666667
0.5
0.5033333333333333
0.49666666666666665
0.5
0.5033333333333333
0.5033333333333333
0.5033333333333333
0.5
0.49666666666666665
0.5033333333333333
0.5
0.49666666666666665
0.5
0.49666666666666665
0.5
0.49666666666666665
0.49333333333333335
0.5
0.49666666666666665
0.5
0.49666666666666665
0.5
0.5
0.49666666666666665
