0.6190476190476191
0.5
0.5882352941176471
0.5
0.5185185185185185
0.75
0.5217391304347826
0.47368421052631576
0.5555555555555556
0.6666666666666666
0.5789473684210527
0.45
0.5238095238095238
0.5
0.52
0.5185185185185185
0.5483870967741935
0.47058823529411764
0.5555555555555556
0.5526315789473685
0.5
0.47368421052631576
0.4230769230769231
0.5333333333333333
0.5
0.4444444444444444
0.5
0.5306122448979592
0.48484848484848486
0.525
0.4423076923076923
0.5
0.4942528735632184
0.53125
0.46875
0.4782608695652174
0.45454545454545453
0.48
0.5254237288135594
0.475
0.5
0.4857142857142857
0.5142857142857142
0.5
0.53125
0.5045045045045045
0.5106382978723404
0.5287356321839081
0.5061728395061729
0.5
0.4852941176470588
0.5142857142857142
0.5370370370370371
0.5151515151515151
0.547945205479452
0.46938775510204084
0.5324675324675324
0.4576271186440678
0.5116279069767442
0.49038461538461536
0.5135135135135135
0.4791666666666667
0.5357142857142857
0.5283018867924528
0.46153846153846156
0.5308641975308642
0.48
0.5208333333333334
0.4666666666666667
0.45
0.5245901639344263
0.4864864864864865
0.49523809523809526
0.54
0.5357142857142857
0.4594594594594595
0.4915254237288136
0.4731182795698925
0.5483870967741935
0.5254237288135594
0.5405405405405406
0.4945054945054945
0.4807692307692308
0.5185185185185185
0.5301204819277109
0.4626865671641791
0.5333333333333333
0.5294117647058824
0.5324675324675324
0.47058823529411764
0.47692307692307695
0.4782608695652174
0.5306122448979592
0.5230769230769231
0.4594594594594595
0.5182481751824818
0.46551724137931033
0.4861111111111111
0.49624060150375937
0.45
0.5172413793103449
0.484375
0.4805194805194805
0.46153846153846156
0.5573770491803278
0.4457831325301205
0.4722222222222222
0.4583333333333333
0.46774193548387094
0.525
0.5483870967741935
0.532608695652174
0.46236559139784944
0.48936170212765956
0.4897959183673469
0.5178571428571429
0.46875
0.5285714285714286
0.5492957746478874
0.5100671140939598
0.5111111111111111
0.5307692307692308
0.463768115942029
0.5308641975308642
0.5316455696202531
0.5319148936170213
0.5370370370370371
0.4649122807017544
0.5512820512820513
0.5238095238095238
0.5217391304347826
0.5373134328358209
0.5319148936170213
0.5214723926380368
0.46496815286624205
0.5266272189349113
0.5454545454545454
0.46987951807228917
0.4523809523809524
0.4728682170542636
0.45652173913043476
0.43661971830985913
0.4659090909090909
0.46745562130177515
0.4527027027027027
0.47368421052631576
0.46060606060606063
0.48120300751879697
0.4885844748858447
0.5066666666666667
0.488
0.48109965635738833
0.4689655172413793
0.48760330578512395
0.4765625
0.47593582887700536
0.4926829268292683
0.4742857142857143
0.4632768361581921
0.45112781954887216
0.4423076923076923
0.4609375
0.44970414201183434
0.4424778761061947
0.45864661654135336
0.4583333333333333
0.45652173913043476
0.4717948717948718
0.46875
0.4727272727272727
0.4861111111111111
0.49333333333333335
0.51
0.4954954954954955
0.5104166666666666
0.5235294117647059
0.5125
0.5317460317460317
0.532051282051282
0.5316455696202531
0.5194805194805194
0.546875
0.5245901639344263
0.5508474576271186
0.5416666666666666
0.5420560747663551
0.5277777777777778
0.5303030303030303
0.5228758169934641
0.56
0.5
0.5476190476190477
0.5416666666666666
0.5446428571428571
0.5289855072463768
0.5384615384615384
0.5454545454545454
0.5338983050847458
0.5384615384615384
0.5398230088495575
0.5454545454545454
0.5454545454545454
0.5526315789473685
0.5546218487394958
0.532258064516129
0.5350877192982456
0.5096774193548387
0.5483870967741935
0.5294117647058824
0.52046783625731
0.5142857142857142
0.5338983050847458
0.5132275132275133
0.5136612021857924
0.5149700598802395
0.5141700404858299
0.5141700404858299
0.5205479452054794
0.5
0.5123674911660777
0.5
0.5219298245614035
0.5066666666666667
0.5145985401459854
0.5033333333333333
0.51
0.52
0.5086206896551724
0.5095785440613027
0.5113122171945701
0.5033333333333333
0.5033557046979866
0.5086505190311419
0.5168067226890757
0.5240174672489083
0.519163763066202
0.5080213903743316
0.5131578947368421
0.511520737327189
0.5421686746987951
0.5084033613445378
0.521505376344086
0.5088757396449705
0.5
0.5186915887850467
0.5154639175257731
0.51010101010101
0.5181347150259067
0.5050505050505051
0.5144230769230769
0.5194174757281553
0.5248618784530387
0.5187165775401069
0.5221674876847291
0.5198019801980198
0.5196850393700787
0.5150214592274678
0.5120967741935484
0.5033333333333333
0.49666666666666665
0.5
0.496551724137931
0.51
0.4943820224719101
0.5033333333333333
0.5033333333333333
0.5
0.4896265560165975
0.5079365079365079
0.5
0.49666666666666665
0.5066666666666667
0.49666666666666665
0.5033333333333333
0.5033333333333333
0.5
0.5053763440860215
0.49
0.510752688172043
0.49473684210526314
0.5
0.4975845410628019
0.5033333333333333
0.5066666666666667
0.4959349593495935
0.49666666666666665
0.4896551724137931
0.49666666666666665
0.5074626865671642
0.49324324324324326
0.5033333333333333
0.49666666666666665
0.49666666666666665
0.5033333333333333
0.496551724137931
0.5066666666666667
0.5033333333333333
0.5033333333333333
0.49
0.49333333333333335
0.5
0.49333333333333335
0.5033333333333333
0.5111111111111111
0.4921875
0.49557522123893805
0.49666666666666665
0.5033333333333333
0.4961832061068702
0.5
0.49673202614379086
0.5247524752475248
0.49514563106796117
0.4934210526315789
0.4966442953020134
0.49830508474576274
0.5
0.49666666666666665
0.49047619047619045
0.42857142857142855
0.5066666666666667
0.5
0.5054945054945055
0.51
0.5
0.49333333333333335
0.4927536231884058
0.5
0.5
0.49333333333333335
0.4838709677419355
0.5
0.49666666666666665
0.5126050420168067
0.5
0.5017182130584192
0.4936708860759494
0.5132743362831859
0.5
0.49666666666666665
0.5
0.49498327759197325
0.49333333333333335
0.4878048780487805
0.5033333333333333
0.5
0.5
0.5
0.49666666666666665
0.49666666666666665
0.48872180451127817
0.4869109947643979
0.4943820224719101
0.4962121212121212
0.49049429657794674
0.48559670781893005
0.4793388429752066
0.4908256880733945
0.4859437751004016
0.4898785425101215
0.49099099099099097
0.49537037037037035
0.48523206751054854
0.4904214559386973
0.4897959183673469
0.49377593360995853
0.4904214559386973
0.4897260273972603
0.4866920152091255
0.4981684981684982
0.5022222222222222
0.49491525423728816
0.4866920152091255
0.49666666666666665
0.4962962962962963
0.5
0.5
0.49666666666666665
0.49666666666666665
0.496551724137931
0.5033333333333333
0.49666666666666665
0.49666666666666665
0.5
0.4847161572052402
0.5
0.487012987012987
0.49333333333333335
0.49
0.4875
0.4605263157894737
0.5025906735751295
0.4859154929577465
0.49324324324324326
0.5035211267605634
0.502262443438914
0.4956521739130435
0.5033333333333333
0.4942084942084942
0.5
0.5092250922509225
0.49166666666666664
0.5
0.5132275132275133
0.484375
0.49666666666666665
0.5027322404371585
0.5097276264591439
0.5185185185185185
0.5
0.47580645161290325
0.5050505050505051
0.5
0.5033333333333333
0.4927536231884058
0.4830508474576271
0.5031847133757962
0.49110320284697506
0.46808510638297873
0.4963235294117647
0.5066666666666667
0.46551724137931033
0.5106382978723404
0.5120481927710844
0.49746192893401014
0.46551724137931033
0.4523809523809524
0.46551724137931033
0.494949494949495
0.42857142857142855
0.4910394265232975
0.48854961832061067
0.5085714285714286
0.48292682926829267
0.49696969696969695
0.5033333333333333
0.503968253968254
0.5033333333333333
0.4855072463768116
0.4959016393442623
0.5041666666666667
0.43636363636363634
0.5066666666666667
0.48148148148148145
0.5
0.5033333333333333
0.48756218905472637
0.4943820224719101
0.4977168949771689
0.489247311827957
0.49666666666666665
0.49122807017543857
0.4943820224719101
0.5078125
0.5033333333333333
0.5
0.5185185185185185
0.49666666666666665
0.49612403100775193
0.5
0.4852941176470588
0.5
0.5066666666666667
0.5087719298245614
0.49333333333333335
0.49666666666666665
0.5
0.5020408163265306
0.49666666666666665
0.49666666666666665
0.49666666666666665
0.5
0.5
0.49666666666666665
0.4954954954954955
0.5
0.5
0.5033333333333333
0.49333333333333335
0.5033333333333333
0.49333333333333335
0.5
0.49666666666666665
0.5
0.5055555555555555
0.489010989010989
0.5
0.49666666666666665
0.5033333333333333
0.5033333333333333
0.49666666666666665
0.5
0.5033333333333333
0.49666666666666665
0.5
0.49666666666666665
0.49666666666666665
0.5033333333333333
0.49
0.5
0.5
0.5033333333333333
0.5033333333333333
0.49333333333333335
0.49333333333333335
0.5033333333333333
0.5033333333333333
0.5
0.5
0.5
0.49666666666666665
0.49230769230769234
0.5
0.5
0.5
0.49333333333333335
0.5033333333333333
0.49666666666666665
0.5
0.5017421602787456
0.5068493150684932
0.49333333333333335
0.49666666666666665
0.5
0.49666666666666665
0.5
0.49666666666666665
0.5033333333333333
0.5033333333333333
0.5033333333333333
0.5
0.5066666666666667
0.5
0.5066666666666667
0.5
0.5
0.5033333333333333
0.5033333333333333
0.5
0.5066666666666667
0.5
0.49666666666666665
0.5033333333333333
0.5
0.5033333333333333
0.5
0.5033333333333333
0.49333333333333335
0.5
0.49666666666666665
0.5
0.49666666666666665
0.5
0.4980237154150198
0.5033333333333333
0.5033333333333333
0.5
0.49666666666666665
0.5066666666666667
0.5033333333333333
0.5066666666666667
0.5066666666666667
0.49666666666666665
0.5
0.49333333333333335
0.49666666666666665
0.5
0.5
0.5033333333333333
0.49666666666666665
0.5
0.5033333333333333
0.49666666666666665
0.5
0.49666666666666665
0.5033333333333333
0.51
0.49333333333333335
0.5033333333333333
0.5
0.49666666666666665
0.5033333333333333
0.5033333333333333
0.5
0.5
0.5
0.5033333333333333
0.5
0.5
0.49666666666666665
0.5
0.49666666666666665
0.5066666666666667
0.5033333333333333
0.49666666666666665
0.5
0.5
0.5
0.5033333333333333
0.5
0.5033333333333333
0.49333333333333335
0.5033333333333333
0.5033333333333333
0.5033333333333333
0.5
0.5033333333333333
0.5
0.5
0.5
0.5
0.5
0.5
0.49666666666666665
0.49666666666666665
0.5033333333333333
0.5
0.5
0.5
0.5
0.5033333333333333
0.5033333333333333
0.5033333333333333
0.49666666666666665
0.5
0.5
0.5033333333333333
0.5
0.5
0.5033333333333333
0.49666666666666665
0.5033333333333333
0.5033333333333333
0.5033333333333333
0.49666666666666665
0.5
0.49666666666666665
0.5
0.5033333333333333
0.5033333333333333
0.5
0.5033333333333333
0.5066666666666667
0.5
0.5
0.5
0.49333333333333335
0.5
0.5033333333333333
0.49666666666666665
0.49333333333333335
0.49666666666666665
0.5
0.5
0.5033333333333333
0.49666666666666665
0.5033333333333333
0.5066666666666667
0.5033333333333333
0.5
0.49666666666666665
0.5
0.49666666666666665
0.5033333333333333
0.5
0.5
0.5
0.5033333333333333
0.5
0.5066666666666667
0.5033333333333333
0.5
0.49666666666666665
0.5033333333333333
0.5
0.49666666666666665
0.5
0.5033333333333333
0.5
0.5033333333333333
0.5033333333333333
0.5033333333333333
0.5033333333333333
0.5
0.5
0.5066666666666667
0.5033333333333333
0.5
0.5033333333333333
0.5033333333333333
0.5
0.5
0.5033333333333333
0.5033333333333333
0.5033333333333333
0.49333333333333335
0.5066666666666667
0.5
0.49666666666666665
0.49666666666666665
0.5033333333333333
0.5
0.5066666666666667
0.5
0.5033333333333333
0.5033333333333333
0.5033333333333333
0.49666666666666665
0.5066666666666667
0.5
0.5033333333333333
0.5
0.49666666666666665
0.5033333333333333
0.5
0.49666666666666665
0.5
0.5066666666666667
0.49666666666666665
0.5
0.5
0.5
0.5
0.5
0.5
0.5
0.5066666666666667
0.49666666666666665
0.5033333333333333
0.5033333333333333
0.5
0.5
0.5
0.5
0.5
0.5
0.5033333333333333
0.49666666666666665
0.5033333333333333
0.5
0.5033333333333333
0.5
0.49666666666666665
0.5
0.5
0.5033333333333333
0.49666666666666665
0.5
0.5
0.5033333333333333
0.5066666666666667
0.5033333333333333
0.49666666666666665
0.5033333333333333
0.49666666666666665
0.5033333333333333
0.5033333333333333
0.5033333333333333
0.5
0.5033333333333333
0.5066666666666667
0.49666666666666665
0.49333333333333335
0.49333333333333335
0.5
0.5
0.5
0.5
0.5
0.5033333333333333
0.5
0.49333333333333335
0.49333333333333335
0.49333333333333335
0.5066666666666667
0.49666666666666665
0.5
0.5033333333333333
0.49666666666666665
0.49666666666666665
0.49666666666666665
0.49333333333333335
0.49666666666666665
0.5
0.49666666666666665
0.49666666666666665
0.49666666666666665
0.49666666666666665
0.49333333333333335
0.5033333333333333
0.49333333333333335
0.49666666666666665
0.507537688442211
0.49666666666666665
0.5033333333333333
0.5033333333333333
0.5033333333333333
0.5066666666666667
0.5066666666666667
0.5066666666666667
0.5066666666666667
0.5066666666666667
0.5033333333333333
0.4980237154150198
0.51
0.5066666666666667
0.49666666666666665
0.5066666666666667
0.496551724137931
0.5033333333333333
0.5033333333333333
0.5066666666666667
0.5033333333333333
0.5
0.5
0.5033333333333333
0.51
0.5066666666666667
0.5066666666666667
0.49666666666666665
0.5066666666666667
0.5066666666666667
0.5033333333333333
0.5
0.5066666666666667
0.5033333333333333
0.5
0.4921259842519685
0.5
0.5033333333333333
0.497907949790795
0.5026455026455027
0.5033333333333333
0.5
0.49666666666666665
0.5
0.5
0.49666666666666665
0.5033333333333333
0.49666666666666665
0.5033333333333333
0.49666666666666665
0.5
0.5033333333333333
0.49666666666666665
0.49333333333333335
0.5
0.49333333333333335
0.5
0.5
0.49333333333333335
0.5
0.49666666666666665
0.49666666666666665
0.5
0.5
0.5
0.5035971223021583
0.5037593984962406
0.5
0.5095785440613027
0.5040322580645161
0.5118110236220472
0.5084033613445378
0.5084033613445378
0.5063291139240507
0.5129310344827587
0.5066079295154186
0.5043103448275862
0.5112107623318386
0.5089285714285714
0.509009009009009
0.5046296296296297
0.511520737327189
0.5069124423963134
0.5071090047393365
0.5077720207253886
0.5132275132275133
0.5096153846153846
0.51010101010101
0.5133689839572193
0.5105263157894737
0.5130890052356021
0.5138121546961326
0.5166666666666667
0.5195530726256983
0.5161290322580645
0.52046783625731
0.5163043478260869
0.5135135135135135
0.519774011299435
0.5166666666666667
0.5212121212121212
0.5164835164835165
0.514792899408284
0.52046783625731
0.5214723926380368
0.52046783625731
0.5269461077844312
0.5144508670520231
0.5297619047619048
0.5180722891566265
0.5301204819277109
0.5172413793103449
0.5217391304347826
0.5212121212121212
0.5231788079470199
0.5176470588235295
0.51875
0.5225806451612903
0.5234899328859061
0.5231788079470199
0.5253164556962026
0.5194805194805194
0.5220125786163522
0.5231788079470199
0.5225806451612903
0.5298013245033113
0.5273972602739726
0.5266666666666666
0.5290322580645161
0.5306122448979592
0.527027027027027
0.5328947368421053
0.528169014084507
0.527027027027027
0.5310344827586206
0.5283018867924528
0.527027027027027
0.5298013245033113
0.5283018867924528
0.5323741007194245
0.5374149659863946
0.5285714285714286
0.5362318840579711
0.5294117647058824
0.5323741007194245
0.5401459854014599
0.5319148936170213
0.5241379310344828
0.5362318840579711
0.5244755244755245
0.5294117647058824
0.5310344827586206
0.5294117647058824
0.5362318840579711
0.5289855072463768
0.5289855072463768
0.5333333333333333
0.5337837837837838
0.5354330708661418
0.5373134328358209
0.5422535211267606
0.5357142857142857
0.5373134328358209
0.5390625
0.5413533834586466
0.53125
0.5310344827586206
0.5396825396825397
0.5378787878787878
0.5271317829457365
0.5384615384615384
0.5384615384615384
0.5373134328358209
0.536
0.5409836065573771
0.5347222222222222
0.5294117647058824
0.5454545454545454
0.5328467153284672
0.539568345323741
0.541095890410959
0.5323741007194245
0.5378787878787878
0.5434782608695652
0.5367647058823529
0.5323741007194245
0.5419847328244275
0.5373134328358209
0.5314685314685315
0.5367647058823529
0.5333333333333333
0.5337837837837838
0.5333333333333333
0.5357142857142857
0.5342465753424658
0.5238095238095238
0.5228758169934641
0.5277777777777778
0.5273972602739726
0.5222929936305732
0.5298013245033113
0.5266666666666666
0.5231788079470199
0.5228758169934641
0.5253164556962026
0.5246913580246914
0.51875
0.5253164556962026
