0.5
0.5769230769230769
0.6
0.6285714285714286
0.6428571428571429
0.7333333333333333
0.575
0.4482758620689655
0.5
0.6
0.5517241379310345
0.5833333333333334
0.6
0.5555555555555556
0.5714285714285714
0.625
0.5555555555555556
0.5357142857142857
0.5
0.5121951219512195
0.7
0.5714285714285714
0.5217391304347826
0.4642857142857143
0.525
0.5454545454545454
0.5833333333333334
0.625
0.55
0.5324675324675324
0.5263157894736842
0.5789473684210527
0.5531914893617021
0.5555555555555556
0.5
0.6470588235294118
0.5862068965517241
0.52
0.5384615384615384
0.48
0.48
0.5111111111111111
0.52
0.4666666666666667
0.6153846153846154
0.5384615384615384
0.4948453608247423
0.6111111111111112
0.47368421052631576
0.5294117647058824
0.5344827586206896
0.5185185185185185
0.5625
0.5094339622641509
0.42105263157894735
0.5454545454545454
0.56
0.5
0.23076923076923078
0.5185185185185185
0.4782608695652174
0.48148148148148145
0.5263157894736842
0.5227272727272727
0.5128205128205128
0.49295774647887325
0.5185185185185185
0.45454545454545453
0.4642857142857143
0.46153846153846156
0.49230769230769234
0.45714285714285713
0.48
0.4634146341463415
0.4634146341463415
0.48760330578512395
0.5211267605633803
0.4864864864864865
0.52
0.4772727272727273
0.4657534246575342
0.4722222222222222
0.46464646464646464
0.5294117647058824
0.5
0.5057471264367817
0.5504587155963303
0.47863247863247865
0.48936170212765956
0.5133689839572193
0.43333333333333335
0.4973821989528796
0.5535714285714286
0.5245901639344263
0.5174418604651163
0.5125
0.5531914893617021
0.5327868852459017
0.5217391304347826
0.49333333333333335
0.5325443786982249
0.509090909090909
0.5476190476190477
0.5148514851485149
0.49
0.5138121546961326
0.5206611570247934
0.5037037037037037
0.4803921568627451
0.485
0.5154639175257731
0.5063291139240507
0.4878048780487805
0.495
0.47560975609756095
0.4935897435897436
0.48
0.49
0.45794392523364486
0.4732142857142857
0.4782608695652174
0.4666666666666667
0.45
0.5
0.47368421052631576
0.4666666666666667
0.46226415094339623
0.4846153846153846
0.5
0.47058823529411764
0.46875
0.46218487394957986
0.45714285714285713
0.43564356435643564
0.4793388429752066
0.453781512605042
0.41935483870967744
0.47058823529411764
0.4528301886792453
0.4594594594594595
0.42857142857142855
0.44642857142857145
0.46808510638297873
0.46218487394957986
0.45132743362831856
0.4473684210526316
0.452991452991453
0.45689655172413796
0.48
0.47058823529411764
0.43478260869565216
0.45901639344262296
0.43859649122807015
0.45535714285714285
0.45
0.4491525423728814
0.4827586206896552
0.46153846153846156
0.4523809523809524
0.44339622641509435
0.4339622641509434
0.4215686274509804
0.4411764705882353
0.4318181818181818
0.45714285714285713
0.4153846153846154
0.4326923076923077
0.48148148148148145
0.4491525423728814
0.4634146341463415
0.4444444444444444
0.42857142857142855
0.41964285714285715
0.45454545454545453
0.43103448275862066
0.42857142857142855
0.46153846153846156
0.4368932038834951
0.4326923076923077
0.4444444444444444
0.43661971830985913
0.4387755102040816
0.4444444444444444
0.43103448275862066
0.44554455445544555
0.5
0.4406779661016949
0.4444444444444444
0.4444444444444444
0.45454545454545453
0.46153846153846156
0.44680851063829785
0.4634146341463415
0.45454545454545453
0.4444444444444444
0.43243243243243246
0.4631578947368421
0.44642857142857145
0.44329896907216493
0.45454545454545453
0.4567901234567901
0.4583333333333333
0.45081967213114754
0.42574257425742573
0.4519230769230769
0.4322033898305085
0.4387755102040816
0.45121951219512196
0.43434343434343436
0.4375
0.4318181818181818
0.4583333333333333
0.4722222222222222
0.42727272727272725
0.42574257425742573
0.4336283185840708
0.5
0.44036697247706424
0.42424242424242425
0.4492753623188406
0.4380952380952381
0.43478260869565216
0.42718446601941745
0.4230769230769231
0.4444444444444444
0.45
0.44047619047619047
0.4594594594594595
0.4367816091954023
0.4444444444444444
0.42857142857142855
0.43243243243243246
0.4318181818181818
0.4423076923076923
0.42857142857142855
0.4482758620689655
0.4368932038834951
0.41333333333333333
0.45454545454545453
0.4146341463414634
0.42857142857142855
0.43617021276595747
0.43478260869565216
0.4383561643835616
0.4411764705882353
0.4117647058823529
0.4444444444444444
0.4318181818181818
0.4418604651162791
0.4318181818181818
0.4406779661016949
0.42452830188679247
0.4423076923076923
0.43333333333333335
0.4473684210526316
0.4392523364485981
0.45454545454545453
0.44537815126050423
0.45614035087719296
0.4380952380952381
0.42857142857142855
0.4576271186440678
0.4523809523809524
0.4609375
0.448
0.453125
0.452991452991453
0.45528455284552843
0.4552238805970149
0.4523809523809524
0.45454545454545453
0.45454545454545453
0.45689655172413796
0.45161290322580644
0.4552238805970149
0.45132743362831856
0.4444444444444444
0.4519230769230769
0.4444444444444444
0.43373493975903615
0.4329896907216495
0.44036697247706424
0.42105263157894735
0.42857142857142855
0.46153846153846156
0.44
0.4411764705882353
0.4266666666666667
0.4482758620689655
0.45454545454545453
0.4307692307692308
0.4230769230769231
0.4642857142857143
0.4268292682926829
0.425531914893617
0.4375
0.43243243243243246
0.4482758620689655
0.4375
0.44680851063829785
0.475
0.43333333333333335
0.44871794871794873
0.45098039215686275
0.43243243243243246
0.42105263157894735
0.45
0.44545454545454544
0.4387755102040816
0.43209876543209874
0.45714285714285713
0.4727272727272727
0.42857142857142855
0.47058823529411764
0.4264705882352941
0.44
0.4166666666666667
0.45454545454545453
0.41509433962264153
0.44
0.41975308641975306
0.46
0.4375
0.43333333333333335
0.42857142857142855
0.42857142857142855
0.44565217391304346
0.42105263157894735
0.45132743362831856
0.4444444444444444
0.4305555555555556
0.4342105263157895
0.4461538461538462
0.44680851063829785
0.44047619047619047
0.4583333333333333
0.44047619047619047
0.43137254901960786
0.43956043956043955
0.4421052631578947
0.45555555555555555
0.43820224719101125
0.42528735632183906
0.4519230769230769
0.43820224719101125
0.4383561643835616
0.4375
0.44660194174757284
0.4479166666666667
0.43373493975903615
0.4305555555555556
0.4431818181818182
0.4268292682926829
0.4153846153846154
0.4482758620689655
0.4634146341463415
0.423728813559322
0.45454545454545453
0.43859649122807015
0.43283582089552236
0.44
0.43137254901960786
0.4642857142857143
0.45454545454545453
0.4423076923076923
0.46153846153846156
0.425
0.42857142857142855
0.46511627906976744
0.43103448275862066
0.45454545454545453
0.47368421052631576
0.42857142857142855
0.43902439024390244
0.46153846153846156
0.4411764705882353
0.45454545454545453
0.45454545454545453
0.43103448275862066
0.4482758620689655
0.4523809523809524
0.43243243243243246
0.45
0.42857142857142855
0.4339622641509434
0.4262295081967213
0.42
0.45652173913043476
0.4426229508196721
0.4375
0.45098039215686275
0.4594594594594595
0.45454545454545453
0.4307692307692308
0.4533333333333333
0.44
0.4383561643835616
0.43209876543209874
0.44
0.4305555555555556
0.43902439024390244
0.42028985507246375
0.43037974683544306
0.4264705882352941
0.45
0.44086021505376344
0.44565217391304346
0.43037974683544306
0.4457831325301205
0.4375
0.4358974358974359
0.43333333333333335
0.4266666666666667
0.44285714285714284
0.4264705882352941
0.46774193548387094
0.4358974358974359
0.4528301886792453
0.44594594594594594
0.44594594594594594
0.4383561643835616
0.4533333333333333
0.45901639344262296
0.42857142857142855
0.4387755102040816
0.44155844155844154
0.44776119402985076
0.43529411764705883
0.4358974358974359
0.4264705882352941
0.43661971830985913
0.44680851063829785
0.43373493975903615
0.4444444444444444
0.43478260869565216
0.4418604651162791
0.4431818181818182
0.43333333333333335
0.4482758620689655
0.43478260869565216
0.4342105263157895
0.4444444444444444
0.4444444444444444
0.425
0.42424242424242425
0.46296296296296297
0.4411764705882353
0.4444444444444444
0.43548387096774194
0.44
0.4489795918367347
0.4318181818181818
0.44155844155844154
0.4393939393939394
0.43103448275862066
0.4262295081967213
0.4421052631578947
0.4264705882352941
0.4444444444444444
0.45054945054945056
0.4262295081967213
0.45161290322580644
0.4473684210526316
0.43209876543209874
0.4519230769230769
0.43617021276595747
0.4482758620689655
0.44047619047619047
0.4268292682926829
0.4421052631578947
0.44155844155844154
0.4383561643835616
0.45454545454545453
0.4423076923076923
0.44047619047619047
0.42857142857142855
0.4342105263157895
0.45121951219512196
0.4342105263157895
0.4375
0.43243243243243246
0.43333333333333335
0.4367816091954023
0.43548387096774194
0.4470588235294118
0.46511627906976744
0.43037974683544306
0.43283582089552236
0.4426229508196721
0.4375
0.43037974683544306
0.42857142857142855
0.42857142857142855
0.42857142857142855
0.4266666666666667
0.4235294117647059
0.4222222222222222
0.4307692307692308
0.43661971830985913
0.43023255813953487
0.45454545454545453
0.43859649122807015
0.4375
0.43243243243243246
0.4411764705882353
0.43243243243243246
0.42857142857142855
0.4166666666666667
0.44594594594594594
0.4235294117647059
0.42028985507246375
0.45
0.42857142857142855
0.4423076923076923
0.43209876543209874
0.45454545454545453
0.44642857142857145
0.43434343434343436
0.4406779661016949
0.43333333333333335
0.4189189189189189
0.4418604651162791
0.42696629213483145
0.4318181818181818
0.43333333333333335
0.4342105263157895
0.4262295081967213
0.44680851063829785
0.43529411764705883
0.4268292682926829
0.4318181818181818
0.42857142857142855
0.4482758620689655
0.44047619047619047
0.425
0.4318181818181818
0.42168674698795183
0.421875
0.46153846153846156
0.44
0.43434343434343436
0.41935483870967744
0.4523809523809524
0.43548387096774194
0.4411764705882353
0.43617021276595747
0.43243243243243246
0.42857142857142855
0.4266666666666667
0.4166666666666667
0.43333333333333335
0.46153846153846156
0.42424242424242425
0.4375
0.43243243243243246
0.4358974358974359
0.4444444444444444
0.45454545454545453
0.4423076923076923
0.4482758620689655
0.42424242424242425
0.42857142857142855
0.43529411764705883
0.425531914893617
0.44
0.42857142857142855
0.43243243243243246
0.4375
0.4262295081967213
0.4444444444444444
0.4375
0.4482758620689655
0.43333333333333335
0.42857142857142855
0.4375
0.4230769230769231
0.5
0.4375
0.4230769230769231
0.44
0.4375
0.4418604651162791
0.4482758620689655
0.45714285714285713
0.4482758620689655
0.4375
0.42857142857142855
0.45714285714285713
0.4489795918367347
0.4175824175824176
0.43243243243243246
0.43157894736842106
0.4175824175824176
0.42045454545454547
0.4418604651162791
0.42391304347826086
0.43
0.44
0.46875
0.4222222222222222
0.4270833333333333
0.42574257425742573
0.43010752688172044
0.43209876543209874
0.43
0.4329896907216495
0.44329896907216493
0.4268292682926829
0.41935483870967744
0.4329896907216495
0.421875
0.422680412371134
0.42857142857142855
0.42045454545454547
0.42528735632183906
0.44
0.4155844155844156
0.42857142857142855
0.4375
0.4262295081967213
0.4339622641509434
0.42857142857142855
0.4411764705882353
0.42857142857142855
0.42592592592592593
0.4318181818181818
0.45161290322580644
0.425531914893617
0.4423076923076923
0.4186046511627907
0.44
0.4583333333333333
0.45
0.4375
0.42
0.4444444444444444
0.4473684210526316
0.4375
0.4375
0.45454545454545453
0.45454545454545453
0.46875
0.45
0.4594594594594595
0.4482758620689655
0.45454545454545453
0.44
0.41509433962264153
0.44
0.4444444444444444
0.4411764705882353
0.42105263157894735
0.4473684210526316
0.46153846153846156
0.425
0.45
0.42857142857142855
0.43636363636363634
0.42424242424242425
0.4375
0.47058823529411764
0.44
0.4318181818181818
0.43902439024390244
0.43902439024390244
0.4411764705882353
0.43103448275862066
0.4358974358974359
0.45161290322580644
0.43478260869565216
0.43859649122807015
0.4375
0.4318181818181818
0.42857142857142855
0.423728813559322
0.42857142857142855
0.43137254901960786
0.43333333333333335
0.41818181818181815
0.4634146341463415
0.42857142857142855
0.4375
0.43243243243243246
0.4418604651162791
0.43548387096774194
0.43243243243243246
0.41818181818181815
0.4305555555555556
0.43103448275862066
0.4222222222222222
0.43209876543209874
0.43859649122807015
0.42424242424242425
0.42857142857142855
0.44
0.4418604651162791
0.4098360655737705
0.4411764705882353
0.4634146341463415
0.4339622641509434
0.4155844155844156
0.4189189189189189
0.4418604651162791
0.4264705882352941
0.4266666666666667
0.42857142857142855
0.4473684210526316
0.42857142857142855
0.4375
0.423728813559322
0.45454545454545453
0.4153846153846154
0.4482758620689655
0.42857142857142855
0.43333333333333335
0.46875
0.4375
0.42424242424242425
0.43478260869565216
0.43333333333333335
0.43243243243243246
0.41025641025641024
0.425
0.41304347826086957
0.4482758620689655
0.45161290322580644
0.43103448275862066
0.43137254901960786
0.4230769230769231
0.423728813559322
0.42857142857142855
0.4375
0.4482758620689655
0.4098360655737705
0.4189189189189189
0.4225352112676056
0.45714285714285713
0.4358974358974359
0.4266666666666667
0.43478260869565216
0.43333333333333335
0.4418604651162791
0.4268292682926829
0.43037974683544306
0.42857142857142855
0.4084507042253521
0.4235294117647059
0.4177215189873418
0.44047619047619047
0.42857142857142855
0.42528735632183906
0.43373493975903615
0.4418604651162791
0.43478260869565216
0.43373493975903615
0.43209876543209874
0.42105263157894735
0.43956043956043955
0.43010752688172044
0.43373493975903615
0.43434343434343436
0.43010752688172044
0.4342105263157895
0.4342105263157895
0.4264705882352941
0.42105263157894735
0.42
0.42857142857142855
0.43333333333333335
0.4266666666666667
0.44680851063829785
0.4186046511627907
0.4146341463414634
0.4166666666666667
0.42424242424242425
0.43137254901960786
0.423728813559322
0.42
0.4523809523809524
0.4186046511627907
0.44
0.4262295081967213
0.4339622641509434
0.42857142857142855
0.4411764705882353
0.43478260869565216
0.43243243243243246
0.43243243243243246
0.45454545454545453
0.42857142857142855
0.4262295081967213
0.43243243243243246
0.425
0.4444444444444444
0.4411764705882353
0.4523809523809524
0.41975308641975306
0.4305555555555556
0.44
0.4246575342465753
0.43478260869565216
0.4358974358974359
0.4146341463414634
0.4444444444444444
0.45652173913043476
0.4375
0.4594594594594595
0.4523809523809524
0.45454545454545453
0.43023255813953487
0.4358974358974359
0.46153846153846156
0.4318181818181818
0.4222222222222222
0.42857142857142855
0.43902439024390244
0.43333333333333335
0.4444444444444444
0.4155844155844156
0.41379310344827586
0.4583333333333333
0.4090909090909091
0.4444444444444444
0.42168674698795183
0.4358974358974359
0.4266666666666667
0.4246575342465753
0.46153846153846156
0.43478260869565216
0.4246575342465753
0.4482758620689655
0.425
0.42105263157894735
0.4230769230769231
0.4142857142857143
0.45161290322580644
0.4666666666666667
0.4583333333333333
0.4375
0.4411764705882353
0.44
0.43037974683544306
0.42105263157894735
0.42857142857142855
0.4444444444444444
0.44
0.45454545454545453
0.4230769230769231
0.42424242424242425
0.4375
0.45161290322580644
0.4482758620689655
0.4142857142857143
0.41379310344827586
0.43902439024390244
0.4358974358974359
0.45
0.425
0.41333333333333333
0.45
0.42857142857142855
0.4189189189189189
0.4117647058823529
0.4482758620689655
0.4473684210526316
0.42857142857142855
0.5
0.4444444444444444
0.43333333333333335
0.42857142857142855
0.42696629213483145
0.42696629213483145
0.4583333333333333
0.42168674698795183
0.4117647058823529
0.46153846153846156
0.4444444444444444
0.42105263157894735
0.425
0.4175824175824176
0.4155844155844156
0.48148148148148145
0.42696629213483145
0.42528735632183906
0.42857142857142855
0.45
0.42424242424242425
0.43617021276595747
0.47619047619047616
0.44
0.43023255813953487
0.42857142857142855
0.4235294117647059
0.44680851063829785
0.44
0.43333333333333335
0.42857142857142855
0.43209876543209874
0.43617021276595747
0.4246575342465753
0.43902439024390244
0.44086021505376344
0.43529411764705883
0.4421052631578947
0.43023255813953487
0.4470588235294118
0.4268292682926829
0.4266666666666667
0.4342105263157895
0.43902439024390244
0.4246575342465753
0.425
0.41975308641975306
0.4225352112676056
0.425
0.43037974683544306
0.43859649122807015
0.425531914893617
0.41935483870967744
0.43283582089552236
0.41935483870967744
0.43137254901960786
0.4107142857142857
0.42105263157894735
0.45
0.42105263157894735
0.46153846153846156
0.42592592592592593
0.45161290322580644
0.4444444444444444
0.4444444444444444
0.4411764705882353
0.425
0.4444444444444444
0.4489795918367347
0.42857142857142855
0.44
0.45
0.4473684210526316
0.42424242424242425
0.43478260869565216
0.4166666666666667
0.4444444444444444
0.4411764705882353
0.43478260869565216
0.44
0.5
0.43243243243243246
0.41935483870967744
0.45161290322580644
0.4583333333333333
0.43103448275862066
0.45454545454545453
0.4473684210526316
0.44
0.43902439024390244
0.4411764705882353
0.43243243243243246
0.4262295081967213
0.4423076923076923
0.45454545454545453
0.43333333333333335
0.43902439024390244
0.45
0.417910447761194
0.4222222222222222
0.4375
0.4426229508196721
0.4225352112676056
0.4383561643835616
0.4264705882352941
0.45454545454545453
0.43661971830985913
0.4318181818181818
0.42028985507246375
0.4107142857142857
0.42105263157894735
0.4230769230769231
0.44155844155844154
0.4358974358974359
0.42696629213483145
0.43617021276595747
0.4444444444444444
0.43902439024390244
0.43209876543209874
0.4266666666666667
0.43209876543209874
0.44155844155844154
0.4479166666666667
0.43661971830985913
0.45348837209302323
0.4375
0.4418604651162791
0.44565217391304346
0.44155844155844154
0.4583333333333333
0.4479166666666667
0.43820224719101125
0.449438202247191
0.46564885496183206
