0.5
0.49666666666666665
0.49666666666666665
0.5
0.5
0.5
0.49666666666666665
0.49666666666666665
0.49666666666666665
0.49333333333333335
0.49333333333333335
0.49666666666666665
0.49333333333333335
0.49333333333333335
0.49333333333333335
0.4942528735632184
0.4962686567164179
0.4962962962962963
0.49224806201550386
0.492
0.49130434782608695
0.4897959183673469
0.49065420560747663
0.4881516587677725
0.48677248677248675
0.48868778280542985
0.48878923766816146
0.48756218905472637
0.4835164835164835
0.4830917874396135
0.4827586206896552
0.48186528497409326
0.4853801169590643
0.4777777777777778
0.4787234042553192
0.4838709677419355
0.48295454545454547
0.47904191616766467
0.48502994011976047
0.48044692737430167
0.47435897435897434
0.47368421052631576
0.47560975609756095
0.48255813953488375
0.46835443037974683
0.47770700636942676
0.4689655172413793
0.46938775510204084
0.4748201438848921
0.474025974025974
0.4745762711864407
0.46923076923076923
0.47183098591549294
0.4647887323943662
0.46153846153846156
0.4697986577181208
0.46853146853146854
0.463768115942029
0.46564885496183206
0.45528455284552843
0.46258503401360546
0.452991452991453
0.4552238805970149
0.4580152671755725
0.46153846153846156
0.4596774193548387
0.46715328467153283
0.456
0.4628099173553719
0.453125
0.45
0.4583333333333333
0.4596774193548387
0.452991452991453
0.45454545454545453
0.45161290322580644
0.4482758620689655
0.44642857142857145
0.45
0.44036697247706424
0.4375
0.4482758620689655
0.43859649122807015
0.43137254901960786
0.4380952380952381
0.4368932038834951
0.44144144144144143
0.43137254901960786
0.42574257425742573
0.4392523364485981
0.4339622641509434
0.42990654205607476
0.42452830188679247
0.4326923076923077
0.42727272727272725
0.43243243243243246
0.42857142857142855
0.42990654205607476
0.43243243243243246
0.422680412371134
0.43478260869565216
0.4326923076923077
0.43137254901960786
0.42574257425742573
0.42452830188679247
0.42424242424242425
0.42857142857142855
0.4222222222222222
0.43243243243243246
0.4105263157894737
0.42857142857142855
0.4351851851851852
0.4175824175824176
0.42424242424242425
0.42592592592592593
0.44155844155844154
0.425531914893617
0.43119266055045874
0.425
0.422680412371134
0.41935483870967744
0.43564356435643564
0.422680412371134
0.42574257425742573
0.42574257425742573
0.42424242424242425
0.425531914893617
0.42696629213483145
0.422680412371134
0.42574257425742573
0.42424242424242425
0.43548387096774194
0.42857142857142855
0.4146341463414634
0.42857142857142855
0.4166666666666667
0.425531914893617
0.42857142857142855
0.43037974683544306
0.4225352112676056
0.425
0.43478260869565216
0.42028985507246375
0.4157303370786517
0.4146341463414634
0.42857142857142855
0.42857142857142855
0.43103448275862066
0.4222222222222222
0.42028985507246375
0.41333333333333333
0.43037974683544306
0.42857142857142855
0.43333333333333335
0.4098360655737705
0.42105263157894735
0.43333333333333335
0.4444444444444444
0.43333333333333335
0.423728813559322
0.42857142857142855
0.4342105263157895
0.42424242424242425
0.43243243243243246
0.4307692307692308
0.410958904109589
0.43636363636363634
0.42028985507246375
0.42105263157894735
0.42105263157894735
0.425
0.43636363636363634
0.42857142857142855
0.4230769230769231
0.42857142857142855
0.4230769230769231
0.4473684210526316
0.44680851063829785
0.423728813559322
0.4411764705882353
0.43283582089552236
0.43283582089552236
0.4358974358974359
0.4307692307692308
0.42105263157894735
0.42424242424242425
0.42424242424242425
0.43859649122807015
0.41818181818181815
0.4482758620689655
0.4444444444444444
0.44680851063829785
0.43636363636363634
0.44
0.41935483870967744
0.421875
0.4230769230769231
0.4375
0.43902439024390244
0.42857142857142855
0.42424242424242425
0.425
0.43243243243243246
0.43478260869565216
0.4166666666666667
0.4406779661016949
0.4117647058823529
0.4444444444444444
0.45
0.4225352112676056
0.4339622641509434
0.42424242424242425
0.425531914893617
0.45161290322580644
0.4444444444444444
0.43902439024390244
0.4523809523809524
0.42857142857142855
0.43478260869565216
0.42857142857142855
0.4230769230769231
0.42
0.45454545454545453
0.42857142857142855
0.43902439024390244
0.42424242424242425
0.43478260869565216
0.4230769230769231
0.4186046511627907
0.4358974358974359
0.42857142857142855
0.425
0.43243243243243246
0.42028985507246375
0.43103448275862066
0.43137254901960786
0.44
0.42857142857142855
0.42857142857142855
0.42105263157894735
0.4423076923076923
0.43243243243243246
0.42857142857142855
0.4358974358974359
0.45
0.4230769230769231
0.41935483870967744
0.43243243243243246
0.4358974358974359
0.44
0.41935483870967744
0.42857142857142855
0.4444444444444444
0.4444444444444444
0.41379310344827586
0.4222222222222222
0.43103448275862066
0.43333333333333335
0.41935483870967744
0.42857142857142855
0.43137254901960786
0.4642857142857143
0.41935483870967744
0.42857142857142855
0.4375
0.42028985507246375
0.41379310344827586
0.4482758620689655
0.4222222222222222
0.4482758620689655
0.4444444444444444
0.42857142857142855
0.4444444444444444
0.4264705882352941
0.4411764705882353
0.4358974358974359
0.42592592592592593
0.45454545454545453
0.4375
0.46875
0.41379310344827586
0.4230769230769231
0.43902439024390244
0.41333333333333333
0.43478260869565216
0.4666666666666667
0.4523809523809524
0.4155844155844156
0.44
0.42105263157894735
0.45454545454545453
0.42424242424242425
0.4482758620689655
0.45161290322580644
0.4225352112676056
0.4318181818181818
0.425531914893617
0.43333333333333335
0.4375
0.4117647058823529
0.4186046511627907
0.4411764705882353
0.4444444444444444
0.4444444444444444
0.4444444444444444
0.423728813559322
0.4482758620689655
0.42105263157894735
0.4375
0.43478260869565216
0.4411764705882353
0.43333333333333335
0.45161290322580644
0.45161290322580644
0.42857142857142855
0.4482758620689655
0.42424242424242425
0.43243243243243246
0.4482758620689655
0.40350877192982454
0.4166666666666667
0.43243243243243246
0.4358974358974359
0.43333333333333335
0.4482758620689655
0.45161290322580644
0.48
0.42857142857142855
0.42105263157894735
0.4444444444444444
0.4411764705882353
0.45454545454545453
0.42857142857142855
0.425
0.43333333333333335
0.46153846153846156
0.4153846153846154
0.45
0.42105263157894735
0.42592592592592593
0.4186046511627907
0.4230769230769231
0.46153846153846156
0.41304347826086957
0.42857142857142855
0.42857142857142855
0.4166666666666667
0.4222222222222222
0.4186046511627907
0.4166666666666667
0.42105263157894735
0.4148936170212766
0.4166666666666667
0.46153846153846156
0.4111111111111111
0.4166666666666667
0.42857142857142855
0.42718446601941745
0.44
0.42424242424242425
0.42452830188679247
0.422680412371134
0.41935483870967744
0.41836734693877553
0.41935483870967744
0.422680412371134
0.4166666666666667
0.422680412371134
0.42105263157894735
0.42857142857142855
0.4148936170212766
0.4473684210526316
0.43243243243243246
0.43333333333333335
0.4090909090909091
0.417910447761194
0.4230769230769231
0.4175824175824176
0.4146341463414634
0.4166666666666667
0.4050632911392405
0.4186046511627907
0.4264705882352941
0.4117647058823529
0.4166666666666667
0.4126984126984127
0.4339622641509434
0.4148936170212766
0.4186046511627907
0.4166666666666667
0.4117647058823529
0.4090909090909091
0.4222222222222222
0.4222222222222222
0.4177215189873418
0.43333333333333335
0.410958904109589
0.41935483870967744
0.4189189189189189
0.40963855421686746
0.43333333333333335
0.4177215189873418
0.4117647058823529
0.4235294117647059
0.43333333333333335
0.4318181818181818
0.4157303370786517
0.41304347826086957
0.4166666666666667
0.42105263157894735
0.4175824175824176
0.44
0.41509433962264153
0.45161290322580644
0.43333333333333335
0.46153846153846156
0.4155844155844156
0.4177215189873418
0.4230769230769231
0.4235294117647059
0.421875
0.44
0.42424242424242425
0.4146341463414634
0.4177215189873418
0.4146341463414634
0.4318181818181818
0.4222222222222222
0.4375
0.4186046511627907
0.4027777777777778
0.41333333333333333
0.42857142857142855
0.4418604651162791
0.45161290322580644
0.4177215189873418
0.41379310344827586
0.42424242424242425
0.42857142857142855
0.4305555555555556
0.4142857142857143
0.4444444444444444
0.42105263157894735
0.4146341463414634
0.42857142857142855
0.43478260869565216
0.4230769230769231
0.4225352112676056
0.4157303370786517
0.4264705882352941
0.4186046511627907
0.42105263157894735
0.42105263157894735
0.41975308641975306
0.4146341463414634
0.4142857142857143
0.41379310344827586
0.43333333333333335
0.4264705882352941
0.42696629213483145
0.42424242424242425
0.4642857142857143
0.41025641025641024
0.4157303370786517
0.4175824175824176
0.4166666666666667
0.42857142857142855
0.4166666666666667
0.41304347826086957
0.4166666666666667
0.42857142857142855
0.42424242424242425
0.42105263157894735
0.4230769230769231
0.4142857142857143
0.43243243243243246
0.4482758620689655
0.42105263157894735
0.4222222222222222
0.43902439024390244
0.42857142857142855
0.4117647058823529
0.4358974358974359
0.43333333333333335
0.45454545454545453
0.4230769230769231
0.41935483870967744
0.42857142857142855
0.41333333333333333
0.41975308641975306
0.40350877192982454
0.417910447761194
0.4125
0.42857142857142855
0.44
0.43902439024390244
0.42857142857142855
0.4444444444444444
0.44
0.42105263157894735
0.4358974358974359
0.4222222222222222
0.44
0.425
0.4117647058823529
0.4186046511627907
0.4142857142857143
0.46875
0.45
0.45454545454545453
0.45454545454545453
0.4411764705882353
0.4166666666666667
0.45454545454545453
0.40789473684210525
0.43243243243243246
0.43478260869565216
0.45
0.4411764705882353
0.41935483870967744
0.42857142857142855
0.45161290322580644
0.4583333333333333
0.48
0.4090909090909091
0.410958904109589
0.43209876543209874
0.4117647058823529
0.45454545454545453
0.43243243243243246
0.41509433962264153
0.4246575342465753
0.41025641025641024
0.4594594594594595
0.4482758620689655
0.45454545454545453
0.42857142857142855
0.42105263157894735
0.4583333333333333
0.4177215189873418
0.43333333333333335
0.43333333333333335
0.41935483870967744
0.4074074074074074
0.4074074074074074
0.4146341463414634
0.42105263157894735
0.4222222222222222
0.4222222222222222
0.42857142857142855
0.41333333333333333
0.42045454545454547
0.41379310344827586
0.40540540540540543
0.42857142857142855
0.47368421052631576
0.4166666666666667
0.4146341463414634
0.42857142857142855
0.44
0.4125
0.42105263157894735
0.4642857142857143
0.4444444444444444
0.410958904109589
0.4155844155844156
0.42105263157894735
0.4189189189189189
0.42857142857142855
0.41025641025641024
0.410958904109589
0.425
0.4235294117647059
0.41025641025641024
0.42168674698795183
0.4177215189873418
0.4225352112676056
0.41975308641975306
0.42105263157894735
0.42391304347826086
0.4222222222222222
0.44
0.4177215189873418
0.425531914893617
0.47058823529411764
0.42105263157894735
0.42105263157894735
0.42592592592592593
0.4166666666666667
0.43902439024390244
0.43103448275862066
0.4225352112676056
0.42857142857142855
0.4473684210526316
0.4166666666666667
0.42105263157894735
0.4230769230769231
0.4444444444444444
0.43902439024390244
0.425
0.41935483870967744
0.41509433962264153
0.41509433962264153
0.43243243243243246
0.4074074074074074
0.4375
0.43243243243243246
0.4473684210526316
0.4482758620689655
0.42424242424242425
0.41304347826086957
0.43137254901960786
0.41935483870967744
0.4246575342465753
0.42857142857142855
0.4230769230769231
0.4262295081967213
0.4375
0.42857142857142855
0.43902439024390244
0.42105263157894735
0.4166666666666667
0.42857142857142855
0.42857142857142855
0.4318181818181818
0.42857142857142855
0.41509433962264153
0.45161290322580644
0.42424242424242425
0.4375
0.42592592592592593
0.4418604651162791
0.4358974358974359
0.42105263157894735
0.4375
0.425
0.4375
0.4222222222222222
0.42857142857142855
0.43333333333333335
0.43902439024390244
0.43478260869565216
0.44
0.44
0.42857142857142855
0.4222222222222222
0.43333333333333335
0.44
0.43478260869565216
0.4358974358974359
0.44
0.43478260869565216
0.42857142857142855
0.45454545454545453
0.46153846153846156
0.4642857142857143
0.4444444444444444
0.42424242424242425
0.4411764705882353
0.4666666666666667
0.4583333333333333
0.4444444444444444
0.43243243243243246
0.47368421052631576
0.47619047619047616
0.43478260869565216
0.42857142857142855
0.42857142857142855
0.45454545454545453
0.4583333333333333
0.42857142857142855
0.44
0.4444444444444444
0.45454545454545453
0.45
0.45454545454545453
0.43478260869565216
0.47368421052631576
0.42105263157894735
0.45
0.43902439024390244
0.45454545454545453
0.43333333333333335
0.47368421052631576
0.43478260869565216
0.4411764705882353
0.5
0.47368421052631576
0.4444444444444444
0.43478260869565216
0.42424242424242425
0.47368421052631576
0.47619047619047616
0.45454545454545453
0.42857142857142855
0.4583333333333333
0.43243243243243246
0.4782608695652174
0.42105263157894735
0.43478260869565216
0.47619047619047616
0.47058823529411764
0.44
0.47368421052631576
0.4666666666666667
0.43478260869565216
0.4444444444444444
0.4444444444444444
0.47619047619047616
0.44
0.45
0.4375
0.43243243243243246
0.43478260869565216
0.42424242424242425
0.4444444444444444
0.43333333333333335
0.43333333333333335
0.43478260869565216
0.4583333333333333
0.42424242424242425
0.4583333333333333
0.45
0.45
0.4444444444444444
0.41509433962264153
0.42
0.4482758620689655
0.4482758620689655
0.45454545454545453
0.41818181818181815
0.4375
0.45454545454545453
0.41818181818181815
0.41379310344827586
0.45
0.42592592592592593
0.4583333333333333
0.41818181818181815
0.4166666666666667
0.47368421052631576
0.4230769230769231
0.423728813559322
0.4482758620689655
0.45
0.4166666666666667
0.4444444444444444
0.42857142857142855
0.44
0.42857142857142855
0.4444444444444444
0.4146341463414634
0.45454545454545453
0.45
0.42857142857142855
0.4444444444444444
0.47368421052631576
0.4107142857142857
0.42424242424242425
0.43478260869565216
0.41025641025641024
0.42857142857142855
0.4583333333333333
0.4146341463414634
0.44
0.5
0.4444444444444444
0.42857142857142855
0.417910447761194
0.4266666666666667
0.42857142857142855
0.4583333333333333
0.45454545454545453
0.43478260869565216
0.4098360655737705
0.5
0.4090909090909091
0.43037974683544306
0.42105263157894735
0.4318181818181818
0.4142857142857143
0.4166666666666667
0.4027777777777778
0.4155844155844156
0.45
0.42105263157894735
0.4230769230769231
0.4125
0.4189189189189189
0.43243243243243246
0.42857142857142855
0.4146341463414634
0.42857142857142855
0.4166666666666667
0.43373493975903615
0.4189189189189189
0.42168674698795183
0.4067796610169492
0.4246575342465753
0.41333333333333333
0.4166666666666667
0.42424242424242425
0.43478260869565216
0.4444444444444444
0.4153846153846154
0.45454545454545453
0.4166666666666667
0.4153846153846154
0.46153846153846156
0.45
0.40816326530612246
0.4142857142857143
0.4146341463414634
0.42105263157894735
0.42105263157894735
0.47368421052631576
0.42857142857142855
0.42857142857142855
0.4583333333333333
0.4117647058823529
0.4666666666666667
0.4583333333333333
0.42105263157894735
0.421875
0.45
0.42105263157894735
0.47368421052631576
0.5
0.47368421052631576
0.4444444444444444
0.4153846153846154
0.41935483870967744
0.47368421052631576
0.42592592592592593
0.4153846153846154
0.4
0.421875
0.41935483870967744
0.4264705882352941
0.5
0.4166666666666667
0.43333333333333335
0.4411764705882353
0.417910447761194
0.43478260869565216
0.45
0.4098360655737705
0.4666666666666667
0.4117647058823529
0.4375
0.40350877192982454
0.417910447761194
0.4444444444444444
0.4230769230769231
0.4098360655737705
0.47619047619047616
0.45454545454545453
0.4444444444444444
0.42857142857142855
0.4166666666666667
0.43478260869565216
0.42028985507246375
0.4117647058823529
0.5
0.42857142857142855
0.47058823529411764
0.42857142857142855
0.421875
0.42857142857142855
0.45
0.46153846153846156
0.4444444444444444
0.4268292682926829
0.4117647058823529
0.4264705882352941
0.42857142857142855
0.4375
0.44
0.4189189189189189
0.4166666666666667
0.43209876543209874
0.43023255813953487
0.4142857142857143
0.4117647058823529
0.45454545454545453
0.5
0.41333333333333333
0.4090909090909091
0.4444444444444444
0.4153846153846154
0.4666666666666667
0.41935483870967744
0.4166666666666667
0.42857142857142855
0.47058823529411764
0.4166666666666667
0.4444444444444444
0.4117647058823529
0.4153846153846154
0.4444444444444444
0.4666666666666667
0.5384615384615384
0.4230769230769231
0.42857142857142855
0.42105263157894735
0.5454545454545454
0.46153846153846156
0.5384615384615384
0.4230769230769231
0.4305555555555556
0.6153846153846154
0.5
0.42857142857142855
0.5
0.6
0.6363636363636364
0.43902439024390244
0.5
0.42857142857142855
0.4067796610169492
0.6363636363636364
0.5
0.6
0.42857142857142855
0.5833333333333334
0.46153846153846156
0.5384615384615384
0.5454545454545454
0.45454545454545453
0.5
0.43478260869565216
0.5
0.5
0.4444444444444444
0.4307692307692308
0.5
0.45
0.6
0.42857142857142855
0.4444444444444444
0.47368421052631576
0.4666666666666667
0.45454545454545453
0.4375
0.4090909090909091
0.42424242424242425
0.43283582089552236
0.423728813559322
0.41935483870967744
0.41379310344827586
0.4225352112676056
0.421875
0.43478260869565216
0.42028985507246375
0.4393939393939394
0.4444444444444444
0.4264705882352941
0.5833333333333334
0.4225352112676056
0.4225352112676056
0.4117647058823529
0.43661971830985913
0.42857142857142855
0.43283582089552236
0.4166666666666667
0.42857142857142855
0.4264705882352941
0.47058823529411764
0.421875
0.4307692307692308
0.421875
0.423728813559322
0.4264705882352941
0.4107142857142857
0.4264705882352941
0.42105263157894735
0.421875
0.41818181818181815
0.421875
0.4117647058823529
0.4166666666666667
0.42857142857142855
0.42857142857142855
0.42857142857142855
0.42105263157894735
0.4230769230769231
0.43478260869565216
0.43243243243243246
0.43103448275862066
0.41304347826086957
0.4186046511627907
0.42857142857142855
0.45
0.4307692307692308
0.44
0.42857142857142855
0.4418604651162791
0.4782608695652174
0.4222222222222222
0.4307692307692308
