0.1111111111111111
0.4
0.4444444444444444
0.21428571428571427
0.18181818181818182
0.26666666666666666
0.2727272727272727
0.3684210526315789
0.25
0.3125
0.425
0.25
0.0
0.2222222222222222
0.3333333333333333
0.2857142857142857
0.5
0.16666666666666666
0.35714285714285715
0.35714285714285715
0.43478260869565216
0.35
0.18181818181818182
0.1111111111111111
0.4090909090909091
0.2
0.29411764705882354
0.3333333333333333
0.16666666666666666
0.42105263157894735
0.46808510638297873
0.43478260869565216
0.1
0.5217391304347826
0.1
0.25
0.375
0.45454545454545453
0.4634146341463415
0.4117647058823529
0.4166666666666667
0.45454545454545453
0.4838709677419355
0.5238095238095238
0.42857142857142855
0.48936170212765956
0.4772727272727273
0.5277777777777778
0.5217391304347826
0.4444444444444444
0.47058823529411764
0.5178571428571429
0.4838709677419355
0.4583333333333333
0.4931506849315068
0.625
0.5
0.4883720930232558
0.5142857142857142
0.5102040816326531
0.5294117647058824
0.5476190476190477
0.5185185185185185
0.5
0.515625
0.5
0.5142857142857142
0.45714285714285713
0.5
0.5
0.5
0.46875
0.4857142857142857
0.5106382978723404
0.5263157894736842
0.5263157894736842
0.5161290322580645
0.4
0.5
0.5
0.4576271186440678
0.47761194029850745
0.5384615384615384
0.4537037037037037
0.45714285714285713
0.45161290322580644
0.4727272727272727
0.524390243902439
0.4883720930232558
0.5277777777777778
0.4935064935064935
0.4406779661016949
0.44594594594594594
0.5172413793103449
0.547945205479452
0.55
0.52
0.5
0.55
0.5283018867924528
0.5
0.5344827586206896
0.4918032786885246
0.5652173913043478
0.5752212389380531
0.5
0.5294117647058824
0.5
0.4791666666666667
0.45161290322580644
0.53125
0.532258064516129
0.5306122448979592
0.5161290322580645
0.5471698113207547
0.5365853658536586
0.5614035087719298
0.4891304347826087
0.5185185185185185
0.5054945054945055
0.5315315315315315
0.5056179775280899
0.5
0.5337837837837838
0.5051546391752577
0.5416666666666666
0.5
0.546875
0.5535714285714286
0.5428571428571428
0.5342465753424658
0.5135135135135135
0.5238095238095238
0.5806451612903226
0.5526315789473685
0.56
0.5257731958762887
0.5
0.5285714285714286
0.54
0.5578947368421052
0.5151515151515151
0.5375
0.53125
0.5555555555555556
0.5225225225225225
0.5211267605633803
0.5066666666666667
0.5193798449612403
0.49333333333333335
0.5
0.47692307692307695
0.5033333333333333
0.52
0.506578947368421
0.5089285714285714
0.5082644628099173
0.51
0.5033333333333333
0.5059523809523809
0.5233644859813084
0.5379310344827586
0.5202312138728323
0.5157894736842106
0.5255813953488372
0.559322033898305
0.5124378109452736
0.5189873417721519
0.5279503105590062
0.5129310344827587
0.5231788079470199
0.5202020202020202
0.5328467153284672
0.5193370165745856
0.5120274914089347
0.5067264573991032
0.5126050420168067
0.5260416666666666
0.5087108013937283
0.5078740157480315
0.528169014084507
0.5152542372881356
0.5084033613445378
0.5081081081081081
0.51953125
0.5132275132275133
0.5046296296296297
0.5066666666666667
0.5066666666666667
0.5146443514644351
0.5
0.4864864864864865
0.51
0.49333333333333335
0.4864864864864865
0.4791666666666667
0.4793814432989691
0.47530864197530864
0.4523809523809524
0.4666666666666667
