0.5714285714285714
0.5333333333333333
0.4782608695652174
0.5172413793103449
0.56
0.5483870967741935
0.4
0.6
0.5882352941176471
0.5
0.35714285714285715
0.4666666666666667
0.4117647058823529
0.5
0.5151515151515151
0.6428571428571429
0.625
0.5652173913043478
0.5
0.5882352941176471
0.4583333333333333
0.47368421052631576
0.7272727272727273
0.5405405405405406
0.6
0.5185185185185185
0.4583333333333333
0.5333333333333333
0.5555555555555556
0.5882352941176471
0.4838709677419355
0.5135135135135135
0.5769230769230769
0.5227272727272727
0.55
0.5121951219512195
0.5227272727272727
0.52
0.4883720930232558
0.5172413793103449
0.5151515151515151
0.4634146341463415
0.6666666666666666
0.5357142857142857
0.4444444444444444
0.5238095238095238
0.4888888888888889
0.5471698113207547
0.5
0.5151515151515151
0.5833333333333334
0.5131578947368421
0.4594594594594595
0.47058823529411764
0.48936170212765956
0.4823529411764706
0.4722222222222222
0.4864864864864865
0.47674418604651164
0.5217391304347826
0.5480769230769231
0.46511627906976744
0.4782608695652174
0.5
0.4945054945054945
0.515625
0.5142857142857142
0.47619047619047616
0.5384615384615384
0.4909090909090909
0.463768115942029
0.45
0.49238578680203043
0.5057034220532319
0.50625
0.45
0.512987012987013
0.46153846153846156
0.4842105263157895
0.5
0.5202702702702703
0.48484848484848486
0.45614035087719296
0.4876543209876543
0.5111111111111111
0.5106382978723404
0.5023474178403756
0.5294117647058824
0.5298245614035088
0.5138888888888888
0.4857142857142857
0.5272727272727272
0.5116279069767442
0.5
0.5114942528735632
0.515625
0.5020408163265306
0.49019607843137253
0.5136986301369864
0.4873096446700508
0.53125
0.5161290322580645
0.5158730158730159
0.5033333333333333
0.52
0.5588235294117647
0.515625
0.4966887417218543
0.5066666666666667
0.4852941176470588
0.5
0.5066666666666667
0.4965986394557823
0.4824561403508772
0.5075757575757576
0.5065502183406113
0.5142857142857142
0.510752688172043
0.5238095238095238
0.49765258215962443
0.5
0.5147058823529411
0.5242718446601942
0.4966887417218543
0.48863636363636365
0.5161290322580645
0.49572649572649574
0.5066666666666667
0.5108695652173914
0.48333333333333334
0.5037593984962406
0.5
0.5096153846153846
0.5
0.5066666666666667
0.5133333333333333
0.5083333333333333
0.49333333333333335
0.49700598802395207
0.5
0.4978902953586498
0.4857142857142857
0.5028571428571429
0.5033333333333333
0.46153846153846156
0.5
0.49606299212598426
0.5033333333333333
0.5019762845849802
0.4659090909090909
0.5
0.481981981981982
0.5
0.49743589743589745
0.4792626728110599
0.4752475247524752
0.48717948717948717
0.4854368932038835
0.4752475247524752
0.4972067039106145
0.4634146341463415
0.4791666666666667
0.4863013698630137
0.48120300751879697
0.47058823529411764
0.4732824427480916
0.4715447154471545
0.45045045045045046
0.45689655172413796
0.45901639344262296
0.4424778761061947
0.45161290322580644
0.4230769230769231
0.4230769230769231
0.4358974358974359
0.4423076923076923
0.47619047619047616
0.4666666666666667
0.42105263157894735
0.43478260869565216
0.46153846153846156
0.45714285714285713
0.4339622641509434
0.4222222222222222
0.4634146341463415
0.45454545454545453
0.44
0.4375
0.4444444444444444
0.46875
0.4533333333333333
0.4666666666666667
0.425531914893617
0.44680851063829785
0.45098039215686275
0.43859649122807015
0.4473684210526316
0.48
0.46511627906976744
0.4642857142857143
