0.5033333333333333
0.5
0.5
0.49666666666666665
0.5
0.5
0.5
0.5
0.5
0.49666666666666665
0.49666666666666665
0.5
0.5
0.5
0.49666666666666665
0.49666666666666665
0.5
0.5
0.5
0.5
0.5
0.49666666666666665
0.5033333333333333
0.49666666666666665
0.5
0.5
0.5033333333333333
0.5
0.5
0.5
0.5
0.5
0.5
0.5
0.5033333333333333
0.5033333333333333
0.5
0.5
0.49666666666666665
0.5
0.5033333333333333
0.5033333333333333
0.5
0.49666666666666665
0.5033333333333333
0.5
0.5
0.5
0.49666666666666665
0.5
0.49666666666666665
0.5033333333333333
0.5
0.5033333333333333
0.5033333333333333
0.5
0.49666666666666665
0.5
0.5
0.5
0.5033333333333333
0.5
0.5033333333333333
0.49666666666666665
0.5
0.5
0.49666666666666665
0.49666666666666665
0.5
0.5
0.5
0.49666666666666665
0.5033333333333333
0.49333333333333335
0.49666666666666665
0.5
0.49666666666666665
0.5066666666666667
0.49666666666666665
0.5033333333333333
0.49666666666666665
0.5
0.5066666666666667
0.49666666666666665
0.5
0.49666666666666665
0.5066666666666667
0.5033333333333333
0.5
0.5033333333333333
0.5
0.5033333333333333
0.5
0.5
0.5033333333333333
0.5
0.5033333333333333
0.49666666666666665
0.49666666666666665
0.4915254237288136
0.5
0.5
0.5033333333333333
0.5
0.5
0.5
0.49333333333333335
0.5033333333333333
0.5033333333333333
0.5
0.49666666666666665
0.5
0.5
0.5033333333333333
0.5
0.5033333333333333
0.5
0.5
0.49666666666666665
0.49666666666666665
0.5033333333333333
0.5
0.5033333333333333
0.5066666666666667
0.50187265917603
0.5
0.4891304347826087
0.49666666666666665
0.49333333333333335
0.49
0.5
0.5
0.5033333333333333
0.5066666666666667
0.49666666666666665
0.49473684210526314
0.49666666666666665
0.49624060150375937
0.5
0.49333333333333335
0.5033333333333333
0.5033333333333333
0.49666666666666665
0.5033333333333333
0.4864864864864865
0.5
0.5
0.5220588235294118
0.5033333333333333
0.5
0.4907749077490775
0.4603174603174603
0.4927536231884058
0.510989010989011
0.5207373271889401
0.5
0.49666666666666665
0.5
0.5137931034482759
0.4936708860759494
0.49333333333333335
0.4935064935064935
0.49666666666666665
0.4727272727272727
0.5
0.48743718592964824
0.5033333333333333
0.5
0.5
0.5
0.51
0.5
0.5
0.5033333333333333
0.5
0.49666666666666665
0.49666666666666665
0.49333333333333335
0.49666666666666665
0.49666666666666665
0.5
0.5033333333333333
0.5
0.5
0.5
0.5
0.49666666666666665
0.5
0.5033333333333333
0.5
0.49666666666666665
0.49666666666666665
0.5
0.49666666666666665
0.49666666666666665
0.5
0.5
0.5033333333333333
0.5
0.5147058823529411
0.5053191489361702
0.5
0.49666666666666665
0.49473684210526314
0.5
0.5046728971962616
0.49333333333333335
0.49137931034482757
0.49666666666666665
0.4857142857142857
0.49666666666666665
0.5033333333333333
0.4766355140186916
0.49
0.49666666666666665
0.4962962962962963
0.5107296137339056
0.51
0.5
0.5033333333333333
0.5033333333333333
0.5
0.5
0.5
0.5033333333333333
0.5033333333333333
0.49666666666666665
0.5017064846416383
0.49666666666666665
0.5033333333333333
0.5066666666666667
0.5
0.5
0.5
0.5033333333333333
0.5
0.5
0.49666666666666665
0.5
0.5
0.5
0.49666666666666665
0.5033333333333333
0.49333333333333335
0.5
0.5
0.5
0.5033333333333333
0.5
0.5033333333333333
0.5
0.49666666666666665
0.49666666666666665
0.5
0.5
0.5
0.49666666666666665
0.5033333333333333
0.5
0.5
0.5
0.5
0.5
0.5
0.5
0.49666666666666665
0.5
0.5033333333333333
0.5
0.5
0.5033333333333333
0.5
0.5033333333333333
0.5
0.5033333333333333
0.49666666666666665
0.5
0.49666666666666665
0.5
0.5
0.5033333333333333
0.5
0.5
0.5
0.49666666666666665
0.5
0.49666666666666665
0.5
0.5
0.49666666666666665
0.5033333333333333
0.5033333333333333
0.5033333333333333
0.49666666666666665
0.5
0.5
0.49666666666666665
0.5
0.5
0.5
0.5
0.5
0.5033333333333333
0.5
0.5
0.5
0.5
0.5
0.5033333333333333
0.5
0.49666666666666665
0.5033333333333333
0.5
0.5033333333333333
0.5
0.5
0.5
0.5
0.5
0.5
0.5
0.5
0.5
0.5033333333333333
0.5
0.5
0.5
0.5
0.5
0.49666666666666665
0.49666666666666665
0.5033333333333333
0.5033333333333333
0.5
0.49666666666666665
0.5
0.5
0.5
0.49666666666666665
0.5
0.5033333333333333
0.5
0.5
0.5033333333333333
0.5
0.5033333333333333
0.49666666666666665
0.5033333333333333
0.5
0.5
0.5033333333333333
0.5
0.5
0.49666666666666665
0.5
0.5033333333333333
0.5033333333333333
0.5
0.5
0.49666666666666665
0.5033333333333333
0.5
0.49666666666666665
0.5033333333333333
0.5
0.49333333333333335
0.49666666666666665
0.5033333333333333
0.5
0.5
0.5
0.5
0.5
0.5033333333333333
0.5033333333333333
0.49666666666666665
0.5033333333333333
0.5
0.5066666666666667
0.5
0.5033333333333333
0.5
0.49666666666666665
0.5033333333333333
0.5
0.5
0.5033333333333333
0.5
0.5
0.5033333333333333
0.5033333333333333
0.5
0.5
0.5
0.5
0.5
0.5033333333333333
0.5
0.49666666666666665
0.5
0.5033333333333333
0.5
0.5033333333333333
0.5033333333333333
0.5
0.5
0.5
0.5033333333333333
0.49666666666666665
0.5
0.5
0.5
0.5
0.5033333333333333
0.5
0.5
0.5
0.49666666666666665
0.49666666666666665
0.5
0.5
0.5033333333333333
0.5033333333333333
0.5
0.5
0.5
0.5
0.5
0.5
0.5
0.5
0.5
0.5
0.5033333333333333
0.5
0.5
0.5
0.5
0.5033333333333333
0.5
0.5
0.5033333333333333
0.5
0.5033333333333333
0.5033333333333333
0.5
0.5
0.5033333333333333
0.5033333333333333
0.5
0.5
0.5
0.5
0.5033333333333333
0.5
0.5
0.5
0.5033333333333333
0.5033333333333333
0.5033333333333333
0.5033333333333333
0.5033333333333333
0.5033333333333333
0.5033333333333333
0.5033333333333333
0.5033333333333333
0.5
0.5033333333333333
0.5
0.5033333333333333
0.5090252707581228
0.5054545454545455
0.5062240663900415
0.5058823529411764
0.5082644628099173
0.5073891625615764
0.5
0.507177033492823
0.5121951219512195
0.5073891625615764
0.5073891625615764
0.5099009900990099
0.5103092783505154
0.515625
0.515625
0.515625
0.5229885057471264
0.5161290322580645
0.5111111111111111
0.5174418604651163
0.5164835164835165
0.5159574468085106
0.5139664804469274
0.5269461077844312
0.5133689839572193
0.518324607329843
0.5178571428571429
0.521505376344086
0.5204081632653061
0.5112359550561798
0.5159574468085106
0.5129533678756477
0.5153061224489796
0.5120772946859904
0.5153061224489796
0.51
0.5132275132275133
0.5170731707317073
0.5081081081081081
0.5120772946859904
0.5092592592592593
0.5154185022026432
0.509090909090909
0.5094339622641509
0.5097087378640777
0.5117370892018779
0.5123152709359606
0.5048076923076923
0.5126903553299492
0.5128205128205128
0.5097087378640777
0.5117370892018779
0.507537688442211
0.5123152709359606
0.5103092783505154
0.5185185185185185
0.5102040816326531
0.5135135135135135
0.5159574468085106
0.5254237288135594
0.5208333333333334
0.5227272727272727
0.5130890052356021
0.519774011299435
0.52
0.5209580838323353
0.5149700598802395
0.5161290322580645
0.5191256830601093
0.5212765957446809
0.5214723926380368
0.5180722891566265
0.5254237288135594
0.5182926829268293
0.5141242937853108
0.5
0.5174418604651163
0.5193370165745856
0.5133689839572193
0.5151515151515151
0.5146198830409356
0.5170454545454546
0.5161290322580645
0.5240963855421686
0.52
0.5227272727272727
0.5178571428571429
0.5174418604651163
0.5174418604651163
0.5202312138728323
0.5235294117647059
0.5142857142857142
0.5170454545454546
0.5178571428571429
0.5142857142857142
0.5229885057471264
0.52
0.5290322580645161
0.52046783625731
0.5185185185185185
0.5212121212121212
0.5269461077844312
0.5176470588235295
0.519774011299435
0.5253164556962026
0.5172413793103449
0.5119047619047619
0.5290322580645161
0.5287356321839081
0.5238095238095238
0.5222929936305732
0.5232558139534884
0.525
0.5257142857142857
0.5232558139534884
0.5189873417721519
0.5246913580246914
0.524390243902439
0.5217391304347826
0.5235294117647059
0.5112359550561798
0.5254237288135594
0.5189873417721519
0.525
0.5212121212121212
0.5135135135135135
0.5246913580246914
0.5209580838323353
0.5172413793103449
0.524390243902439
0.51875
0.5139664804469274
0.5263157894736842
0.5228758169934641
0.5153374233128835
0.5202312138728323
0.5170454545454546
0.5240963855421686
0.5269461077844312
0.5232558139534884
0.5207100591715976
0.5178571428571429
0.5229885057471264
0.5178571428571429
0.5178571428571429
0.5214723926380368
0.5163398692810458
0.5256410256410257
0.51875
0.5180722891566265
0.5182926829268293
0.5157232704402516
0.5224719101123596
0.5123456790123457
0.525974025974026
0.5217391304347826
0.5153374233128835
0.5220125786163522
0.5229885057471264
0.5263157894736842
0.5142857142857142
0.5142857142857142
0.5212121212121212
0.5180722891566265
0.52046783625731
0.5235294117647059
0.5209580838323353
0.5195530726256983
0.5159574468085106
0.5263157894736842
0.5168539325842697
0.5114942528735632
0.518324607329843
0.5144508670520231
0.5135135135135135
0.5168539325842697
0.5164835164835165
0.5148514851485149
0.515
0.5148514851485149
0.5078534031413613
0.507177033492823
0.5089285714285714
0.5118483412322274
0.5127118644067796
0.5042735042735043
0.5126050420168067
0.5065502183406113
0.5059760956175299
0.5076923076923077
0.508833922261484
0.5054151624548736
0.5104895104895105
0.5066666666666667
0.5033333333333333
0.5033333333333333
0.5033333333333333
0.5033333333333333
0.5033333333333333
0.5033333333333333
0.5033333333333333
0.5033333333333333
0.5
0.5033333333333333
0.5
0.5033333333333333
0.5033333333333333
0.5033333333333333
0.5033333333333333
0.49666666666666665
0.5033333333333333
0.5033333333333333
0.49666666666666665
0.5
0.5033333333333333
0.5
0.5033333333333333
0.49666666666666665
0.5033333333333333
0.5066666666666667
0.5033333333333333
0.5033333333333333
0.5
0.5066666666666667
0.5
0.49666666666666665
0.5033333333333333
0.5033333333333333
0.5
0.5
0.5033333333333333
0.5033333333333333
0.5
0.5033333333333333
0.5033333333333333
0.5033333333333333
0.5
0.5033333333333333
0.49666666666666665
0.5
0.5066666666666667
0.5033333333333333
0.5033333333333333
0.49666666666666665
0.49333333333333335
0.5714285714285714
0.5
0.5
0.5128205128205128
0.5
0.49
0.5066666666666667
0.5
0.49666666666666665
0.5
0.49333333333333335
0.5033333333333333
0.5
0.5
0.5026737967914439
0.5033333333333333
0.5033333333333333
0.5033333333333333
0.5033333333333333
0.5
0.5
0.51
0.49666666666666665
0.5033333333333333
0.5
0.5066666666666667
0.5033333333333333
0.5066666666666667
0.5033333333333333
0.49666666666666665
0.5066666666666667
0.49666666666666665
0.5033333333333333
0.5
0.5033333333333333
0.5033333333333333
0.5033333333333333
0.5133333333333333
0.5066666666666667
0.5
0.5033333333333333
0.5033333333333333
0.5
0.5
0.5033333333333333
0.5
0.5066666666666667
0.5
0.49666666666666665
0.5
0.5
0.5066666666666667
0.5
0.49666666666666665
0.5
0.49666666666666665
0.5034013605442177
0.5
0.49666666666666665
0.5
0.5033333333333333
0.49666666666666665
0.5
0.49666666666666665
0.49333333333333335
0.5
0.5066666666666667
0.5066666666666667
0.5033333333333333
0.5
0.5
0.5056179775280899
0.5033333333333333
0.4927536231884058
0.5033333333333333
0.5033333333333333
0.5
0.5
0.5
0.5
0.5
0.5
0.5066666666666667
0.5
0.5
0.5
0.5
0.5
0.5
0.5033333333333333
0.5066666666666667
0.5066666666666667
0.5033333333333333
0.5
0.5
0.5
0.5066666666666667
0.5
0.49333333333333335
0.5066666666666667
0.5033333333333333
0.49666666666666665
0.5
0.49572649572649574
0.5
0.5033333333333333
0.5
0.49333333333333335
0.49666666666666665
0.49666666666666665
0.5
0.5
0.5
0.5033333333333333
0.5
0.5033333333333333
0.49666666666666665
0.5033333333333333
0.5
0.49666666666666665
0.5033333333333333
0.5
0.49666666666666665
0.5033333333333333
0.5033333333333333
0.49333333333333335
0.5
0.5033333333333333
0.5033333333333333
0.5033333333333333
0.5
0.5033333333333333
0.5033333333333333
0.5033333333333333
0.49666666666666665
0.49666666666666665
0.49666666666666665
0.5
0.5033333333333333
0.5
0.49666666666666665
0.5
0.5
0.5033333333333333
0.5
0.5033333333333333
0.5033333333333333
0.5
0.5
0.5
0.5
0.5
0.5
0.49666666666666665
0.5033333333333333
0.5
0.5
0.5033333333333333
0.5
0.5033333333333333
0.5
0.5
0.5033333333333333
0.5
0.5033333333333333
0.49333333333333335
0.49666666666666665
0.49666666666666665
0.5
0.5
0.5033333333333333
0.5
0.5066666666666667
0.5
0.5
0.5033333333333333
0.5
0.5
0.5
0.5
0.5
0.5
0.49666666666666665
0.49333333333333335
0.5
0.5
0.49666666666666665
0.5
0.5
0.49666666666666665
0.5
0.5
0.5
0.5
0.5
0.5
0.5
0.5033333333333333
0.5033333333333333
0.5
0.5
0.5033333333333333
0.5
0.49666666666666665
0.5
0.5
0.49666666666666665
0.5
0.5033333333333333
0.5033333333333333
0.5
0.5
0.5
0.5
0.5
0.5033333333333333
0.5
0.5
0.5
0.5
0.49666666666666665
0.49666666666666665
0.49666666666666665
0.5033333333333333
0.5
0.5033333333333333
0.5033333333333333
0.5
0.5
0.49666666666666665
0.5
0.5
0.49333333333333335
0.5033333333333333
0.5033333333333333
0.5
0.5
0.5033333333333333
0.5
0.5
0.5
0.5
0.5
0.5033333333333333
0.5
0.5066666666666667
0.5
0.5
0.5033333333333333
0.5033333333333333
0.5033333333333333
0.49666666666666665
0.49666666666666665
0.5
0.49666666666666665
0.5
0.5
0.5
0.5
0.5033333333333333
0.49666666666666665
0.49666666666666665
0.49666666666666665
0.5
0.5
0.5033333333333333
0.5033333333333333
0.5033333333333333
0.5
0.5
0.5
0.5
0.5033333333333333
0.5
0.5033333333333333
0.5
0.5
0.5
0.5
0.5
0.5033333333333333
0.5033333333333333
0.5
0.49666666666666665
0.5033333333333333
