0.48148148148148145
0.6153846153846154
0.47619047619047616
0.4642857142857143
0.36363636363636365
0.4
0.5185185185185185
0.5
0.43333333333333335
0.3888888888888889
0.38461538461538464
0.36363636363636365
0.42105263157894735
0.55
0.46153846153846156
0.4166666666666667
0.40540540540540543
0.4444444444444444
0.25
0.5
0.4
0.35294117647058826
0.4318181818181818
0.4375
0.46153846153846156
0.4074074074074074
0.4782608695652174
0.4
0.47368421052631576
0.3684210526315789
0.4375
0.4166666666666667
0.47619047619047616
0.45
0.4117647058823529
0.38461538461538464
0.43478260869565216
0.4642857142857143
0.4
0.3829787234042553
0.38461538461538464
0.55
0.4375
0.43478260869565216
0.5
0.5
0.44
0.42857142857142855
0.4
0.4727272727272727
0.42857142857142855
0.5769230769230769
0.4782608695652174
0.5357142857142857
0.47619047619047616
0.5
0.5294117647058824
0.4772727272727273
0.484375
0.5116279069767442
0.48
0.45
0.5454545454545454
0.48
0.4897959183673469
0.5142857142857142
0.5094339622641509
0.4918032786885246
0.5
0.49056603773584906
0.5070422535211268
0.47368421052631576
0.5135135135135135
0.46875
0.46808510638297873
0.46875
0.5789473684210527
0.4878048780487805
0.4583333333333333
0.5
0.4772727272727273
0.48936170212765956
0.4727272727272727
0.5392156862745098
0.4827586206896552
0.5384615384615384
0.55
0.5140845070422535
0.4954128440366973
0.4752475247524752
0.5423728813559322
0.5333333333333333
0.5625
0.5294117647058824
0.46153846153846156
0.5348837209302325
0.5757575757575758
0.5277777777777778
0.5588235294117647
0.4965034965034965
0.5454545454545454
0.5277777777777778
0.4945054945054945
0.53125
0.5
0.5205479452054794
0.5371900826446281
0.5064935064935064
0.5444444444444444
0.5045045045045045
0.5460122699386503
0.5276073619631901
0.4482758620689655
0.46236559139784944
0.5
0.44525547445255476
0.5116279069767442
0.5102040816326531
0.4945054945054945
0.5242718446601942
0.46601941747572817
0.4318181818181818
0.5203252032520326
0.4838709677419355
0.4883720930232558
0.47619047619047616
0.5033557046979866
0.46511627906976744
0.47794117647058826
0.512
0.46153846153846156
0.47802197802197804
0.4574468085106383
0.47619047619047616
0.5
0.5153374233128835
0.4765957446808511
0.481651376146789
0.5027322404371585
0.5304347826086957
0.5053191489361702
0.4856115107913669
0.5443037974683544
0.5294117647058824
0.49361702127659574
0.4796380090497738
0.46153846153846156
0.4787234042553192
0.4708994708994709
0.4708994708994709
0.4426229508196721
0.5310344827586206
0.45222929936305734
0.4588235294117647
0.46511627906976744
0.45864661654135336
0.5140845070422535
0.46846846846846846
0.5202020202020202
0.5185185185185185
0.4782608695652174
0.4492753623188406
0.4647887323943662
0.5252525252525253
0.5419847328244275
0.5365853658536586
0.4523809523809524
0.5714285714285714
0.5474452554744526
0.5575221238938053
0.5186721991701245
0.5488721804511278
0.5307262569832403
0.5619834710743802
0.5314685314685315
0.5284090909090909
0.5406976744186046
0.4742857142857143
0.5
0.5333333333333333
0.5219298245614035
0.5116279069767442
0.48494983277591974
0.4889705882352941
0.4678362573099415
0.4391891891891892
0.47305389221556887
0.46987951807228917
0.4742857142857143
0.45132743362831856
0.45185185185185184
0.484375
0.4673913043478261
0.4411764705882353
0.4489795918367347
0.4642857142857143
0.4666666666666667
0.4358974358974359
0.4588235294117647
0.4492753623188406
0.45
0.4322033898305085
0.4298245614035088
0.4453125
0.4883720930232558
0.4421052631578947
0.4322033898305085
0.4492753623188406
0.453125
0.46551724137931033
0.45454545454545453
0.45098039215686275
0.4794520547945205
0.45925925925925926
0.41904761904761906
0.47761194029850745
0.46710526315789475
0.49693251533742333
0.4724770642201835
0.48031496062992124
0.4943820224719101
0.5110132158590308
0.49333333333333335
0.5113122171945701
0.5033333333333333
0.5121951219512195
0.5033333333333333
0.49666666666666665
0.5033333333333333
0.5
0.52
0.5309734513274337
0.5051546391752577
0.5125448028673835
0.5072463768115942
0.5190839694656488
0.5193798449612403
0.5151515151515151
0.5619047619047619
0.5271317829457365
0.5446428571428571
0.57
0.559322033898305
0.5294117647058824
0.5625
0.5428571428571428
0.5446428571428571
0.5416666666666666
0.5476190476190477
0.5185185185185185
0.5416666666666666
0.5684210526315789
0.5555555555555556
0.5263157894736842
0.5517241379310345
0.5625
0.57
0.5625
0.5636363636363636
0.5607476635514018
0.5535714285714286
0.5757575757575758
0.5517241379310345
0.5648148148148148
0.5784313725490197
0.5526315789473685
0.5555555555555556
0.5714285714285714
0.544
0.5526315789473685
0.5537190082644629
0.5447154471544715
0.5423728813559322
0.5575221238938053
0.5566037735849056
0.5407407407407407
0.5401459854014599
0.5403225806451613
0.5396825396825397
0.5289256198347108
0.5596330275229358
0.528
0.5328467153284672
0.5384615384615384
0.5384615384615384
0.5333333333333333
0.5433070866141733
0.5343511450381679
0.5347222222222222
0.5343511450381679
0.525
0.5253164556962026
0.5220125786163522
0.5328467153284672
0.5310344827586206
0.5390625
0.5328467153284672
0.5275590551181102
0.5409836065573771
0.5428571428571428
0.5269461077844312
0.5390625
0.5422535211267606
0.5359477124183006
0.5488721804511278
0.5688073394495413
0.5436241610738255
0.5652173913043478
0.5476190476190477
0.5538461538461539
0.559322033898305
0.5585585585585585
0.5433070866141733
0.5594405594405595
0.574468085106383
0.5486111111111112
0.5581395348837209
0.56
0.5524475524475524
0.5686274509803921
0.5434782608695652
0.5539568345323741
0.5434782608695652
0.559322033898305
0.5754716981132075
0.5510204081632653
0.544
0.5641025641025641
0.5583333333333333
0.5555555555555556
0.5405405405405406
0.5625
0.5412844036697247
0.5471698113207547
0.5531914893617021
0.5583333333333333
0.5448275862068965
0.5583333333333333
0.5308641975308642
0.5514705882352942
0.5567010309278351
0.544
0.5514705882352942
0.5514705882352942
0.5563380281690141
0.541095890410959
0.5419847328244275
0.5517241379310345
0.5466666666666666
0.5583333333333333
0.5688073394495413
0.559322033898305
0.5609756097560976
0.5424836601307189
0.550561797752809
0.5522388059701493
0.553030303030303
0.5405405405405406
0.5447761194029851
0.5555555555555556
0.5546218487394958
0.5555555555555556
0.5461538461538461
0.5401459854014599
0.5398773006134969
0.5413533834586466
0.5422535211267606
0.546875
0.5321637426900585
0.5517241379310345
0.5276381909547738
0.5324675324675324
0.5483870967741935
0.5375
0.5284974093264249
0.5302013422818792
0.5462184873949579
0.5314285714285715
0.5240963855421686
0.5260416666666666
0.5294117647058824
0.532051282051282
0.5448275862068965
0.5401459854014599
0.5230769230769231
0.5298013245033113
0.5234042553191489
0.5324675324675324
0.5316455696202531
0.5447154471544715
0.53125
0.5374149659863946
0.5319148936170213
0.5221674876847291
0.5263157894736842
0.5321637426900585
0.5352112676056338
0.5476190476190477
0.55
0.5447761194029851
0.5407407407407407
0.5337837837837838
0.5323741007194245
0.5337423312883436
0.5347222222222222
0.5447761194029851
0.532967032967033
0.5454545454545454
0.538961038961039
0.5460992907801419
0.5257731958762887
0.5467625899280576
0.5454545454545454
0.5547945205479452
0.5631067961165048
0.5590551181102362
0.5546218487394958
0.5565217391304348
0.5483870967741935
0.5625
0.5454545454545454
0.56
0.5486725663716814
0.5576923076923077
0.5486725663716814
0.5547445255474452
0.5523809523809524
0.5426356589147286
0.5535714285714286
0.5619047619047619
0.5492957746478874
0.5638297872340425
0.5614035087719298
0.5700934579439252
0.5537190082644629
0.5576923076923077
0.5490196078431373
0.546875
0.5543478260869565
0.5619834710743802
0.5511811023622047
0.5585585585585585
0.5524475524475524
0.55
0.5583333333333333
0.559322033898305
0.5572519083969466
0.5675675675675675
0.5474452554744526
0.559322033898305
0.5416666666666666
0.5609756097560976
0.5546218487394958
0.55
0.5539568345323741
0.5663716814159292
0.5630252100840336
0.5375
0.5375
0.5517241379310345
0.5564516129032258
0.549618320610687
0.5414012738853503
0.5603448275862069
0.5565217391304348
0.5408805031446541
0.5492957746478874
0.552
0.547945205479452
0.5526315789473685
0.5663716814159292
0.5503875968992248
0.5573770491803278
0.5460992907801419
0.5511811023622047
0.5537190082644629
0.5564516129032258
0.5522388059701493
0.5538461538461539
0.5503875968992248
0.559322033898305
0.5630252100840336
0.5666666666666667
0.56
0.5663716814159292
0.5488721804511278
0.5688073394495413
0.5581395348837209
0.5675675675675675
0.5547445255474452
0.5522388059701493
0.5507246376811594
0.5688073394495413
0.5619834710743802
0.5507246376811594
0.5547945205479452
0.5752212389380531
0.5522388059701493
0.5779816513761468
0.5641025641025641
0.5503355704697986
0.5609756097560976
0.5757575757575758
0.5740740740740741
0.5631067961165048
0.5537190082644629
0.5660377358490566
0.552
0.5740740740740741
0.5632183908045977
0.5677966101694916
0.5779816513761468
0.5647058823529412
0.5546875
0.5614035087719298
0.5448275862068965
0.5546875
0.5531914893617021
0.5543478260869565
0.556390977443609
0.5522388059701493
0.5648148148148148
0.54421768707483
0.556390977443609
0.5483870967741935
0.5546218487394958
0.5538461538461539
0.5564516129032258
0.552
0.553030303030303
0.5434782608695652
0.5548387096774193
0.5503355704697986
0.5546218487394958
0.5441176470588235
0.5619834710743802
0.56
0.556390977443609
0.5590551181102362
0.5609756097560976
0.5630252100840336
0.5573770491803278
0.5645161290322581
0.5631067961165048
0.5660377358490566
0.5636363636363636
0.5547445255474452
0.5504587155963303
0.5476190476190477
0.5514705882352942
0.5596330275229358
0.550561797752809
0.5568181818181818
0.57
0.5764705882352941
0.5619834710743802
0.5543478260869565
0.5700934579439252
0.5655737704918032
0.5747126436781609
0.5625
0.55
0.5581395348837209
0.55
0.5669291338582677
0.5648148148148148
0.5567010309278351
0.5581395348837209
0.5583333333333333
0.553030303030303
0.5573770491803278
0.5645161290322581
0.5508474576271186
0.5460992907801419
0.5374149659863946
0.5686274509803921
0.5538461538461539
0.5416666666666666
0.5517241379310345
0.544
0.5413533834586466
0.549618320610687
0.5333333333333333
0.5403225806451613
0.5373134328358209
0.528169014084507
0.5416666666666666
0.5426356589147286
0.5428571428571428
0.5348837209302325
0.5202312138728323
0.5384615384615384
0.5277777777777778
0.5220588235294118
0.5354330708661418
0.5289855072463768
0.5384615384615384
0.5248618784530387
0.5294117647058824
0.5277777777777778
0.5211267605633803
0.5214723926380368
0.5165562913907285
0.5307692307692308
0.5133333333333333
0.5194805194805194
0.5343511450381679
0.5244755244755245
0.5180722891566265
0.524390243902439
0.5365853658536586
0.5279503105590062
0.5185185185185185
0.5220125786163522
0.5298013245033113
0.5319148936170213
0.5352112676056338
0.5263157894736842
0.5369127516778524
0.5354330708661418
0.5433070866141733
0.5294117647058824
0.5409836065573771
0.5362318840579711
0.5483870967741935
0.5454545454545454
0.5337837837837838
0.5345911949685535
0.5348837209302325
0.5416666666666666
0.5403225806451613
0.5345911949685535
0.552
0.5492957746478874
0.5488721804511278
0.5511811023622047
0.5564516129032258
0.5375
0.541095890410959
0.5688073394495413
0.559322033898305
0.5447154471544715
0.5533333333333333
0.5511811023622047
0.556390977443609
0.5390070921985816
0.5606060606060606
0.5486111111111112
0.5359477124183006
0.535031847133758
0.5472972972972973
0.5645161290322581
0.5603448275862069
0.5491803278688525
0.5546875
0.5555555555555556
0.5522388059701493
0.5344827586206896
0.5546875
0.5422535211267606
0.5133333333333333
0.5300546448087432
0.5306122448979592
0.5357142857142857
0.5279187817258884
0.5348837209302325
0.5219123505976095
0.535483870967742
0.4682080924855491
0.5274725274725275
0.46540880503144655
0.48034934497816595
0.5186721991701245
0.453125
0.4619883040935672
0.47572815533980584
0.45714285714285713
0.45323741007194246
0.47844827586206895
0.47692307692307695
0.4807017543859649
0.45185185185185184
0.4708994708994709
0.4719626168224299
0.4723618090452261
0.47342995169082125
0.5179282868525896
0.4752475247524752
0.49333333333333335
0.47804878048780486
0.4777777777777778
0.4796747967479675
0.4759036144578313
0.5223214285714286
0.5174129353233831
0.5166666666666667
0.5127118644067796
0.5209302325581395
0.512396694214876
0.5211267605633803
0.5183823529411765
0.51
0.5227272727272727
0.5162790697674419
0.515748031496063
0.5240641711229946
0.5136612021857924
0.5138339920948617
0.5176470588235295
0.5137614678899083
0.5155038759689923
0.5120967741935484
0.51
0.5145631067961165
0.5167464114832536
0.5066666666666667
0.5136186770428015
0.5140562248995983
0.5196078431372549
0.5172413793103449
0.5033333333333333
0.5150501672240803
0.51
0.5066666666666667
0.5202020202020202
0.52
0.5217391304347826
0.5171102661596958
0.5238095238095238
0.5272727272727272
0.5370370370370371
0.5333333333333333
0.5283018867924528
0.5340909090909091
0.5378787878787878
0.5405405405405406
0.5583333333333333
0.5401459854014599
0.5441176470588235
0.5522388059701493
0.5478260869565217
0.556390977443609
0.5428571428571428
0.5503875968992248
0.5472972972972973
0.5700934579439252
0.5603448275862069
0.5603448275862069
0.5765765765765766
0.5606060606060606
0.5603448275862069
0.5583333333333333
0.57
0.5757575757575758
0.5547445255474452
0.5652173913043478
0.5483870967741935
0.5514705882352942
0.5581395348837209
0.568
0.5619047619047619
0.5684210526315789
0.559322033898305
0.5609756097560976
0.5656565656565656
0.5643564356435643
0.5615384615384615
0.5575221238938053
0.5701754385964912
0.5686274509803921
0.56
0.5486725663716814
0.5666666666666667
0.5686274509803921
0.5714285714285714
0.5510204081632653
0.5689655172413793
0.5528455284552846
0.5531914893617021
0.5591397849462365
0.5520833333333334
0.5526315789473685
0.5585585585585585
0.56
0.5576923076923077
0.5565217391304348
0.5670103092783505
0.5609756097560976
0.5607476635514018
0.5700934579439252
0.549618320610687
0.5517241379310345
0.5648148148148148
0.5666666666666667
0.5609756097560976
0.5575221238938053
0.5630252100840336
0.5753424657534246
0.556390977443609
0.5565217391304348
0.552
0.5511811023622047
0.5564516129032258
0.543046357615894
0.5581395348837209
0.5555555555555556
0.5636363636363636
0.559322033898305
0.5460992907801419
0.54
0.5414012738853503
0.5514705882352942
0.532051282051282
0.5555555555555556
0.541095890410959
0.54421768707483
0.5528455284552846
0.5405405405405406
0.5304878048780488
0.539568345323741
0.5476190476190477
0.5508474576271186
0.5428571428571428
0.543046357615894
0.53125
0.5396825396825397
0.5419354838709678
0.5421686746987951
0.5413533834586466
0.5333333333333333
0.5407407407407407
0.5384615384615384
0.535031847133758
0.532051282051282
0.5426356589147286
0.5575221238938053
0.5329341317365269
0.54
0.55
0.5390625
0.5460992907801419
0.5416666666666666
0.5375
0.5603448275862069
0.5447154471544715
0.5394736842105263
0.5528455284552846
0.539568345323741
0.5421686746987951
0.5401459854014599
0.5511811023622047
0.5491803278688525
0.5514705882352942
0.5434782608695652
0.5447761194029851
0.5488721804511278
0.5433070866141733
0.5507246376811594
0.5374149659863946
0.5422535211267606
0.5660377358490566
0.5414012738853503
0.55
0.5555555555555556
0.5419847328244275
0.5419847328244275
0.5352112676056338
0.5636363636363636
0.5526315789473685
0.5476190476190477
0.5405405405405406
0.553030303030303
0.5384615384615384
0.5526315789473685
0.5545454545454546
0.5401459854014599
0.5434782608695652
0.5481481481481482
0.5625
0.5596330275229358
0.5481481481481482
0.5688073394495413
0.5461538461538461
0.5572519083969466
0.5575221238938053
0.5636363636363636
0.5565217391304348
0.5546218487394958
0.5573770491803278
0.5619047619047619
0.5526315789473685
0.559322033898305
0.5555555555555556
0.5754716981132075
0.5575221238938053
0.5508474576271186
0.5677966101694916
0.5686274509803921
0.5648148148148148
0.5573770491803278
0.5641025641025641
0.5619047619047619
0.5727272727272728
0.5752212389380531
0.5714285714285714
0.5537190082644629
0.5585585585585585
0.5603448275862069
0.5614035087719298
0.5663716814159292
0.5673076923076923
0.5700934579439252
0.5648148148148148
0.5575221238938053
0.5663716814159292
0.5545454545454546
0.5585585585585585
0.5636363636363636
0.5757575757575758
0.5546218487394958
0.5619047619047619
0.5652173913043478
0.5526315789473685
0.5576923076923077
0.5652173913043478
0.5816326530612245
0.5625
0.5714285714285714
0.5648148148148148
0.5663716814159292
0.5619047619047619
0.546875
0.5607476635514018
0.5673076923076923
0.5673076923076923
0.5673076923076923
0.5631067961165048
0.5603448275862069
0.5531914893617021
0.5585585585585585
0.5652173913043478
0.5625
0.5773195876288659
0.5727272727272728
0.57
0.5614035087719298
0.5673076923076923
0.5581395348837209
0.5729166666666666
0.5688073394495413
0.5546218487394958
0.5728155339805825
0.57
0.5752212389380531
0.5555555555555556
0.5575221238938053
0.5673076923076923
0.5643564356435643
0.5757575757575758
0.5636363636363636
0.5686274509803921
0.5619047619047619
0.5757575757575758
0.5526315789473685
0.5533980582524272
0.5660377358490566
0.5576923076923077
0.5714285714285714
0.5643564356435643
0.5576923076923077
0.55
0.5462962962962963
0.5526315789473685
0.5585585585585585
0.5643564356435643
0.5504587155963303
0.5535714285714286
0.5526315789473685
0.5673076923076923
0.5686274509803921
0.55
0.5648148148148148
0.5596330275229358
0.5656565656565656
0.5537190082644629
0.5508474576271186
0.5478260869565217
0.5461538461538461
0.5648148148148148
0.5609756097560976
0.5454545454545454
0.5535714285714286
0.5517241379310345
0.5575221238938053
0.5419847328244275
0.55
0.5461538461538461
0.5413533834586466
0.5483870967741935
0.539568345323741
