0.5
0.5
0.5
0.5
0.5
0.5033333333333333
0.5033333333333333
0.5
0.5
0.49666666666666665
0.5
0.49666666666666665
0.5033333333333333
0.5
0.5
0.49666666666666665
0.5
0.5033333333333333
0.5
0.5
0.5
0.5
0.5
0.5
0.5033333333333333
0.5
0.5
0.5
0.5033333333333333
0.5033333333333333
0.5033333333333333
0.5033333333333333
0.5
0.5033333333333333
0.5
0.5
0.5033333333333333
0.5033333333333333
0.5
0.5033333333333333
0.5
0.5
0.5
0.5
0.5033333333333333
0.5
0.5
0.5
0.5033333333333333
0.5033333333333333
0.5
0.5
0.5033333333333333
0.5033333333333333
0.5
0.5
0.5
0.5
0.5033333333333333
0.5033333333333333
0.5033333333333333
0.5033333333333333
0.5
0.5033333333333333
0.5
0.49666666666666665
0.5033333333333333
0.5
0.5033333333333333
0.5
0.5033333333333333
0.5033333333333333
0.5033333333333333
0.5033333333333333
0.5078125
0.5033333333333333
0.5070921985815603
0.5033333333333333
0.5051194539249146
0.5058823529411764
0.5036231884057971
0.5084745762711864
0.5093632958801498
0.5113122171945701
0.5068493150684932
0.5076335877862596
0.5072463768115942
0.5110132158590308
0.5110132158590308
0.5112107623318386
0.5144230769230769
0.5073891625615764
0.5095238095238095
0.5076923076923077
0.5120772946859904
0.5097087378640777
0.5096153846153846
0.5096153846153846
0.5072463768115942
0.5108225108225108
0.5129533678756477
0.518324607329843
0.5118483412322274
0.5114155251141552
0.5151515151515151
0.5073891625615764
0.5080213903743316
0.5093457943925234
0.5111111111111111
0.5162790697674419
0.5111111111111111
0.5112107623318386
0.5104166666666666
0.5064935064935064
0.5135135135135135
0.5084033613445378
0.5131578947368421
0.5096153846153846
0.5082644628099173
0.5062761506276151
0.508695652173913
0.508
0.5071090047393365
0.5020080321285141
0.5101214574898786
0.5116279069767442
0.5078125
0.5061728395061729
0.5086206896551724
0.5058365758754864
0.5055350553505535
0.510548523206751
0.5043478260869565
0.5057915057915058
0.5062240663900415
0.5045454545454545
0.5059760956175299
0.5076923076923077
0.5089605734767025
0.5075757575757576
0.5075187969924813
0.5056603773584906
0.5052631578947369
0.5066666666666667
0.5039370078740157
0.5033333333333333
0.5016722408026756
0.5017421602787456
0.5033333333333333
0.5066666666666667
0.5
0.5050167224080268
0.5033333333333333
0.5
0.5066666666666667
0.5066666666666667
0.5033333333333333
0.5033333333333333
0.5033333333333333
0.5016835016835017
0.5033333333333333
0.5033333333333333
0.5033333333333333
0.5033333333333333
0.5033333333333333
0.5033333333333333
0.5
0.5033333333333333
0.5
0.5033333333333333
0.5033333333333333
0.5033333333333333
0.5033333333333333
0.5033333333333333
0.5033333333333333
0.5033333333333333
0.5
0.5033333333333333
0.5
0.5
0.5
0.5033333333333333
0.5
0.5
0.5033333333333333
0.5033333333333333
0.5033333333333333
0.5033333333333333
0.5033333333333333
0.5
0.5
0.5033333333333333
0.5033333333333333
0.5033333333333333
0.5033333333333333
0.5
0.5033333333333333
0.5033333333333333
0.5033333333333333
0.5033333333333333
0.5033333333333333
0.5
0.5033333333333333
0.5
0.5033333333333333
0.5033333333333333
0.5033333333333333
0.5
0.5
0.5
0.5
0.5033333333333333
0.5
0.5
0.5
0.5
0.5033333333333333
0.5033333333333333
0.5
0.5033333333333333
0.5033333333333333
0.5033333333333333
0.5
0.5033333333333333
0.5033333333333333
0.5
0.5033333333333333
0.5033333333333333
0.5
0.5033333333333333
0.5033333333333333
0.5
0.5033333333333333
0.5033333333333333
0.5033333333333333
0.5
0.5033333333333333
0.5
0.5
0.5
0.5
0.5033333333333333
0.5033333333333333
0.5033333333333333
0.5033333333333333
0.5
0.5
0.49666666666666665
0.5
0.5
0.5033333333333333
0.5
0.5
0.5033333333333333
0.5
0.5
0.5
0.5
0.5
0.5
0.5
0.5
0.5033333333333333
0.5
0.5
0.5033333333333333
0.5
0.5
0.5
0.5
0.5
0.5
0.5
0.5
0.5
0.5
0.5
0.5
0.5033333333333333
0.5033333333333333
0.5
0.5033333333333333
0.5033333333333333
0.5
0.5
0.5
0.5
0.5033333333333333
0.49666666666666665
0.5
0.49666666666666665
0.5033333333333333
0.5
0.49666666666666665
0.5
0.5
0.5033333333333333
0.5
0.5
0.5
0.5
0.5
0.5033333333333333
0.5
0.5
0.5033333333333333
0.49666666666666665
0.5
0.5
0.5
0.5
0.5
0.5
0.5
0.5
0.5
0.5
0.5
0.5033333333333333
0.5
0.5
0.5033333333333333
0.5
0.5
0.5
0.5
0.5
0.5033333333333333
0.5
0.5033333333333333
0.5033333333333333
0.5
0.5
0.5
0.5033333333333333
0.5
0.5
0.5
0.5033333333333333
0.5033333333333333
0.5
0.5
0.5
0.5
0.5
0.5
0.5
0.5
0.5
0.5
0.49666666666666665
0.5
0.5033333333333333
0.5
0.5033333333333333
0.5
0.5
0.5
0.5033333333333333
0.5
0.5
0.5
0.5033333333333333
0.49666666666666665
0.49666666666666665
0.5
0.5033333333333333
0.5
0.5
0.5033333333333333
0.5
0.5
0.5
0.5
0.5
0.5
0.5
0.5
0.5
0.5
0.5
0.5
0.5
0.5
0.5
0.5033333333333333
0.5
0.49666666666666665
0.5
0.5033333333333333
0.5
0.5
0.5033333333333333
0.5033333333333333
0.5
0.5
0.5
0.5033333333333333
0.5
0.5
0.5
0.5033333333333333
0.5033333333333333
0.5
0.5
0.5
0.49666666666666665
0.5033333333333333
0.5033333333333333
0.5033333333333333
0.5
0.5033333333333333
0.49666666666666665
0.5033333333333333
0.5
0.5033333333333333
0.5
0.5
0.5
0.5
0.5033333333333333
0.5
0.5033333333333333
0.5
0.5
0.5033333333333333
0.5
0.5
0.49666666666666665
0.5033333333333333
0.5
0.5
0.5
0.5
0.5
0.5
0.5033333333333333
0.49666666666666665
0.5
0.5
0.5
0.5033333333333333
0.5
0.5
0.5
0.49666666666666665
0.49666666666666665
0.5
0.5
0.5
0.5
0.5
0.5
0.5
0.5
0.5
0.5
0.5033333333333333
0.5
0.5033333333333333
0.5
0.5033333333333333
0.5033333333333333
0.5
0.5
0.5
0.5
0.5
0.5033333333333333
0.5
0.49666666666666665
0.5033333333333333
0.5
0.5033333333333333
0.5
0.5
0.5033333333333333
0.5
0.5
0.5
0.5
0.5
0.5
0.49666666666666665
0.5
0.5
0.5
0.5033333333333333
0.5
0.5
0.5
0.5033333333333333
0.5
0.5033333333333333
0.5
0.5033333333333333
0.5033333333333333
0.5
0.5033333333333333
0.5033333333333333
0.5033333333333333
0.5033333333333333
0.5033333333333333
0.49666666666666665
0.5033333333333333
0.5033333333333333
0.5033333333333333
0.5033333333333333
0.5
0.5033333333333333
0.5033333333333333
0.5033333333333333
0.5033333333333333
0.5033333333333333
0.5033333333333333
0.5
0.5033333333333333
0.5
0.5033333333333333
0.5
0.5
0.5
0.5
0.5
0.5033333333333333
0.5
0.5033333333333333
0.5
0.5033333333333333
0.5
0.5033333333333333
0.5033333333333333
0.5033333333333333
0.5
0.5033333333333333
0.5033333333333333
0.5033333333333333
0.5033333333333333
0.5033333333333333
0.5033333333333333
0.5
0.5033333333333333
0.5033333333333333
0.5066666666666667
0.5033333333333333
0.5033333333333333
0.5033333333333333
0.5
0.5033333333333333
0.5037593984962406
0.5033333333333333
0.5033333333333333
0.5054151624548736
0.5036231884057971
0.5017182130584192
0.5036496350364964
0.5063829787234042
0.5061224489795918
0.5043478260869565
0.5067264573991032
0.5092592592592593
0.5065502183406113
0.5063829787234042
0.5068493150684932
0.5103734439834025
0.5111111111111111
0.5108225108225108
0.5094339622641509
0.5046728971962616
0.5059760956175299
0.5040322580645161
0.5060728744939271
0.5064935064935064
0.5057034220532319
0.5056603773584906
0.5073529411764706
0.5035460992907801
0.5018181818181818
0.5057034220532319
0.506993006993007
0.5050505050505051
0.5017301038062284
0.5033333333333333
0.5033333333333333
0.5033333333333333
0.5033333333333333
0.5033333333333333
0.5033333333333333
0.5033333333333333
0.5033333333333333
0.5066666666666667
0.5033333333333333
0.5033333333333333
0.5
0.5033333333333333
0.5033333333333333
0.5033333333333333
0.5033333333333333
0.5033333333333333
0.5033333333333333
0.5033333333333333
0.5054945054945055
0.501779359430605
0.5018867924528302
0.5035211267605634
0.5037878787878788
0.5035714285714286
0.5055762081784386
0.5058823529411764
0.5077519379844961
0.5067264573991032
0.5040322580645161
0.5093632958801498
0.504424778761062
0.5069124423963134
0.5062240663900415
0.5076923076923077
0.5106382978723404
0.508130081300813
0.5060240963855421
0.5062240663900415
0.5087719298245614
0.5061728395061729
0.5042372881355932
0.5038759689922481
0.5073529411764706
0.5058365758754864
0.5035714285714286
0.503731343283582
0.5035971223021583
0.505338078291815
0.5017543859649123
0.5017301038062284
0.5033333333333333
0.5033333333333333
0.5033333333333333
0.5066666666666667
0.5033333333333333
0.5033333333333333
0.5
0.5033333333333333
0.5
0.5
0.5033333333333333
0.5033333333333333
0.5
0.5
0.5
0.5
0.5033333333333333
0.5
0.5
0.5
0.5033333333333333
0.5033333333333333
0.5
0.5033333333333333
0.5033333333333333
0.5033333333333333
0.5
0.5
0.5033333333333333
0.5
0.5
0.5
0.5033333333333333
0.5033333333333333
0.5033333333333333
0.5033333333333333
0.5
0.5033333333333333
0.5017667844522968
0.5
0.5017421602787456
0.5
0.5037593984962406
0.5017421602787456
0.5040650406504065
0.5035714285714286
0.5040983606557377
0.5078125
0.5061728395061729
0.5060728744939271
0.5022421524663677
0.5038167938931297
0.5085470085470085
0.5064935064935064
0.5061224489795918
0.5044642857142857
0.5063291139240507
0.5061224489795918
0.5096525096525096
0.5042372881355932
0.5040983606557377
0.5067264573991032
0.5060240963855421
0.5037037037037037
0.504
0.5037878787878788
0.5018050541516246
0.5017182130584192
0.5033783783783784
0.5033333333333333
0.5033333333333333
0.5
0.5
0.5
0.5
0.5
0.5
0.5
0.5
0.5
0.5
0.5
0.5
0.5
0.5033333333333333
0.5
0.5033333333333333
0.5
0.5
0.5033333333333333
0.5
0.5033333333333333
0.5
0.5040322580645161
0.5075757575757576
0.5019011406844106
0.5035714285714286
0.5054151624548736
0.5062240663900415
0.5017421602787456
0.5041322314049587
0.5017182130584192
0.5019305019305019
0.5020242914979757
0.5021097046413502
0.5040983606557377
0.5070422535211268
0.5035714285714286
0.5035971223021583
0.5
0.5
0.5016722408026756
0.5050505050505051
0.5033333333333333
0.5033333333333333
0.5032679738562091
0.5
0.5033333333333333
0.5103448275862069
0.5
0.5033333333333333
0.5190839694656488
0.5036496350364964
0.5033333333333333
0.518796992481203
0.5118110236220472
0.5210084033613446
0.5072463768115942
0.5203252032520326
0.506578947368421
0.52
0.5116279069767442
0.5213675213675214
0.5227272727272727
0.5066666666666667
0.515625
0.5106382978723404
0.5289256198347108
0.5338983050847458
0.5217391304347826
0.5149253731343284
0.5066666666666667
0.5066666666666667
0.5033333333333333
0.5151515151515151
0.5066666666666667
0.5033333333333333
0.5033333333333333
0.5033333333333333
0.5033333333333333
0.5066666666666667
0.5
0.5066666666666667
0.5
0.5033333333333333
0.5
0.5033333333333333
0.5033333333333333
0.5033333333333333
0.5033333333333333
0.5
0.5066666666666667
0.5033333333333333
0.5033333333333333
0.5
0.5033333333333333
0.5066666666666667
0.5033333333333333
0.5033333333333333
0.5033333333333333
0.5033333333333333
0.5
0.5033333333333333
0.5
0.5
0.5033333333333333
0.5066666666666667
0.51
0.5033333333333333
0.5066666666666667
0.5066666666666667
0.5066666666666667
0.5066666666666667
0.5066666666666667
0.5033333333333333
0.51
0.51
0.5033333333333333
0.5133333333333333
0.5066666666666667
0.5133333333333333
0.5133333333333333
0.51
0.51
0.51
0.5133333333333333
0.51
0.5066666666666667
0.5166666666666667
0.5072463768115942
0.5066666666666667
0.5133333333333333
0.5133333333333333
0.51
0.5066666666666667
0.51
0.4957627118644068
0.4957983193277311
0.5133333333333333
0.5066666666666667
0.5133333333333333
0.5133333333333333
0.5055350553505535
0.5133333333333333
0.5133333333333333
0.49356223175965663
0.51
0.5069444444444444
0.4968553459119497
0.5035460992907801
0.4878048780487805
0.5144927536231884
0.5035460992907801
0.51
0.5220588235294118
0.5142857142857142
0.5190839694656488
0.5210084033613446
0.5238095238095238
0.5227272727272727
0.5227272727272727
0.5118110236220472
0.5144927536231884
0.5174825174825175
0.5106382978723404
0.5409836065573771
0.5136986301369864
0.5245901639344263
0.5271317829457365
0.5303030303030303
0.5328467153284672
0.532258064516129
0.5299145299145299
0.5220588235294118
0.5210084033613446
0.5294117647058824
0.524822695035461
0.5217391304347826
0.5238095238095238
0.528
0.5431034482758621
0.5251798561151079
0.5294117647058824
0.5343511450381679
0.5214285714285715
0.5289256198347108
0.5284552845528455
0.5177304964539007
0.5304347826086957
0.5275590551181102
0.5166666666666667
0.5384615384615384
0.5307692307692308
0.5210084033613446
0.5348837209302325
0.5294117647058824
0.5144927536231884
0.5161290322580645
0.5230769230769231
0.5255474452554745
0.528
0.5234375
0.5230769230769231
0.5241935483870968
0.5142857142857142
0.5251798561151079
0.5153846153846153
0.53125
0.518796992481203
0.5251798561151079
0.5140845070422535
0.5140845070422535
0.5153846153846153
0.525
0.5179856115107914
0.5211267605633803
0.5190839694656488
0.5034965034965035
0.5163398692810458
0.5
0.49635036496350365
0.5294117647058824
0.5234375
0.5116279069767442
0.5033557046979866
0.4961832061068702
0.4939759036144578
0.496551724137931
0.5104895104895105
0.4838709677419355
0.4857142857142857
0.4883720930232558
0.49615384615384617
0.5104895104895105
0.5
0.5166666666666667
0.4967741935483871
0.5033333333333333
0.49230769230769234
0.5035971223021583
0.4939759036144578
0.51
0.483739837398374
0.5133333333333333
0.5133333333333333
0.5133333333333333
0.4901185770750988
0.5066666666666667
0.51
0.51
0.5066666666666667
0.5133333333333333
0.51
0.5066666666666667
0.5066666666666667
0.51
0.5066666666666667
0.51
0.5066666666666667
0.5033333333333333
0.5066666666666667
0.51
0.5066666666666667
0.51
0.5066666666666667
0.51
0.5066666666666667
0.5066666666666667
0.5033333333333333
0.5066666666666667
0.5133333333333333
0.5066666666666667
0.51
0.5066666666666667
0.51
0.51
0.5066666666666667
0.5066666666666667
0.5033333333333333
0.5066666666666667
0.5033333333333333
0.5033333333333333
0.5
0.5066666666666667
0.5185185185185185
0.5
0.5098039215686274
0.5163398692810458
0.5131578947368421
0.5125
0.5182481751824818
0.5151515151515151
0.5123456790123457
0.524822695035461
0.5190839694656488
0.5217391304347826
0.5238095238095238
