0.5
0.49666666666666665
0.5033333333333333
0.5
0.5
0.49666666666666665
0.5033333333333333
0.5
0.49666666666666665
0.5
0.5
0.5
0.49666666666666665
0.5
0.5
0.49666666666666665
0.49666666666666665
0.5
0.5
0.49666666666666665
0.5033333333333333
0.5
0.5
0.49666666666666665
0.5033333333333333
0.49666666666666665
0.5
0.49666666666666665
0.5
0.5
0.5
0.5
0.5033333333333333
0.5
0.49666666666666665
0.5
0.5
0.5
0.49666666666666665
0.5033333333333333
0.5033333333333333
0.5
0.5
0.5
0.5
0.5
0.5
0.5
0.5
0.5
0.5
0.5
0.5
0.49666666666666665
0.5
0.5
0.5033333333333333
0.49666666666666665
0.5
0.5
0.5
0.5033333333333333
0.5
0.5
0.5
0.5
0.5
0.49666666666666665
0.5
0.5
0.5033333333333333
0.5
0.5
0.5033333333333333
0.5033333333333333
0.5
0.5
0.5
0.5
0.5
0.5
0.5
0.5
0.5
0.5
0.49666666666666665
0.5033333333333333
0.5033333333333333
0.5
0.5
0.5
0.5
0.5
0.5
0.5
0.5
0.5
0.5
0.49666666666666665
0.5
0.5
0.49666666666666665
0.49666666666666665
0.5
0.5
0.5033333333333333
0.5
0.49666666666666665
0.5033333333333333
0.5
0.5
0.5
0.5
0.5
0.5
0.5
0.5033333333333333
0.5
0.49666666666666665
0.5
0.5
0.5
0.5
0.5
0.5
0.49666666666666665
0.5
0.5
0.5
0.5
0.49666666666666665
0.5033333333333333
0.5
0.5
0.5
0.5
0.5033333333333333
0.5
0.5033333333333333
0.5
0.49666666666666665
0.5
0.5
0.5
0.5
0.5
0.5
0.49666666666666665
0.49666666666666665
0.5
0.5
0.49666666666666665
0.49666666666666665
0.49666666666666665
0.5
0.5
0.5
0.5033333333333333
0.49666666666666665
0.5
0.49666666666666665
0.5
0.49666666666666665
0.5
0.5033333333333333
0.5
0.49666666666666665
0.5
0.5
0.5
0.5
0.5
0.5033333333333333
0.5
0.49666666666666665
0.5
0.49666666666666665
0.49666666666666665
0.5
0.49666666666666665
0.5
0.49666666666666665
0.5
0.49666666666666665
0.5
0.5
0.5
0.5
0.5
0.5
0.5
0.49666666666666665
0.5
0.5
0.5
0.5
0.5033333333333333
0.5
0.5
0.49666666666666665
0.5
0.49666666666666665
0.5033333333333333
0.5
0.5
0.5
0.5033333333333333
0.5033333333333333
0.5
0.5
0.5
0.5
0.5
0.5
0.5033333333333333
0.5
0.5033333333333333
0.5
0.5033333333333333
0.5033333333333333
0.5
0.5033333333333333
0.5
0.5
0.5033333333333333
0.5
0.49666666666666665
0.5
0.49666666666666665
0.5
0.5033333333333333
0.5
0.5
0.5
0.5
0.5
0.5
0.5
0.5
0.5
0.49666666666666665
0.5
0.5033333333333333
0.5
0.5
0.5
0.5
0.5033333333333333
0.5
0.5033333333333333
0.49666666666666665
0.5
0.5
0.5
0.5033333333333333
0.5033333333333333
0.5
0.5033333333333333
0.5
0.5033333333333333
0.5
0.5
0.5
0.5
0.5033333333333333
0.5
0.49333333333333335
0.5
0.5
0.5
0.5
0.5
0.5
0.49666666666666665
0.5
0.5
0.49666666666666665
0.5
0.49666666666666665
0.49666666666666665
0.5
0.5
0.5
0.5
0.5
0.49333333333333335
0.49666666666666665
0.49666666666666665
0.49666666666666665
0.49666666666666665
0.5
0.49666666666666665
0.49666666666666665
0.5033333333333333
0.5
0.49333333333333335
0.5
0.5
0.5
0.5
0.49666666666666665
0.49666666666666665
0.5
0.5
0.5
0.49333333333333335
0.5
0.5
0.49666666666666665
0.5
0.5
0.5
0.49666666666666665
0.5
0.5033333333333333
0.5
0.49666666666666665
0.49666666666666665
0.5
0.49666666666666665
0.5
0.49666666666666665
0.49666666666666665
0.5
0.49666666666666665
0.5
0.49666666666666665
0.49666666666666665
0.49666666666666665
0.49666666666666665
0.5
0.49666666666666665
0.5033333333333333
0.5
0.49666666666666665
0.5
0.5033333333333333
0.5066666666666667
0.49666666666666665
0.5033333333333333
0.5
0.5
0.5033333333333333
0.5
0.49333333333333335
0.49666666666666665
0.5066666666666667
0.5
0.5033333333333333
0.5
0.5066666666666667
0.49666666666666665
0.5033333333333333
0.5068493150684932
0.5
0.5033333333333333
0.5033333333333333
0.5
0.5033333333333333
0.5033333333333333
0.5034013605442177
0.5033333333333333
0.5066666666666667
0.51
0.5066666666666667
0.5066666666666667
0.5033333333333333
0.5066666666666667
0.5066666666666667
0.5066666666666667
0.5
0.4978540772532189
0.5
0.5066666666666667
0.5066666666666667
0.4977578475336323
0.51
0.49666666666666665
0.5066666666666667
0.5066666666666667
0.5066666666666667
0.5066666666666667
0.51
0.5033333333333333
0.5066666666666667
0.5066666666666667
0.5033333333333333
0.5033333333333333
0.5066666666666667
0.5033333333333333
0.5033333333333333
0.5033333333333333
0.5033333333333333
0.51
0.5033333333333333
0.5033333333333333
0.5033333333333333
0.5066666666666667
0.5033333333333333
0.5033333333333333
0.5
0.5
0.5
0.5
0.5033333333333333
0.5033333333333333
0.5
0.5066666666666667
0.5
0.5
0.5033333333333333
0.5033333333333333
0.5033333333333333
0.5066666666666667
0.5033333333333333
0.5066666666666667
0.5033333333333333
0.5
0.5033333333333333
0.51
0.5066666666666667
0.5
0.51
0.5066666666666667
0.51
0.5066666666666667
0.5033333333333333
0.5066666666666667
0.5066666666666667
0.5066666666666667
0.51
0.5
0.5066666666666667
0.51
0.5066666666666667
0.5133333333333333
0.5066666666666667
0.4959677419354839
0.5066666666666667
0.5133333333333333
0.5066666666666667
0.5
0.5066666666666667
0.49603174603174605
0.51
0.5066666666666667
0.5066666666666667
0.5066666666666667
0.5066666666666667
0.4959016393442623
0.5038167938931297
0.5066666666666667
0.51
0.5133333333333333
0.5133333333333333
0.51
0.5066666666666667
0.5166666666666667
0.5133333333333333
0.5133333333333333
0.5066666666666667
0.5133333333333333
0.51
0.5033333333333333
0.49224806201550386
0.49795918367346936
0.5066666666666667
0.51
0.5066666666666667
0.5066666666666667
0.4888888888888889
0.5066666666666667
0.5033333333333333
0.5066666666666667
0.5066666666666667
0.5033333333333333
0.5
0.5133333333333333
0.5066666666666667
0.5066666666666667
0.5066666666666667
0.5033333333333333
0.5
0.5066666666666667
0.5033333333333333
0.49356223175965663
0.5066666666666667
0.5066666666666667
0.5033333333333333
0.5066666666666667
0.5033333333333333
0.5
0.51
0.51
0.5033333333333333
0.5066666666666667
0.5066666666666667
0.49666666666666665
0.5133333333333333
0.5066666666666667
0.5
0.51
0.5033333333333333
0.5033333333333333
0.51
0.51
0.51
0.5033333333333333
0.5066666666666667
0.49666666666666665
0.51
0.5033333333333333
0.5
0.5066666666666667
0.5133333333333333
0.5066666666666667
0.5
0.5066666666666667
0.5033333333333333
0.5033333333333333
0.51
0.51
0.51
0.5066666666666667
0.5066666666666667
0.5
0.5
0.5
0.49666666666666665
0.5166666666666667
0.49666666666666665
0.5033333333333333
0.5066666666666667
0.51
0.5066666666666667
0.5033333333333333
0.5
0.5166666666666667
0.5033333333333333
0.5
0.5066666666666667
0.5166666666666667
0.5033333333333333
0.5
0.5
0.51
0.5033333333333333
0.5033333333333333
0.51
0.4892086330935252
0.51
0.49666666666666665
0.5033333333333333
0.5066666666666667
0.51
0.493006993006993
0.5166666666666667
0.5066666666666667
0.5
0.5033333333333333
0.49666666666666665
0.4910394265232975
0.5033333333333333
0.51
0.5166666666666667
0.49666666666666665
0.49
0.5133333333333333
0.5034722222222222
0.49666666666666665
0.49609375
0.49458483754512633
0.49666666666666665
0.5033333333333333
0.5033333333333333
0.49
0.48
0.49333333333333335
0.5
0.5
0.48
0.49333333333333335
0.5133333333333333
0.51
0.51
0.4866666666666667
0.5
0.5166666666666667
0.5166666666666667
0.49666666666666665
0.5
0.5
0.4866666666666667
0.49666666666666665
0.5
0.49333333333333335
0.5033333333333333
0.49333333333333335
0.49666666666666665
0.5066666666666667
0.5066666666666667
0.49
0.49666666666666665
0.5
0.5133333333333333
0.51
0.49333333333333335
0.49666666666666665
0.5
0.5066666666666667
0.49666666666666665
0.5166666666666667
0.5
0.51
0.49666666666666665
0.48333333333333334
0.5
0.5
0.5066666666666667
0.4866666666666667
0.5066666666666667
0.5033333333333333
0.5
0.49777777777777776
0.49333333333333335
0.5
0.5066666666666667
0.49666666666666665
0.49666666666666665
0.5
0.49
0.49
0.5066666666666667
0.5033333333333333
0.5033333333333333
0.49666666666666665
0.5
0.5066666666666667
0.51
0.5
0.5066666666666667
0.4866666666666667
0.5
0.5033333333333333
0.49666666666666665
0.5
0.4948805460750853
0.49666666666666665
0.5033333333333333
0.5033333333333333
0.5066666666666667
0.5
0.5
0.5066666666666667
0.5133333333333333
0.49666666666666665
0.5066666666666667
0.49666666666666665
0.49666666666666665
0.5
0.5
0.5086505190311419
0.5
0.5
0.49666666666666665
0.49333333333333335
0.49333333333333335
0.5
0.5033333333333333
0.49333333333333335
0.49666666666666665
0.5066666666666667
0.5033333333333333
0.5033333333333333
0.5066666666666667
0.5
0.4911660777385159
0.5066666666666667
0.49666666666666665
0.5
0.5066666666666667
0.49666666666666665
0.49666666666666665
0.5033333333333333
0.5
0.49666666666666665
0.5066666666666667
0.5
0.5066666666666667
0.5033333333333333
0.5066666666666667
0.5
0.49333333333333335
0.49333333333333335
0.49333333333333335
0.5
0.49333333333333335
0.49333333333333335
0.5
0.4866666666666667
0.5
0.49333333333333335
0.5033333333333333
0.5066666666666667
0.5133333333333333
0.5
0.5033333333333333
0.51
0.5066666666666667
0.5066666666666667
0.5
0.5066666666666667
0.5033333333333333
0.51
0.5066666666666667
0.49666666666666665
0.5066666666666667
0.5066666666666667
0.5033333333333333
0.5133333333333333
0.5033333333333333
0.5033333333333333
0.51
0.49454545454545457
0.5133333333333333
0.5033557046979866
0.5033333333333333
0.51
0.5066666666666667
0.5033333333333333
0.5166666666666667
0.5033333333333333
0.51
0.5
0.496551724137931
0.5
0.49333333333333335
0.5
0.5133333333333333
0.49333333333333335
0.51
0.5133333333333333
0.49
0.5066666666666667
0.48333333333333334
0.49333333333333335
0.51
0.49
0.4866666666666667
0.4866666666666667
0.5154639175257731
0.501779359430605
0.49666666666666665
0.5114503816793893
0.4866666666666667
0.5073529411764706
0.4866666666666667
0.4866666666666667
0.48333333333333334
0.5019011406844106
0.49666666666666665
0.49666666666666665
0.5050847457627119
0.4980237154150198
0.5109170305676856
0.505338078291815
0.5205992509363296
0.5141843971631206
0.515
0.49800796812749004
0.49666666666666665
0.5052631578947369
0.5033333333333333
0.5125448028673835
0.5039370078740157
0.5018050541516246
0.5148936170212766
0.5033333333333333
0.5021459227467812
0.5066666666666667
0.51
0.5045454545454545
0.5159817351598174
0.5211267605633803
0.5185185185185185
0.5065502183406113
0.5203252032520326
0.5
0.5
0.5148148148148148
0.49333333333333335
0.5042372881355932
0.4766666666666667
0.5265700483091788
0.504424778761062
0.5060728744939271
0.49666666666666665
0.5190839694656488
0.49333333333333335
0.5033333333333333
0.5092250922509225
0.4866666666666667
0.5061728395061729
0.5190839694656488
0.4979253112033195
0.5170731707317073
0.5033333333333333
0.5154639175257731
0.494949494949495
0.5235849056603774
0.4826388888888889
0.51
0.4943820224719101
0.5130434782608696
0.5022421524663677
0.5120274914089347
0.5110294117647058
0.4858757062146893
0.49
0.5
0.5062761506276151
0.49454545454545457
0.5133333333333333
0.5046728971962616
0.5066666666666667
0.4891304347826087
0.5133333333333333
0.49321266968325794
0.5093632958801498
0.49333333333333335
0.5087719298245614
0.5
0.4966442953020134
0.4966442953020134
0.49586776859504134
0.5
0.5018450184501845
0.5034013605442177
0.48
0.5033333333333333
0.5033333333333333
0.5058365758754864
0.5191256830601093
0.5071090047393365
0.49122807017543857
0.5123152709359606
0.5023923444976076
0.5085714285714286
0.5182481751824818
0.4978165938864629
0.5137254901960784
0.5138888888888888
0.5
0.5102880658436214
0.5176991150442478
0.49583333333333335
0.5109170305676856
0.5087719298245614
0.5111111111111111
0.5113636363636364
0.5104895104895105
0.5201612903225806
0.508
0.5267857142857143
0.512987012987013
0.5234375
0.5064102564102564
0.5185185185185185
0.4939759036144578
0.5252918287937743
0.5142857142857142
0.4946236559139785
0.5057471264367817
0.5033557046979866
0.4966442953020134
0.5056179775280899
0.506578947368421
0.49673202614379086
0.5034013605442177
0.5263157894736842
0.4861111111111111
0.5111111111111111
0.5100671140939598
0.5098039215686274
0.5074074074074074
0.4962962962962963
0.4965034965034965
0.484375
0.5
0.48717948717948717
0.49044585987261147
0.5058139534883721
0.5029239766081871
0.4888888888888889
0.4972677595628415
0.4885057471264368
0.5116279069767442
0.5
0.5095541401273885
0.48717948717948717
0.5025906735751295
0.4972067039106145
0.5
0.48201438848920863
0.5055555555555555
0.5027322404371585
0.48951048951048953
0.484472049689441
0.507537688442211
0.4716981132075472
0.49101796407185627
0.4931506849315068
0.4915254237288136
0.4858757062146893
0.4827586206896552
0.48502994011976047
0.48214285714285715
0.4919786096256685
0.48905109489051096
0.5113636363636364
0.4899328859060403
0.4723926380368098
0.4861111111111111
0.48322147651006714
0.48951048951048953
0.5
0.47368421052631576
0.4943820224719101
0.4740740740740741
0.47586206896551725
0.48717948717948717
0.49707602339181284
0.47468354430379744
0.4943181818181818
0.475
0.5108695652173914
0.4794520547945205
0.49382716049382713
0.47435897435897434
0.4864864864864865
0.49044585987261147
0.4931506849315068
0.4962962962962963
0.4930555555555556
0.5027322404371585
0.5058139534883721
0.525
0.5026178010471204
0.49714285714285716
0.5059523809523809
0.4785276073619632
0.5028901734104047
0.4941860465116279
0.5190839694656488
0.48717948717948717
0.5135135135135135
0.5135135135135135
0.5104895104895105
0.5201465201465202
0.5283018867924528
0.5243445692883895
0.5177304964539007
0.5142857142857142
0.49375
0.5198412698412699
0.5238095238095238
0.519298245614035
0.5063291139240507
0.5185185185185185
0.5176056338028169
0.49714285714285716
0.51
0.5
0.5161290322580645
0.5121951219512195
0.5110294117647058
0.5066666666666667
0.5175097276264592
0.5066666666666667
0.5208333333333334
0.5108695652173914
0.4982698961937716
0.5111940298507462
0.5133333333333333
0.5159010600706714
0.5033333333333333
0.5125448028673835
0.5133333333333333
0.5017064846416383
0.5033333333333333
0.5024630541871922
0.5084175084175084
0.5140845070422535
0.49666666666666665
0.5166666666666667
0.5133333333333333
0.51171875
0.5066666666666667
0.524904214559387
0.5092936802973977
