0.7
0.5416666666666666
0.5428571428571428
0.5909090909090909
0.5384615384615384
0.4375
0.5217391304347826
0.5384615384615384
0.5416666666666666
0.5454545454545454
0.49206349206349204
0.47619047619047616
0.5
0.5526315789473685
0.52
0.5625
0.5135135135135135
0.55
0.5333333333333333
0.45098039215686275
0.5234375
0.4827586206896552
0.5625
0.5151515151515151
0.5
0.48484848484848486
0.5
0.5333333333333333
0.5
0.5510204081632653
0.5185185185185185
0.6470588235294118
0.48717948717948717
0.47058823529411764
0.5238095238095238
0.4727272727272727
0.5121951219512195
0.4727272727272727
0.5308641975308642
0.49624060150375937
0.5217391304347826
0.5106382978723404
0.47619047619047616
0.5135135135135135
0.47058823529411764
0.5
0.52
0.48148148148148145
0.5666666666666667
0.4782608695652174
0.4782608695652174
0.5
0.47619047619047616
0.5333333333333333
0.4166666666666667
0.48148148148148145
0.5151515151515151
0.47692307692307695
0.5
0.5333333333333333
0.48936170212765956
0.5333333333333333
0.4909090909090909
0.47058823529411764
0.5238095238095238
0.5
0.4827586206896552
0.54
0.5
0.5245901639344263
0.47058823529411764
0.5222222222222223
0.5316455696202531
0.5135135135135135
0.5319148936170213
0.524390243902439
0.5301204819277109
0.5084745762711864
0.44
0.5522388059701493
0.4930555555555556
0.5546218487394958
0.4473684210526316
0.475
0.49230769230769234
0.4857142857142857
0.4794520547945205
0.4827586206896552
0.4842105263157895
0.4772727272727273
0.47058823529411764
0.5
0.4883720930232558
0.4864864864864865
0.47058823529411764
0.5
0.5
0.47368421052631576
0.4594594594594595
0.48
0.47761194029850745
0.5142857142857142
0.5
0.5060240963855421
0.47619047619047616
0.4583333333333333
0.47619047619047616
0.4782608695652174
0.47619047619047616
0.425
0.4691358024691358
0.4854368932038835
0.46
0.53
0.4576271186440678
0.5163934426229508
0.5406976744186046
0.5079365079365079
0.5454545454545454
0.5054945054945055
0.5
0.5360824742268041
0.5794392523364486
0.5
0.5441176470588235
0.5290322580645161
0.5585585585585585
0.5232558139534884
0.5076923076923077
0.5535714285714286
0.5063291139240507
0.5050505050505051
0.5375
0.5294117647058824
0.5409836065573771
0.5086505190311419
0.5036764705882353
0.5032679738562091
0.4691358024691358
0.4826086956521739
0.46808510638297873
0.47183098591549294
0.5059523809523809
0.504424778761062
0.484375
0.4966442953020134
0.5058823529411764
0.46078431372549017
0.5052631578947369
0.49
0.49214659685863876
0.49514563106796117
0.48616600790513836
0.5032258064516129
0.4972972972972973
0.48148148148148145
0.4853801169590643
0.4782608695652174
0.47770700636942676
0.48760330578512395
0.4583333333333333
0.4583333333333333
0.48
0.44776119402985076
0.45695364238410596
0.44036697247706424
0.4645669291338583
0.47761194029850745
0.49032258064516127
0.43564356435643564
0.4825174825174825
0.45689655172413796
0.4649122807017544
0.48717948717948717
0.46153846153846156
0.47115384615384615
0.45
0.4603174603174603
0.47183098591549294
0.4672131147540984
0.46875
0.45454545454545453
0.46153846153846156
0.46258503401360546
0.4661016949152542
0.45112781954887216
0.4714285714285714
0.47058823529411764
0.46511627906976744
0.4810126582278481
0.456
0.48823529411764705
0.47674418604651164
0.46017699115044247
0.47953216374269003
0.4689655172413793
0.48148148148148145
0.46153846153846156
0.453125
0.47540983606557374
0.4626865671641791
0.4519230769230769
0.4576271186440678
0.44545454545454544
0.4634146341463415
0.4444444444444444
0.44047619047619047
0.4339622641509434
0.46825396825396826
0.43478260869565216
0.43478260869565216
0.45161290322580644
0.4392523364485981
0.46099290780141844
0.4380952380952381
0.4645669291338583
0.4634146341463415
0.4666666666666667
0.46153846153846156
0.44761904761904764
0.47468354430379744
0.4666666666666667
0.4720496894409938
0.4824120603015075
0.4827586206896552
0.4755244755244755
0.4880382775119617
0.48936170212765956
0.4846938775510204
0.48523206751054854
0.48598130841121495
0.4826086956521739
0.48148148148148145
0.48214285714285715
0.4789473684210526
0.489010989010989
0.48148148148148145
0.4911242603550296
0.4789473684210526
0.48
0.49019607843137253
0.47586206896551725
0.4876543209876543
0.4827586206896552
0.46226415094339623
0.4742268041237113
0.47058823529411764
0.48
0.4921875
0.4744897959183674
0.49356223175965663
0.4968553459119497
0.48068669527896996
0.4811320754716981
0.4901185770750988
0.4915254237288136
0.49137931034482757
0.4942528735632184
0.48945147679324896
0.5066666666666667
0.4928909952606635
0.5033333333333333
0.5033333333333333
0.51
0.50625
0.4888888888888889
0.51
0.49666666666666665
0.49666666666666665
0.49746192893401014
0.48623853211009177
0.5034013605442177
0.4959349593495935
0.5064102564102564
0.5066666666666667
0.49666666666666665
0.5112359550561798
0.5066666666666667
0.5
0.48878923766816146
0.49382716049382713
0.48
0.5033333333333333
0.49666666666666665
0.49666666666666665
0.5
0.49
0.49333333333333335
0.5066666666666667
0.49333333333333335
0.49
0.48792270531400966
0.4888888888888889
0.4963235294117647
0.48223350253807107
0.4878048780487805
0.48917748917748916
0.48672566371681414
0.48756218905472637
0.4846938775510204
0.47761194029850745
0.4885057471264368
0.49222797927461137
0.4873096446700508
0.4942528735632184
0.4816753926701571
0.47959183673469385
0.47752808988764045
0.4883720930232558
0.47953216374269003
0.48633879781420764
0.4732142857142857
0.4782608695652174
0.48148148148148145
0.489010989010989
0.4825174825174825
0.49122807017543857
0.4411764705882353
0.48366013071895425
0.4774193548387097
0.48760330578512395
0.46564885496183206
0.48760330578512395
0.4883720930232558
0.4830508474576271
0.4765625
0.4636363636363636
0.4782608695652174
0.4766355140186916
0.48120300751879697
0.49375
0.4594594594594595
0.46825396825396826
0.48872180451127817
0.46153846153846156
0.4782608695652174
0.4778761061946903
0.45544554455445546
0.49640287769784175
0.4925373134328358
0.4772727272727273
0.45714285714285713
0.4789915966386555
0.44680851063829785
0.4727272727272727
0.4796747967479675
0.46153846153846156
0.48672566371681414
0.4661016949152542
0.46551724137931033
0.4732142857142857
0.4666666666666667
0.4888888888888889
0.4594594594594595
0.48148148148148145
0.47540983606557374
0.47368421052631576
0.46788990825688076
0.4690265486725664
0.4899328859060403
0.48905109489051096
0.4727272727272727
0.4594594594594595
0.48905109489051096
0.48344370860927155
0.4892086330935252
0.4934210526315789
0.4838709677419355
0.45652173913043476
0.48044692737430167
0.49673202614379086
0.48633879781420764
0.4888888888888889
0.4830917874396135
0.49246231155778897
0.49246231155778897
0.4897959183673469
0.49
0.4861878453038674
0.49222797927461137
0.48484848484848486
0.489010989010989
0.48792270531400966
0.48258706467661694
0.49142857142857144
0.4971751412429379
0.49137931034482757
0.4878048780487805
0.4818181818181818
0.48663101604278075
0.48598130841121495
0.4864864864864865
0.48598130841121495
0.4891304347826087
0.49411764705882355
0.4908256880733945
0.4911242603550296
0.48
0.4864864864864865
0.477124183006536
0.4972375690607735
0.45454545454545453
0.4666666666666667
0.4947916666666667
0.4772727272727273
0.4645669291338583
0.47619047619047616
0.4726027397260274
0.47770700636942676
0.4827586206896552
0.4838709677419355
0.49032258064516127
0.4875
0.48427672955974843
0.4772727272727273
0.4913294797687861
0.48366013071895425
0.4911242603550296
0.4875
0.4825174825174825
0.4911504424778761
0.4891304347826087
0.48148148148148145
0.48466257668711654
0.48372093023255813
0.4945054945054945
0.4954128440366973
0.48125
0.48847926267281105
0.4838709677419355
0.49137931034482757
0.49222797927461137
0.49214659685863876
0.4955357142857143
0.4899598393574297
0.4895397489539749
0.4939271255060729
0.4888888888888889
0.49666666666666665
0.49666666666666665
0.5
0.49333333333333335
0.5066666666666667
0.5
0.49666666666666665
0.5
0.5033333333333333
0.5033333333333333
0.5
0.49666666666666665
0.49666666666666665
0.49666666666666665
0.5
0.5
0.5033333333333333
0.5
0.5033333333333333
0.5033333333333333
0.5066666666666667
0.5033333333333333
0.51
0.5066666666666667
0.5033333333333333
0.5033333333333333
0.48
0.5
0.5033333333333333
0.49206349206349204
0.5
0.4933920704845815
0.5
0.51
0.49800796812749004
0.4978165938864629
0.49572649572649574
0.5033333333333333
0.49333333333333335
0.5031847133757962
0.5033333333333333
0.49333333333333335
0.49333333333333335
0.49666666666666665
0.5
0.49333333333333335
0.49333333333333335
0.49333333333333335
0.5
0.5
0.4782608695652174
0.49606299212598426
0.49666666666666665
0.4896551724137931
0.4928571428571429
0.42857142857142855
0.49640287769784175
0.4951923076923077
0.4782608695652174
0.4930555555555556
0.5
0.46835443037974683
0.49333333333333335
0.4944649446494465
0.4965277777777778
0.49666666666666665
0.49333333333333335
0.49666666666666665
0.48936170212765956
0.49666666666666665
0.49666666666666665
0.4842105263157895
0.49666666666666665
0.49666666666666665
0.49333333333333335
0.49666666666666665
0.49666666666666665
0.5
0.5
0.5
0.5
0.5
0.5
0.5
0.49666666666666665
0.49666666666666665
0.49666666666666665
0.5
0.49586776859504134
0.49666666666666665
0.5
0.5033333333333333
0.5
0.5
0.5
0.5033333333333333
0.49666666666666665
0.49666666666666665
0.49818181818181817
0.49666666666666665
0.5033333333333333
0.49666666666666665
0.5
0.49666666666666665
0.5033333333333333
0.5
0.49666666666666665
0.5
0.5
0.5
0.49666666666666665
0.49333333333333335
0.49666666666666665
0.5
0.5
0.49666666666666665
0.4965986394557823
0.49523809523809526
0.49145299145299143
0.4957983193277311
0.4956521739130435
0.49056603773584906
0.48717948717948717
0.49222797927461137
0.49230769230769234
0.48947368421052634
0.4883720930232558
0.489247311827957
0.49056603773584906
0.4823529411764706
0.4857142857142857
0.49079754601226994
0.4861878453038674
0.4880952380952381
0.4887640449438202
0.48520710059171596
0.4928571428571429
0.47540983606557374
0.4866666666666667
0.49612403100775193
0.4859154929577465
0.4857142857142857
0.48951048951048953
0.4789915966386555
0.4411764705882353
0.46601941747572817
0.4722222222222222
0.4830508474576271
0.4827586206896552
0.4727272727272727
0.47413793103448276
0.4824561403508772
0.4583333333333333
0.4732142857142857
0.4830508474576271
0.47115384615384615
0.4774774774774775
0.475
0.4766355140186916
0.4583333333333333
0.4672897196261682
0.4892086330935252
0.4473684210526316
0.4827586206896552
0.4732142857142857
0.4936708860759494
0.47863247863247865
0.4936708860759494
0.45161290322580644
0.4921875
0.46601941747572817
0.4934210526315789
0.48872180451127817
0.49019607843137253
0.49230769230769234
0.4939759036144578
0.48951048951048953
0.4861878453038674
0.48226950354609927
0.4857142857142857
0.49673202614379086
0.4939759036144578
0.49635036496350365
0.4897959183673469
0.4875
0.49444444444444446
0.49375
0.4941860465116279
0.48333333333333334
0.4864864864864865
0.4915254237288136
0.4906832298136646
0.4918918918918919
0.49624060150375937
0.4913294797687861
0.4883720930232558
0.48947368421052634
0.48677248677248675
0.49222797927461137
0.49162011173184356
0.4895833333333333
0.4888888888888889
0.4897959183673469
0.49214659685863876
0.4846938775510204
0.4883720930232558
0.4880382775119617
0.4855769230769231
0.4956521739130435
0.4885844748858447
0.49099099099099097
0.49122807017543857
0.49666666666666665
0.49333333333333335
0.4966442953020134
0.49609375
0.5
0.49666666666666665
0.49666666666666665
0.5
0.49666666666666665
0.5
0.5033333333333333
0.5066666666666667
0.5
0.5033333333333333
0.5
0.49666666666666665
0.49666666666666665
0.49666666666666665
0.49666666666666665
0.5
0.5
0.49666666666666665
0.5
0.49666666666666665
0.5
0.5
0.5
0.49333333333333335
0.49666666666666665
0.49666666666666665
0.49666666666666665
0.5
0.49666666666666665
0.49666666666666665
0.47368421052631576
0.5
0.5
0.49666666666666665
0.49666666666666665
0.49666666666666665
0.5
0.5
0.49666666666666665
0.5
0.5033333333333333
0.5
0.49666666666666665
0.49666666666666665
0.49666666666666665
0.5033333333333333
0.5
0.5
0.49666666666666665
0.49666666666666665
0.49666666666666665
0.5033333333333333
0.49666666666666665
0.49666666666666665
0.5
0.5
0.49666666666666665
0.5
0.49333333333333335
0.49666666666666665
0.49666666666666665
0.49666666666666665
0.5
0.5
0.5
0.5
0.49666666666666665
0.5
0.5
0.5
0.5
0.49666666666666665
0.49666666666666665
0.49666666666666665
0.5
0.5
0.5
0.5
0.49666666666666665
0.5
0.49666666666666665
0.5
0.49666666666666665
0.5033333333333333
0.49666666666666665
0.5033333333333333
0.49666666666666665
0.49666666666666665
0.49666666666666665
0.49666666666666665
0.49666666666666665
0.49666666666666665
0.49666666666666665
0.49666666666666665
0.5033333333333333
0.49666666666666665
0.49666666666666665
0.49666666666666665
0.49666666666666665
0.49666666666666665
0.4868421052631579
0.5
0.5
0.49666666666666665
0.49666666666666665
0.49666666666666665
0.49666666666666665
0.49333333333333335
0.49666666666666665
0.46835443037974683
0.49
0.49333333333333335
0.49666666666666665
0.49666666666666665
0.49333333333333335
0.4976958525345622
0.49333333333333335
0.49333333333333335
0.49333333333333335
0.49666666666666665
0.49666666666666665
0.49666666666666665
0.5033333333333333
0.49777777777777776
0.4978902953586498
0.5066666666666667
0.4731182795698925
0.5020242914979757
0.5066666666666667
0.5050167224080268
0.5066666666666667
0.4857142857142857
0.5027932960893855
0.48868778280542985
0.5066666666666667
0.4827586206896552
0.5066666666666667
0.5033333333333333
0.49800796812749004
0.5066666666666667
0.5066666666666667
0.5033557046979866
0.4911504424778761
0.5066666666666667
0.5066666666666667
0.51
0.5066666666666667
0.5033333333333333
0.51
0.5033333333333333
0.5033333333333333
0.5066666666666667
0.5033333333333333
0.5033333333333333
0.49666666666666665
0.5033333333333333
0.4931506849315068
0.5
0.5
0.5
0.5033333333333333
0.4791666666666667
0.49666666666666665
0.49666666666666665
0.5
0.49666666666666665
0.49666666666666665
0.49666666666666665
0.5
0.49666666666666665
0.49666666666666665
0.49333333333333335
0.49666666666666665
0.49666666666666665
0.49333333333333335
0.5
0.49666666666666665
0.5033333333333333
0.5
0.49666666666666665
0.5
0.49666666666666665
0.49666666666666665
0.49666666666666665
0.5
0.5
0.5
0.5
0.5
0.5
0.5
0.5
0.5
0.49666666666666665
0.49666666666666665
0.5033333333333333
0.5
0.49666666666666665
0.49666666666666665
0.49666666666666665
0.5
0.5
0.5
0.5033333333333333
0.5
0.5
0.5033333333333333
0.5
0.49666666666666665
0.5
0.49666666666666665
0.5
0.5
0.5
0.5
0.5033333333333333
0.5
0.5
0.5
0.49666666666666665
0.5
0.5
0.49666666666666665
0.49666666666666665
0.49666666666666665
0.49666666666666665
0.5
0.5
0.49666666666666665
0.5
0.49333333333333335
0.49666666666666665
0.49666666666666665
0.5
0.49333333333333335
0.49666666666666665
0.49666666666666665
0.49666666666666665
0.5
0.49666666666666665
0.49666666666666665
0.5
0.49666666666666665
0.5
0.49666666666666665
0.49666666666666665
0.5
0.5
0.5
0.5
0.5
0.5
0.5
0.5
0.5
0.5
0.49666666666666665
0.49666666666666665
0.5
0.49666666666666665
0.5
0.49666666666666665
0.5
0.5
0.5
0.5
0.5
0.49666666666666665
0.5033333333333333
0.5
0.5
0.5
0.5
0.5
0.5
0.5
0.5033333333333333
0.5033333333333333
0.5
0.5033333333333333
0.5033333333333333
0.5
0.5033333333333333
0.49666666666666665
0.49666666666666665
0.5033333333333333
0.5
0.5
0.5
0.5066666666666667
0.49666666666666665
0.5033333333333333
0.5
0.49666666666666665
0.5033333333333333
0.49666666666666665
0.5033333333333333
0.5
0.5033333333333333
0.5
0.5033333333333333
0.48148148148148145
0.5033333333333333
0.5
0.5033333333333333
0.5
0.5
0.5
0.4714285714285714
0.4625
0.5066666666666667
0.5
0.5
0.46153846153846156
0.44
0.5033333333333333
0.4444444444444444
0.5
0.47368421052631576
0.5033333333333333
0.4444444444444444
0.5
0.49666666666666665
0.5
0.5
0.4444444444444444
0.5
0.45454545454545453
0.5
0.5
0.42424242424242425
0.47368421052631576
0.5
0.5
0.49800796812749004
0.49429657794676807
0.47619047619047616
0.5
0.49800796812749004
0.4899598393574297
0.49387755102040815
0.4915254237288136
0.47619047619047616
0.49145299145299143
0.47368421052631576
0.49528301886792453
