0.4318181818181818
0.2631578947368421
0.18181818181818182
0.37209302325581395
0.43333333333333335
0.47619047619047616
0.8
0.6153846153846154
0.375
0.42857142857142855
0.2727272727272727
0.631578947368421
0.5
0.391304347826087
0.43333333333333335
0.47619047619047616
0.5714285714285714
0.4
0.2727272727272727
0.75
0.5454545454545454
0.42857142857142855
0.8
0.5
0.2222222222222222
0.47368421052631576
0.4878048780487805
0.4838709677419355
0.425
0.5454545454545454
0.5
0.6
0.42857142857142855
0.7
0.4883720930232558
0.6842105263157895
0.3333333333333333
0.9
0.4090909090909091
0.2727272727272727
0.3333333333333333
0.5789473684210527
0.5833333333333334
0.5652173913043478
0.3076923076923077
0.4318181818181818
0.56
0.5
0.6875
0.2727272727272727
0.7333333333333333
0.5348837209302325
0.44
0.5416666666666666
0.47619047619047616
0.47619047619047616
0.35294117647058826
0.42857142857142855
0.32142857142857145
0.4745762711864407
0.4444444444444444
0.6086956521739131
0.8181818181818182
0.5384615384615384
0.25
0.4166666666666667
0.5263157894736842
0.5
0.26666666666666666
0.5833333333333334
0.3684210526315789
0.43478260869565216
0.5555555555555556
0.7
0.41025641025641024
0.625
0.631578947368421
0.6666666666666666
0.6818181818181818
0.3333333333333333
0.4838709677419355
0.8181818181818182
0.25
0.5625
0.5185185185185185
0.46153846153846156
0.44680851063829785
0.7
0.6
0.6285714285714286
0.38095238095238093
0.48936170212765956
0.4411764705882353
0.4
0.5
0.3333333333333333
0.7272727272727273
0.75
0.75
0.5416666666666666
0.48333333333333334
0.4827586206896552
0.5384615384615384
0.36363636363636365
0.625
0.3333333333333333
0.5714285714285714
0.5428571428571428
0.6153846153846154
0.43333333333333335
0.6666666666666666
0.45454545454545453
0.5333333333333333
0.47619047619047616
0.38461538461538464
0.6363636363636364
0.45
0.5483870967741935
0.5882352941176471
0.5
0.23076923076923078
0.4
0.5
0.5641025641025641
0.5882352941176471
0.18181818181818182
0.46153846153846156
0.6111111111111112
0.45454545454545453
0.47058823529411764
0.2727272727272727
0.5909090909090909
0.4583333333333333
0.5294117647058824
0.5925925925925926
0.559322033898305
0.2857142857142857
0.38461538461538464
0.5172413793103449
0.4838709677419355
0.2727272727272727
0.6470588235294118
0.6153846153846154
0.36363636363636365
0.5714285714285714
0.5098039215686274
0.358974358974359
0.25
0.42857142857142855
0.5714285714285714
0.75
0.5833333333333334
0.25
0.6153846153846154
0.2857142857142857
0.4
0.43333333333333335
0.625
0.5
0.2
0.5882352941176471
0.5
0.4
0.8
0.75
0.3157894736842105
0.5263157894736842
0.6923076923076923
0.47058823529411764
0.4375
0.4117647058823529
0.4666666666666667
0.1
0.3333333333333333
0.41304347826086957
0.5
0.47368421052631576
0.36
0.4423076923076923
0.7272727272727273
0.6923076923076923
0.6875
0.625
0.45
0.5517241379310345
0.8461538461538461
0.4166666666666667
0.6428571428571429
0.5
0.6923076923076923
0.4375
0.3333333333333333
0.48148148148148145
0.46511627906976744
0.4594594594594595
0.6875
0.5238095238095238
0.3953488372093023
0.5
0.52
0.4117647058823529
0.5370370370370371
0.4375
0.3888888888888889
0.6923076923076923
0.4634146341463415
0.75
0.41025641025641024
0.35714285714285715
0.5833333333333334
0.48936170212765956
0.4883720930232558
0.6666666666666666
0.5
0.3333333333333333
0.3125
0.6428571428571429
0.6
0.5
0.4090909090909091
0.3684210526315789
0.4
0.26666666666666666
0.4782608695652174
0.5454545454545454
0.5263157894736842
0.52
0.4444444444444444
0.6363636363636364
0.5116279069767442
0.5652173913043478
0.3870967741935484
0.5555555555555556
0.9
0.7272727272727273
0.44
0.30434782608695654
0.5
0.5333333333333333
0.46875
0.5
0.2222222222222222
0.21428571428571427
0.36363636363636365
0.36363636363636365
0.4117647058823529
0.4358974358974359
0.6666666666666666
0.6086956521739131
0.4230769230769231
0.3333333333333333
0.6060606060606061
0.43478260869565216
0.47058823529411764
0.35714285714285715
0.6923076923076923
0.8888888888888888
0.36363636363636365
0.5909090909090909
0.45
0.7333333333333333
0.5
0.5348837209302325
0.4
0.3333333333333333
0.5882352941176471
0.6111111111111112
0.45454545454545453
0.43478260869565216
0.47560975609756095
0.4117647058823529
0.4375
0.4878048780487805
0.4666666666666667
0.4666666666666667
0.35294117647058826
0.75
0.45
0.6086956521739131
0.6923076923076923
0.52
0.35714285714285715
0.45454545454545453
0.3076923076923077
0.375
0.2727272727272727
0.3684210526315789
0.4230769230769231
0.45454545454545453
0.4
0.5
0.35294117647058826
0.5714285714285714
0.4418604651162791
0.5161290322580645
0.6666666666666666
0.3684210526315789
0.45454545454545453
0.625
0.18181818181818182
0.47674418604651164
0.6153846153846154
0.5
0.6538461538461539
0.45454545454545453
0.42857142857142855
0.35714285714285715
0.5217391304347826
0.5
0.6842105263157895
0.5
0.42857142857142855
0.6024096385542169
0.48
0.47368421052631576
0.4782608695652174
0.7368421052631579
0.2222222222222222
0.45454545454545453
0.4772727272727273
0.5806451612903226
0.4
0.8181818181818182
0.3333333333333333
0.5806451612903226
0.7777777777777778
0.4782608695652174
0.47619047619047616
0.47619047619047616
0.6
0.6153846153846154
0.5714285714285714
0.6
0.4666666666666667
0.75
0.4375
0.42857142857142855
0.4727272727272727
0.5106382978723404
0.38095238095238093
0.45454545454545453
0.4634146341463415
0.5
0.38461538461538464
0.47368421052631576
0.47540983606557374
0.3
0.4090909090909091
0.7272727272727273
0.5185185185185185
0.6
0.2
0.6153846153846154
0.55
0.5238095238095238
0.42105263157894735
0.5416666666666666
0.44776119402985076
0.6666666666666666
0.625
1.0
0.3
0.5625
0.375
0.43478260869565216
0.23076923076923078
0.4444444444444444
0.38461538461538464
0.6666666666666666
0.5
0.5625
0.4444444444444444
0.26666666666666666
0.47619047619047616
0.4
0.5909090909090909
0.5238095238095238
0.1111111111111111
0.5714285714285714
0.5833333333333334
0.5588235294117647
0.5102040816326531
1.0
0.4838709677419355
0.34782608695652173
0.5789473684210527
0.5217391304347826
0.4482758620689655
0.5106382978723404
0.36363636363636365
0.4909090909090909
0.3157894736842105
0.52
0.5142857142857142
0.5294117647058824
0.18181818181818182
0.47368421052631576
0.5135135135135135
0.4782608695652174
0.4090909090909091
0.2
0.7777777777777778
0.64
0.5
0.4
0.7083333333333334
0.55
0.5384615384615384
0.5
0.35
0.4827586206896552
0.47761194029850745
0.4583333333333333
0.5
0.4222222222222222
0.6153846153846154
0.2222222222222222
0.5416666666666666
0.4
0.40625
0.5192307692307693
0.48148148148148145
0.4186046511627907
0.5517241379310345
0.5483870967741935
0.4
0.4583333333333333
0.5
0.3125
0.48936170212765956
0.4444444444444444
0.36363636363636365
0.6923076923076923
0.5714285714285714
0.47619047619047616
0.45
0.47368421052631576
0.5384615384615384
0.6666666666666666
0.35714285714285715
0.5625
0.6470588235294118
0.34782608695652173
0.3333333333333333
0.35714285714285715
0.38461538461538464
0.5714285714285714
0.7058823529411765
0.5882352941176471
0.4166666666666667
0.5925925925925926
0.42857142857142855
0.5
0.6153846153846154
0.4528301886792453
0.38095238095238093
0.1111111111111111
0.45454545454545453
0.45454545454545453
0.3888888888888889
0.26666666666666666
0.625
0.47368421052631576
0.5833333333333334
0.5294117647058824
0.5416666666666666
0.3939393939393939
0.358974358974359
0.42105263157894735
0.6
0.23076923076923078
0.9
0.5294117647058824
0.44
0.75
0.4
0.6428571428571429
0.6363636363636364
0.3333333333333333
0.43333333333333335
0.47368421052631576
0.5833333333333334
0.5789473684210527
0.6923076923076923
0.48148148148148145
0.6428571428571429
0.75
0.6086956521739131
0.35294117647058826
0.2857142857142857
0.6333333333333333
0.5833333333333334
0.6
0.43333333333333335
0.6666666666666666
0.47761194029850745
0.3333333333333333
0.4375
0.5454545454545454
0.5384615384615384
0.38095238095238093
0.35294117647058826
0.5769230769230769
0.5238095238095238
0.4444444444444444
0.5
0.42857142857142855
0.5882352941176471
0.5416666666666666
0.4411764705882353
0.52
0.35294117647058826
0.2727272727272727
0.36363636363636365
0.59375
0.45714285714285713
0.4222222222222222
0.2727272727272727
0.46153846153846156
0.6136363636363636
0.6470588235294118
0.4827586206896552
0.6111111111111112
0.5319148936170213
0.38461538461538464
0.47368421052631576
0.3333333333333333
0.4583333333333333
0.6666666666666666
0.38461538461538464
0.47368421052631576
0.4
0.375
0.38461538461538464
0.46153846153846156
0.5714285714285714
0.5714285714285714
0.5909090909090909
0.5319148936170213
0.47368421052631576
0.35294117647058826
0.4090909090909091
0.5882352941176471
0.5
0.5428571428571428
0.2
0.42857142857142855
0.39473684210526316
0.7
0.35714285714285715
0.5106382978723404
0.4583333333333333
0.3684210526315789
0.525
0.48
0.4117647058823529
0.3181818181818182
0.4
0.44285714285714284
0.42857142857142855
0.56
0.42105263157894735
0.7
0.3
0.4492753623188406
0.5
0.6111111111111112
0.4772727272727273
0.375
0.47619047619047616
0.375
0.4583333333333333
0.5238095238095238
0.5217391304347826
0.43902439024390244
0.4117647058823529
0.2857142857142857
0.5384615384615384
0.5625
0.5172413793103449
0.52
0.26666666666666666
0.4878048780487805
0.7
0.35
0.6
0.35294117647058826
0.42857142857142855
0.3125
0.34615384615384615
0.5625
0.47368421052631576
0.3888888888888889
0.4
0.46153846153846156
0.2
0.4444444444444444
0.5882352941176471
0.5714285714285714
0.6363636363636364
0.4666666666666667
0.5
0.3333333333333333
0.6818181818181818
0.47619047619047616
0.5833333333333334
0.3888888888888889
0.4230769230769231
0.5238095238095238
0.5135135135135135
0.5128205128205128
0.6818181818181818
0.55
0.36363636363636365
0.525
0.6
0.5
0.45454545454545453
0.47619047619047616
0.45454545454545453
0.5666666666666667
0.5789473684210527
0.4
0.4827586206896552
0.2222222222222222
0.4375
0.7142857142857143
0.3333333333333333
0.375
0.4166666666666667
0.6666666666666666
0.5454545454545454
0.5652173913043478
0.4772727272727273
0.5
0.5925925925925926
0.42857142857142855
0.25
0.0
0.47058823529411764
0.47058823529411764
0.5
0.2727272727272727
0.5714285714285714
0.5217391304347826
0.5
0.6086956521739131
0.3076923076923077
0.5675675675675675
0.55
0.5
0.625
0.47058823529411764
0.4838709677419355
0.3333333333333333
0.46153846153846156
0.6428571428571429
0.6521739130434783
0.5882352941176471
0.5217391304347826
0.4375
0.4
0.3333333333333333
0.5185185185185185
0.5555555555555556
0.3
0.5454545454545454
0.18181818181818182
0.625
0.4393939393939394
0.55
0.5833333333333334
0.42
0.25
0.5
0.5666666666666667
0.3
0.4146341463414634
0.7272727272727273
0.8
0.26666666666666666
0.56
0.5
0.4642857142857143
0.4117647058823529
0.5135135135135135
0.6190476190476191
0.5882352941176471
0.5
0.26666666666666666
0.26666666666666666
0.5609756097560976
0.5333333333333333
0.7272727272727273
0.5789473684210527
0.4117647058823529
0.41935483870967744
0.5909090909090909
0.47058823529411764
0.9166666666666666
0.5
0.64
0.5172413793103449
0.4444444444444444
0.35294117647058826
0.42105263157894735
0.47619047619047616
0.4827586206896552
0.4230769230769231
0.5
0.4716981132075472
0.35714285714285715
0.5098039215686274
0.6666666666666666
0.4482758620689655
0.5625
0.45161290322580644
0.4666666666666667
0.4827586206896552
0.5238095238095238
0.3888888888888889
0.47368421052631576
0.5625
0.5714285714285714
0.375
0.4666666666666667
0.42857142857142855
0.1
0.5428571428571428
0.5625
0.5483870967741935
0.4918032786885246
0.5
0.38461538461538464
0.38461538461538464
0.7777777777777778
0.5185185185185185
0.4375
0.6363636363636364
0.3548387096774194
0.6363636363636364
0.6111111111111112
0.5094339622641509
0.75
0.5
0.5238095238095238
0.581081081081081
0.7
0.45454545454545453
0.3157894736842105
0.3
0.42424242424242425
0.7
0.46153846153846156
0.5714285714285714
0.631578947368421
0.5238095238095238
0.36363636363636365
0.75
0.6052631578947368
0.5
0.46153846153846156
0.4642857142857143
0.36363636363636365
0.3
0.375
0.4444444444444444
0.5357142857142857
0.625
0.4642857142857143
0.6363636363636364
0.3333333333333333
0.4
0.4716981132075472
0.4444444444444444
0.6129032258064516
0.5217391304347826
0.3076923076923077
0.7
0.5
0.5294117647058824
0.6341463414634146
0.53125
0.391304347826087
0.42857142857142855
0.6842105263157895
0.3157894736842105
0.25
0.48484848484848486
0.38461538461538464
0.6
0.46808510638297873
0.5263157894736842
0.25
0.375
0.47368421052631576
0.6153846153846154
0.3888888888888889
0.40625
0.5769230769230769
0.5454545454545454
0.4
0.4583333333333333
0.3333333333333333
0.7272727272727273
0.2727272727272727
0.7
0.53125
0.6666666666666666
0.2727272727272727
0.4838709677419355
0.5238095238095238
0.6428571428571429
0.37037037037037035
0.5277777777777778
0.37037037037037035
0.48
0.4666666666666667
0.47058823529411764
0.3333333333333333
0.5714285714285714
0.5555555555555556
0.5
0.5789473684210527
0.6923076923076923
0.47058823529411764
0.6
0.3333333333333333
0.4838709677419355
0.4444444444444444
0.48
0.5428571428571428
0.625
0.6666666666666666
0.3684210526315789
0.3
0.625
0.3783783783783784
0.6
0.625
0.6842105263157895
0.391304347826087
0.7333333333333333
0.7
0.625
0.4666666666666667
0.3333333333333333
0.5294117647058824
0.5833333333333334
0.4444444444444444
0.3333333333333333
0.46153846153846156
0.4375
0.5625
0.7272727272727273
0.5185185185185185
0.5833333333333334
0.4583333333333333
0.42857142857142855
0.42857142857142855
0.42857142857142855
0.4090909090909091
0.4230769230769231
0.5
0.36363636363636365
0.6
0.5
0.38461538461538464
0.4
0.5185185185185185
0.7058823529411765
0.47619047619047616
0.5
0.5
0.55
0.6410256410256411
0.5121951219512195
0.4838709677419355
0.21428571428571427
0.7272727272727273
0.2
0.5555555555555556
0.75
0.26666666666666666
0.6428571428571429
0.5
0.5454545454545454
0.2222222222222222
0.3157894736842105
0.6923076923076923
0.3157894736842105
0.5625
0.46875
0.625
0.23076923076923078
0.4
0.4864864864864865
0.25
0.375
0.47368421052631576
0.5882352941176471
0.56
0.5384615384615384
0.625
0.6
0.35714285714285715
0.6666666666666666
0.4166666666666667
0.4117647058823529
0.45454545454545453
0.4642857142857143
0.18181818181818182
0.4375
0.3333333333333333
0.45
0.5370370370370371
0.7777777777777778
0.35
0.6428571428571429
0.45161290322580644
0.5294117647058824
0.38235294117647056
0.5
0.2857142857142857
0.5294117647058824
0.4838709677419355
0.3076923076923077
0.0
0.6190476190476191
0.75
0.45454545454545453
0.26666666666666666
0.35
0.52
0.35
0.5714285714285714
0.5263157894736842
0.3333333333333333
0.5625
0.6111111111111112
0.5555555555555556
0.5
0.6111111111111112
0.4090909090909091
0.3333333333333333
0.4375
0.5517241379310345
0.42857142857142855
0.4807692307692308
0.391304347826087
0.7058823529411765
0.6111111111111112
0.45714285714285713
0.6666666666666666
0.375
0.4444444444444444
0.5517241379310345
0.6
0.5263157894736842
0.6
0.3333333333333333
0.5238095238095238
0.35294117647058826
0.36363636363636365
0.6
0.3333333333333333
0.48
0.2
0.625
0.5714285714285714
0.5454545454545454
0.509090909090909
0.8181818181818182
0.3
0.6
0.42857142857142855
0.43333333333333335
0.5
0.45714285714285713
0.4782608695652174
0.6071428571428571
0.5882352941176471
0.2727272727272727
0.4444444444444444
0.5189873417721519
0.2727272727272727
0.5416666666666666
0.5
0.47619047619047616
0.6176470588235294
0.5161290322580645
0.6470588235294118
0.4166666666666667
0.375
0.4375
0.52
0.75
0.4888888888888889
0.5
0.38235294117647056
