0.4666666666666667
0.49130434782608695
0.46153846153846156
0.48484848484848486
0.5033333333333333
0.4625
0.5
0.46236559139784944
0.4915254237288136
0.49333333333333335
0.4725274725274725
0.49056603773584906
0.5039370078740157
0.5033333333333333
0.5
0.46808510638297873
0.51
0.4742268041237113
0.5060975609756098
0.5061728395061729
0.5066666666666667
0.5033333333333333
0.5033333333333333
0.5033333333333333
0.51
0.5033333333333333
0.5033333333333333
0.5033333333333333
0.51
0.5066666666666667
0.49666666666666665
0.5066666666666667
0.5
0.49666666666666665
0.49666666666666665
0.5
0.5033333333333333
0.5
0.5066666666666667
0.5033333333333333
0.5066666666666667
0.5033333333333333
0.5066666666666667
0.5033333333333333
0.48936170212765956
0.5033333333333333
0.5066666666666667
0.5
0.5
0.5
0.5066666666666667
0.5
0.5
0.5033333333333333
0.5
0.5033333333333333
0.5033333333333333
0.5033333333333333
0.5033333333333333
0.5033333333333333
0.5066666666666667
0.5066666666666667
0.5
0.49666666666666665
0.5033333333333333
0.5
0.5
0.5
0.5
0.5
0.49666666666666665
0.5033333333333333
0.5033333333333333
0.5066666666666667
0.5
0.5
0.5033333333333333
0.5066666666666667
0.5066666666666667
0.5
0.5
0.5066666666666667
0.5033333333333333
0.5
0.49666666666666665
0.5
0.5066666666666667
0.5033333333333333
0.5
0.5
0.5066666666666667
0.49333333333333335
0.5
0.5033333333333333
0.49523809523809526
0.51
0.5
0.5033333333333333
0.5066666666666667
0.5033333333333333
0.49666666666666665
0.49666666666666665
0.5066666666666667
0.5
0.49612403100775193
0.49666666666666665
0.503448275862069
0.5033333333333333
0.4897959183673469
0.5033333333333333
0.5024875621890548
0.49166666666666664
0.5066666666666667
0.49473684210526314
0.5056818181818182
0.5033333333333333
0.5066666666666667
0.5123456790123457
0.5036231884057971
0.5
0.5066666666666667
0.5
0.4954128440366973
0.5066666666666667
0.49666666666666665
0.4939759036144578
0.49333333333333335
0.49523809523809526
0.5093457943925234
0.5066666666666667
0.5033333333333333
0.51
0.49666666666666665
0.5
0.5
0.4943820224719101
0.5033333333333333
0.49635036496350365
0.4946236559139785
0.5066666666666667
0.49333333333333335
0.5033333333333333
0.5
0.4940239043824701
0.5033333333333333
0.49458483754512633
0.5033333333333333
0.5
0.4803921568627451
0.51
0.5
0.5066666666666667
0.5
0.5059523809523809
0.5033333333333333
0.5
0.5066666666666667
0.5066666666666667
0.5033333333333333
0.49333333333333335
0.5
0.5104895104895105
0.51
0.5033333333333333
0.5066666666666667
0.49666666666666665
0.5
0.5019011406844106
0.5066666666666667
0.5066666666666667
0.5033333333333333
0.5033333333333333
0.51
0.5
0.5153374233128835
0.5
0.5033333333333333
0.5033333333333333
0.5
0.5
0.5
0.5033333333333333
0.5
0.5033333333333333
0.51
0.5117647058823529
0.5
0.5
0.5033333333333333
0.5033333333333333
0.5066666666666667
0.5033333333333333
0.5066666666666667
0.5033333333333333
0.5033333333333333
0.5033333333333333
0.5
0.5
0.5033333333333333
0.5033333333333333
0.5033333333333333
0.5033333333333333
0.49
0.5033333333333333
0.49666666666666665
0.49666666666666665
0.5
0.5
0.5
0.5033333333333333
0.5
0.49333333333333335
0.5
0.5
0.5033333333333333
0.5
0.49666666666666665
0.5033333333333333
0.5
0.5033333333333333
0.49666666666666665
0.5
0.5033333333333333
0.49333333333333335
0.49666666666666665
0.49333333333333335
0.51
0.49666666666666665
0.5033333333333333
0.5066666666666667
0.5066666666666667
0.5
0.5
0.5066666666666667
0.5066666666666667
0.51
0.49666666666666665
0.49666666666666665
0.51
0.49666666666666665
0.49333333333333335
0.49333333333333335
0.49666666666666665
0.5066666666666667
0.49666666666666665
0.5
0.51
0.5066666666666667
0.5066666666666667
0.5033333333333333
0.49333333333333335
0.49333333333333335
0.49666666666666665
0.5033333333333333
0.5066666666666667
0.49
0.49666666666666665
0.5019607843137255
0.4926829268292683
0.5033333333333333
0.5033333333333333
0.5033333333333333
0.49333333333333335
0.5033333333333333
0.5
0.49666666666666665
0.49666666666666665
0.49333333333333335
0.5
0.5033333333333333
0.49666666666666665
0.49666666666666665
0.51
0.5
0.5033333333333333
0.5033333333333333
0.49666666666666665
0.5033333333333333
0.49333333333333335
0.5066666666666667
0.51
0.49666666666666665
0.5066666666666667
0.5033333333333333
0.5
0.5
0.5033333333333333
0.5
0.51
0.5033333333333333
0.5066666666666667
0.5
0.51
0.51
0.5033333333333333
0.5033333333333333
0.5033333333333333
0.49333333333333335
0.5
0.5
0.5
0.5033333333333333
0.49333333333333335
0.49333333333333335
0.49
0.49333333333333335
0.49333333333333335
0.49666666666666665
0.49666666666666665
0.5
0.5
0.49
0.5
0.49666666666666665
0.49666666666666665
0.49666666666666665
0.49666666666666665
0.49666666666666665
0.49666666666666665
0.49666666666666665
0.49666666666666665
0.5033333333333333
0.49666666666666665
0.49666666666666665
0.49333333333333335
0.5
0.5
0.4866666666666667
0.49333333333333335
0.5
0.5
0.49
0.5
0.49
0.5
0.5
0.5033333333333333
0.5
0.49666666666666665
0.5
0.5033333333333333
0.49666666666666665
0.49666666666666665
0.49
0.5066666666666667
0.49333333333333335
0.5033333333333333
0.5
0.5
0.49333333333333335
0.5033333333333333
0.49666666666666665
0.49333333333333335
0.5
0.5
0.5
0.49
0.5
0.49666666666666665
0.5033333333333333
0.49
0.5123152709359606
0.5038167938931297
0.49333333333333335
0.49666666666666665
0.5033333333333333
0.5
0.5
0.49666666666666665
0.5
0.49666666666666665
0.49666666666666665
0.5
0.49666666666666665
0.5
0.5
0.5066666666666667
0.5033333333333333
0.5066666666666667
0.5033333333333333
0.5
0.5033333333333333
0.4957983193277311
0.49666666666666665
0.5
0.5
0.5066666666666667
0.5
0.4866666666666667
0.5033333333333333
0.5
0.5066666666666667
0.5146198830409356
0.5033333333333333
0.51
0.5066666666666667
0.49666666666666665
0.49666666666666665
0.5
0.49666666666666665
0.4959677419354839
0.5033333333333333
0.5066666666666667
0.5
0.49333333333333335
0.5
0.5029585798816568
0.5033333333333333
0.49666666666666665
0.5
0.49333333333333335
0.49666666666666665
0.49666666666666665
0.5033333333333333
0.49333333333333335
0.5066666666666667
0.5
0.4962121212121212
0.5066666666666667
0.5
0.49333333333333335
0.5034246575342466
0.4910394265232975
0.49666666666666665
0.5033333333333333
0.5
0.5066666666666667
0.49666666666666665
0.5033333333333333
0.5
0.49666666666666665
0.5033333333333333
0.5
0.5066666666666667
0.5066666666666667
0.5
0.5
0.5021834061135371
0.5066666666666667
0.5033333333333333
0.51
0.5033333333333333
0.5
0.49666666666666665
0.5
0.49666666666666665
0.5066666666666667
0.5
0.5066666666666667
0.49666666666666665
0.5033333333333333
0.5
0.5066666666666667
0.5033333333333333
0.5042735042735043
0.5033333333333333
0.49666666666666665
0.5033333333333333
0.5
0.5066666666666667
0.5066666666666667
0.5033333333333333
0.49666666666666665
0.5066666666666667
0.5025125628140703
0.5033333333333333
0.5
0.5
0.5066666666666667
0.49666666666666665
0.5033333333333333
0.5066666666666667
0.49828178694158076
0.5
0.5033333333333333
0.49666666666666665
0.49666666666666665
0.5
0.5
0.5033333333333333
0.5066666666666667
0.5
0.5061728395061729
0.5033333333333333
0.49666666666666665
0.5
0.5
0.5
0.5
0.51010101010101
0.5033333333333333
0.49333333333333335
0.49666666666666665
0.5
0.49666666666666665
0.49666666666666665
0.49666666666666665
0.49666666666666665
0.5
0.4953271028037383
0.5033333333333333
0.49333333333333335
0.49666666666666665
0.49333333333333335
0.5033333333333333
0.5
0.49333333333333335
0.5
0.49333333333333335
0.49
0.49666666666666665
0.49666666666666665
0.5
0.49666666666666665
0.5
0.5384615384615384
0.5
0.49666666666666665
0.5058365758754864
0.49333333333333335
0.49666666666666665
0.5033333333333333
0.5054545454545455
0.5069767441860465
0.5035971223021583
0.5060240963855421
0.5051020408163265
0.5054945054945055
0.5263157894736842
0.5210084033613446
0.5157894736842106
0.5161290322580645
0.5288461538461539
0.5079365079365079
0.5227272727272727
0.5490196078431373
0.5086705202312138
0.5149700598802395
0.5107913669064749
0.5034965034965035
0.5027624309392266
0.5076923076923077
0.525
0.5093457943925234
0.5217391304347826
0.5035971223021583
0.5069767441860465
0.5
0.5069444444444444
0.5089285714285714
0.5049019607843137
0.5095238095238095
0.5097087378640777
0.5142857142857142
0.5099009900990099
0.5020408163265306
0.5108695652173914
0.5023696682464455
0.5111111111111111
0.5032258064516129
0.5021834061135371
0.5023255813953489
0.5094339622641509
0.5081081081081081
0.50625
0.5043103448275862
0.503448275862069
0.5076923076923077
0.5111111111111111
0.5054945054945055
0.5033333333333333
0.49333333333333335
0.5033333333333333
0.49666666666666665
0.49666666666666665
0.5033333333333333
0.49333333333333335
0.5
0.49333333333333335
0.5
0.49666666666666665
0.49666666666666665
0.49666666666666665
0.49666666666666665
0.49666666666666665
0.5
0.5066666666666667
0.49666666666666665
0.5
0.49666666666666665
0.5
0.5
0.5
0.49333333333333335
0.5
0.5
0.49333333333333335
0.5
0.5
0.49333333333333335
0.49666666666666665
0.5
0.5
0.49666666666666665
0.5
0.5
0.49666666666666665
0.49666666666666665
0.49666666666666665
0.5
0.49333333333333335
0.49333333333333335
0.49666666666666665
0.5
0.49333333333333335
0.49666666666666665
0.49666666666666665
0.5
0.5
0.49666666666666665
0.49666666666666665
0.5
0.5087719298245614
0.49666666666666665
0.49666666666666665
0.49333333333333335
0.5
0.49333333333333335
0.5033333333333333
0.49666666666666665
0.49666666666666665
0.5
0.5
0.49666666666666665
0.5033333333333333
0.4866666666666667
0.49666666666666665
0.5
0.49666666666666665
0.5
0.5247524752475248
0.49333333333333335
0.5
0.5039370078740157
0.5
0.5
0.5
0.49666666666666665
0.49666666666666665
0.5
0.5
0.5
0.49666666666666665
0.5094339622641509
0.49666666666666665
0.5041322314049587
0.5
0.5
0.5033333333333333
0.5
0.5
0.49666666666666665
0.49666666666666665
0.5
0.49
0.5
0.5066666666666667
0.5
0.5
0.49666666666666665
0.49666666666666665
0.5247524752475248
0.5066666666666667
0.5
0.5051903114186851
0.5
0.5033333333333333
0.49666666666666665
0.5
0.49333333333333335
0.49333333333333335
0.5033333333333333
0.5072463768115942
0.5056179775280899
0.5
0.5
0.5080645161290323
0.5377358490566038
0.5060728744939271
0.5041322314049587
0.5040983606557377
0.5066079295154186
0.5116279069767442
0.5190839694656488
0.5238095238095238
0.5114503816793893
0.5289256198347108
0.5178571428571429
0.5163934426229508
0.5111111111111111
0.5304347826086957
0.5378151260504201
0.5431034482758621
0.5153846153846153
0.5495495495495496
0.5378151260504201
0.5398230088495575
0.5304347826086957
0.5263157894736842
0.5416666666666666
0.5436893203883495
0.5333333333333333
0.5357142857142857
0.5471698113207547
0.5172413793103449
0.5504587155963303
0.5284552845528455
0.5338983050847458
0.5227272727272727
0.5299145299145299
0.53125
0.528
0.5185185185185185
0.5294117647058824
0.512
0.5315315315315315
0.5172413793103449
0.5315315315315315
0.5284552845528455
0.5136986301369864
0.5111111111111111
0.5205479452054794
0.5323741007194245
0.5103448275862069
0.5111111111111111
0.5159235668789809
0.5165562913907285
0.510752688172043
0.5163043478260869
0.5095541401273885
0.5147058823529411
0.5195530726256983
0.5026737967914439
0.509009009009009
0.5138888888888888
0.5161290322580645
0.5068493150684932
0.5066666666666667
0.5040650406504065
0.5023474178403756
0.5112107623318386
0.5021645021645021
0.5
0.5070422535211268
0.5102880658436214
0.5058365758754864
0.5058823529411764
0.5042372881355932
0.5021834061135371
0.508130081300813
0.5133928571428571
0.5072463768115942
0.5058823529411764
0.5062240663900415
0.5064935064935064
0.50199203187251
0.5135135135135135
0.5042372881355932
0.508695652173913
0.5063829787234042
0.5122950819672131
0.5019011406844106
0.5103734439834025
0.5204081632653061
0.5121951219512195
0.5055762081784386
0.5073529411764706
0.50187265917603
0.508130081300813
0.5066666666666667
0.5
0.5033333333333333
0.5033333333333333
0.5033333333333333
0.5033333333333333
0.5033333333333333
0.5066666666666667
0.49666666666666665
0.5111111111111111
0.5033333333333333
0.49666666666666665
0.5066666666666667
0.5
0.5066666666666667
0.5066666666666667
0.5033333333333333
0.5
0.5033333333333333
0.5
0.5
0.5033333333333333
0.5
0.5
0.5033333333333333
0.5
0.5017421602787456
0.5
0.5033333333333333
0.5
0.5033333333333333
0.5033333333333333
0.5033333333333333
0.49666666666666665
0.5033333333333333
0.5
0.5033333333333333
0.5066666666666667
0.5066666666666667
0.5033333333333333
0.5
0.5033333333333333
0.49666666666666665
0.5033333333333333
0.5108695652173914
0.5033333333333333
0.5238095238095238
0.5
0.5066666666666667
0.49666666666666665
0.5
0.5066666666666667
0.5033333333333333
0.5
0.5
0.5066666666666667
0.5033333333333333
0.5066666666666667
0.5033333333333333
0.49666666666666665
0.5066666666666667
0.5180722891566265
0.5033333333333333
0.5
0.5
0.5033333333333333
0.5106382978723404
0.5033333333333333
0.5033333333333333
0.5
0.5033333333333333
0.49666666666666665
0.5033333333333333
0.5033333333333333
0.49666666666666665
0.5
0.5
0.5
0.5033333333333333
0.5
0.5033333333333333
0.5
0.5033333333333333
0.5066666666666667
0.5066666666666667
0.5
0.49666666666666665
0.49666666666666665
0.49666666666666665
0.5066666666666667
0.5033333333333333
0.5066666666666667
0.5066666666666667
0.5033333333333333
0.5
0.49666666666666665
0.49333333333333335
0.49666666666666665
0.5
0.5
0.5033333333333333
0.5033333333333333
0.5
0.49333333333333335
0.49666666666666665
0.49666666666666665
0.5033333333333333
0.5
0.5
0.5033333333333333
0.49666666666666665
0.49666666666666665
0.49666666666666665
0.5
0.5094339622641509
0.49333333333333335
0.5
0.5
0.49666666666666665
0.5
0.49333333333333335
0.5
0.49333333333333335
0.5
0.49666666666666665
0.5
0.49666666666666665
0.5
0.49333333333333335
0.5033333333333333
0.5066666666666667
0.49666666666666665
0.5
0.5
0.5033333333333333
0.49333333333333335
0.5
0.5
0.5066666666666667
0.5
0.5033333333333333
0.51
0.5066666666666667
0.49666666666666665
0.5
0.5066666666666667
0.49666666666666665
0.5
0.49666666666666665
0.49666666666666665
0.5066666666666667
0.49333333333333335
0.5033333333333333
0.49666666666666665
0.5
0.49666666666666665
0.4959349593495935
0.49666666666666665
0.49666666666666665
0.49666666666666665
0.5
0.5033333333333333
0.5066666666666667
0.5020408163265306
0.5028901734104047
0.5
0.49333333333333335
0.49666666666666665
0.5033333333333333
0.48
0.5
0.5029585798816568
0.4835164835164835
0.4823529411764706
0.5
0.5033333333333333
0.49666666666666665
0.5033333333333333
0.49122807017543857
0.5033333333333333
0.5066666666666667
0.49666666666666665
0.5066666666666667
0.5066666666666667
0.5066666666666667
0.51
0.5033333333333333
0.5033333333333333
0.5066666666666667
0.5027027027027027
0.5077720207253886
0.5033333333333333
0.5033333333333333
0.49206349206349204
0.51
0.4925373134328358
0.5066666666666667
0.5066666666666667
0.5033333333333333
0.5133333333333333
0.4945054945054945
0.5
0.5066666666666667
0.49280575539568344
0.4929078014184397
0.51
0.49327354260089684
0.5083798882681564
0.5033333333333333
0.5033333333333333
0.49666666666666665
0.49666666666666665
0.5066666666666667
0.5119047619047619
0.5
0.49624060150375937
0.5033333333333333
0.5
0.49666666666666665
0.5055555555555555
0.5
