0.6363636363636364
0.5151515151515151
0.5625
0.5555555555555556
0.4166666666666667
0.4117647058823529
0.5769230769230769
0.6086956521739131
0.5192307692307693
0.8
0.5454545454545454
0.48
0.6363636363636364
0.5357142857142857
0.5757575757575758
0.5238095238095238
0.5151515151515151
0.5116279069767442
0.6666666666666666
0.4857142857142857
0.4
0.5172413793103449
0.45454545454545453
0.5
0.5151515151515151
0.49122807017543857
0.47368421052631576
0.5
0.5
0.5
0.5
0.4897959183673469
0.4864864864864865
0.5
0.5
0.4666666666666667
0.5483870967741935
0.5
0.5227272727272727
0.5833333333333334
0.5
0.5172413793103449
0.5116279069767442
0.5454545454545454
0.5142857142857142
0.5116279069767442
0.4838709677419355
0.5172413793103449
0.5
0.5102040816326531
0.5
0.49122807017543857
0.47368421052631576
0.42857142857142855
0.4444444444444444
0.5111111111111111
0.5192307692307693
0.5217391304347826
0.4666666666666667
0.5223880597014925
0.5357142857142857
0.5227272727272727
0.4827586206896552
0.4897959183673469
0.5072463768115942
0.5084745762711864
0.5405405405405406
0.5
0.5
0.5428571428571428
0.52
0.5
0.5238095238095238
0.5106382978723404
0.46875
0.5
0.4666666666666667
0.4915254237288136
0.53125
0.5151515151515151
0.5
0.5
0.5161290322580645
0.48
0.5094339622641509
0.4666666666666667
0.5384615384615384
0.5319148936170213
0.48214285714285715
0.525
0.5157894736842106
0.5094339622641509
0.4807692307692308
0.4794520547945205
0.5
0.5238095238095238
0.5
0.4791666666666667
0.5238095238095238
0.52
0.48717948717948717
0.509090909090909
0.5185185185185185
0.48148148148148145
0.5222222222222223
0.48484848484848486
0.5098039215686274
0.5
0.5102040816326531
0.5
0.509090909090909
0.5
0.5319148936170213
0.5208333333333334
0.5
0.5
0.5263157894736842
0.5128205128205128
0.5217391304347826
0.5063291139240507
0.5409836065573771
0.47540983606557374
0.4583333333333333
0.5238095238095238
0.5
0.5098039215686274
0.5217391304347826
0.52
0.5238095238095238
0.5142857142857142
0.5283018867924528
0.5555555555555556
0.5227272727272727
0.4722222222222222
0.5178571428571429
0.5
0.5079365079365079
0.4666666666666667
0.5333333333333333
0.4742268041237113
0.5070422535211268
0.5
0.5272727272727272
0.5185185185185185
0.5111111111111111
0.5272727272727272
0.4691358024691358
0.5128205128205128
0.5230769230769231
0.5238095238095238
0.44776119402985076
0.5121951219512195
0.5254237288135594
0.5138888888888888
0.527027027027027
0.5342465753424658
0.5441176470588235
0.5
0.4444444444444444
0.47435897435897434
0.5175438596491229
0.494949494949495
0.528
0.46987951807228917
0.4696969696969697
0.5229885057471264
0.4647887323943662
0.4691358024691358
0.4444444444444444
0.5476190476190477
0.4807692307692308
0.55
0.45098039215686275
0.4789915966386555
0.46078431372549017
0.46153846153846156
0.44594594594594594
0.43283582089552236
0.4789915966386555
0.47619047619047616
0.45977011494252873
0.5
0.48
0.4915254237288136
0.4426229508196721
0.4772727272727273
0.4827586206896552
0.4594594594594595
0.48514851485148514
0.5094339622641509
0.5
0.45161290322580644
0.45454545454545453
0.4861111111111111
0.46296296296296297
0.5
0.46808510638297873
0.4716981132075472
0.47126436781609193
0.48623853211009177
0.5058365758754864
0.4827586206896552
0.4714285714285714
0.463768115942029
0.5161290322580645
0.4576271186440678
0.5025906735751295
0.5225806451612903
0.5
0.519774011299435
0.4631578947368421
0.5454545454545454
0.5333333333333333
0.5333333333333333
0.4838709677419355
0.5081967213114754
0.53125
0.5274725274725275
0.5285714285714286
0.5339805825242718
0.5172413793103449
0.5251798561151079
0.5230769230769231
0.4945054945054945
0.5416666666666666
0.5111111111111111
0.505
0.4803921568627451
0.5045045045045045
0.49612403100775193
0.5373134328358209
0.48201438848920863
0.46153846153846156
0.49572649572649574
0.5113636363636364
0.47058823529411764
0.515527950310559
0.5104166666666666
0.4142857142857143
0.4811320754716981
0.4659090909090909
0.5061728395061729
0.5324675324675324
0.49137931034482757
0.48554913294797686
0.4956521739130435
0.5522388059701493
0.5
0.47619047619047616
0.48951048951048953
0.5619047619047619
0.53125
0.5
0.497907949790795
0.5116279069767442
0.5112781954887218
0.5233644859813084
0.5122950819672131
0.5217391304347826
0.5210084033613446
0.5026178010471204
0.46285714285714286
0.5106382978723404
0.5308056872037915
0.553030303030303
0.529126213592233
0.48760330578512395
0.5034246575342466
0.4690265486725664
0.4682926829268293
0.5225806451612903
0.47783251231527096
0.4797297297297297
0.4925373134328358
0.5203619909502263
0.4745762711864407
0.48695652173913045
0.46357615894039733
0.4855072463768116
0.45714285714285713
0.464
0.5125448028673835
0.48255813953488375
0.4793814432989691
0.48484848484848486
0.4537037037037037
0.5033333333333333
0.4823008849557522
0.48226950354609927
0.5
0.48
0.5128205128205128
0.5066666666666667
0.49740932642487046
0.5053003533568905
0.5148936170212766
0.5156794425087108
0.5186915887850467
0.508130081300813
0.5
0.5310344827586206
0.503448275862069
0.504950495049505
0.5098039215686274
0.514018691588785
0.5314285714285715
0.5294117647058824
0.5120481927710844
0.5317460317460317
0.5454545454545454
0.5031446540880503
0.5609756097560976
0.5082872928176796
0.5555555555555556
0.5333333333333333
0.5217391304347826
0.5121951219512195
0.5
0.5125628140703518
0.5153374233128835
0.5
0.5021459227467812
0.5123456790123457
0.5021834061135371
0.5384615384615384
0.4973821989528796
0.5416666666666666
0.5
0.5303030303030303
0.4838709677419355
0.5018587360594795
0.4806201550387597
0.5
0.4943820224719101
0.4782608695652174
0.44776119402985076
0.5061224489795918
0.4642857142857143
0.48484848484848486
0.4642857142857143
0.5112781954887218
0.43243243243243246
0.5294117647058824
0.52
0.5073529411764706
0.5277777777777778
0.4666666666666667
0.5116279069767442
0.47368421052631576
0.5333333333333333
0.48333333333333334
0.5714285714285714
0.47619047619047616
0.49
0.48
0.4492753623188406
0.49056603773584906
0.5045871559633027
0.49375
0.4594594594594595
0.49333333333333335
0.5114503816793893
0.49333333333333335
0.496
0.5024390243902439
0.5066666666666667
0.5
0.49666666666666665
0.4840182648401826
0.49666666666666665
0.49666666666666665
0.5
0.5066666666666667
0.5058139534883721
0.5066666666666667
0.5033333333333333
0.49666666666666665
0.5
0.51
0.5033333333333333
0.5
0.5033333333333333
0.51
0.51
0.5
0.5066666666666667
0.5133333333333333
0.5033333333333333
0.5102739726027398
0.5053003533568905
0.5145228215767634
0.5171102661596958
0.5256410256410257
0.5149253731343284
0.5209302325581395
0.5106382978723404
0.5107913669064749
0.5085324232081911
0.5136612021857924
0.5213675213675214
0.5112107623318386
0.5060728744939271
0.5093632958801498
0.5169082125603864
0.5128205128205128
0.5164835164835165
0.5129310344827587
0.5181159420289855
0.5131578947368421
0.5127272727272727
0.5035211267605634
0.5
0.51
0.51171875
0.51
0.5066666666666667
0.5
0.5066666666666667
0.5066666666666667
0.5
0.5
0.5033333333333333
0.5066666666666667
0.5
0.5066666666666667
0.5
0.5033333333333333
0.49666666666666665
0.49666666666666665
0.5
0.5066666666666667
0.5
0.49666666666666665
0.5033333333333333
0.5
0.5
0.5
0.5033333333333333
0.49666666666666665
0.49333333333333335
0.49603174603174605
0.5
0.4962121212121212
0.49070631970260226
0.48878923766816146
0.48717948717948717
0.48223350253807107
0.49145299145299143
0.48704663212435234
0.48663101604278075
0.48484848484848486
0.4857142857142857
0.47668393782383417
0.48223350253807107
0.47928994082840237
0.48148148148148145
0.47096774193548385
0.4791666666666667
0.4732824427480916
0.46808510638297873
0.4791666666666667
0.46511627906976744
0.4701492537313433
0.4744525547445255
0.48031496062992124
0.4666666666666667
0.460431654676259
0.4645669291338583
0.4732824427480916
0.4701492537313433
0.48148148148148145
0.45901639344262296
0.4676258992805755
0.4797297297297297
0.46987951807228917
0.4785276073619632
0.4807692307692308
0.4764705882352941
0.47368421052631576
0.47126436781609193
0.4731182795698925
0.48
0.4729064039408867
0.4808743169398907
0.4860335195530726
0.4690721649484536
0.4785276073619632
0.4744897959183674
0.48663101604278075
0.47959183673469385
0.49079754601226994
0.47804878048780486
0.48292682926829267
0.4872881355932203
0.4965034965034965
0.49528301886792453
0.49473684210526314
0.49333333333333335
0.49666666666666665
0.49666666666666665
0.49666666666666665
0.49333333333333335
0.49333333333333335
0.49333333333333335
0.5
0.5
0.5033333333333333
0.5033333333333333
0.5
0.49666666666666665
0.5
0.49666666666666665
0.5
0.49333333333333335
0.5033333333333333
0.5033333333333333
0.49666666666666665
0.49666666666666665
0.5033333333333333
0.4965753424657534
0.49666666666666665
0.5033333333333333
0.5033333333333333
0.5
0.5
0.5
0.4908256880733945
0.5
0.5033333333333333
0.49666666666666665
0.49333333333333335
0.5033333333333333
0.5053003533568905
0.49572649572649574
0.49666666666666665
0.5066666666666667
0.49466192170818507
0.5119617224880383
0.48823529411764705
0.49333333333333335
0.5
0.49333333333333335
0.4981132075471698
0.5
0.5057471264367817
0.49666666666666665
0.49666666666666665
0.5051546391752577
0.5
0.49333333333333335
0.5
0.5
0.5066666666666667
0.5142857142857142
0.515527950310559
0.49193548387096775
0.4854368932038835
0.4852941176470588
0.49666666666666665
0.49666666666666665
0.5116279069767442
0.49137931034482757
0.5033333333333333
0.5033333333333333
0.4879518072289157
0.4838709677419355
0.5083798882681564
0.5033333333333333
0.5033333333333333
0.49666666666666665
0.5033333333333333
0.4948453608247423
0.5
0.49666666666666665
0.5033333333333333
0.5033333333333333
0.5066666666666667
0.5
0.49666666666666665
0.5066666666666667
0.49333333333333335
0.49666666666666665
0.5033333333333333
0.525
0.5033333333333333
0.5033333333333333
0.5033333333333333
0.5
0.49666666666666665
0.49666666666666665
0.5033333333333333
0.5
0.5033333333333333
0.5
0.5066666666666667
0.5033333333333333
0.5033333333333333
0.5033333333333333
0.5033333333333333
0.49666666666666665
0.5
0.49666666666666665
0.5033333333333333
0.5
0.5033333333333333
0.5
0.5
0.5
0.5
0.5066666666666667
0.5
0.5
0.5
0.49666666666666665
0.5
0.5066666666666667
0.5
0.5
0.5033333333333333
0.49333333333333335
0.5
0.49666666666666665
0.5
0.5
0.5033333333333333
0.5066666666666667
0.49666666666666665
0.5033333333333333
0.5
0.5
0.5066666666666667
0.5
0.5066666666666667
0.5033333333333333
0.5033333333333333
0.5033333333333333
0.5033333333333333
0.49666666666666665
0.5
0.5
0.5066666666666667
0.5066666666666667
0.5
0.5066666666666667
0.5017921146953405
0.5087719298245614
0.5071942446043165
0.5132743362831859
0.5098039215686274
0.514018691588785
0.5163043478260869
0.5128205128205128
0.5222222222222223
0.5185185185185185
0.5177304964539007
0.5234899328859061
0.525
0.5307692307692308
0.5238095238095238
0.5245901639344263
0.5446428571428571
0.5354330708661418
0.5344827586206896
0.5350877192982456
0.5576923076923077
0.5853658536585366
0.5625
0.5504587155963303
0.5544554455445545
0.5619047619047619
0.5495495495495496
0.5462962962962963
0.5
0.5833333333333334
0.56
0.5454545454545454
0.5588235294117647
0.5607476635514018
0.5686274509803921
0.5714285714285714
0.5431034482758621
0.5686274509803921
0.5663716814159292
0.5555555555555556
0.5656565656565656
0.5806451612903226
0.5483870967741935
0.5625
0.5670103092783505
0.5585585585585585
0.5612244897959183
0.5416666666666666
0.5555555555555556
0.5523809523809524
0.5471698113207547
0.5585585585585585
0.5535714285714286
0.5576923076923077
0.5514018691588785
0.5471698113207547
0.5555555555555556
0.5378151260504201
0.5428571428571428
0.57
0.5544554455445545
0.5462962962962963
0.5526315789473685
0.5486725663716814
0.5631067961165048
0.5428571428571428
0.5350877192982456
0.5555555555555556
0.5447154471544715
0.5603448275862069
0.5545454545454546
0.5391304347826087
0.5700934579439252
0.5514018691588785
0.5656565656565656
0.5670103092783505
0.5545454545454546
0.5585585585585585
0.5625
0.5588235294117647
0.5490196078431373
0.5545454545454546
0.5784313725490197
0.5612244897959183
0.5566037735849056
0.5789473684210527
0.57
0.5773195876288659
0.5663716814159292
0.5607476635514018
0.5714285714285714
0.5625
0.5894736842105263
0.5757575757575758
0.5673076923076923
0.5684210526315789
0.5675675675675675
0.5675675675675675
0.5773195876288659
0.5652173913043478
0.5648148148148148
0.56
0.57
0.5555555555555556
0.5555555555555556
0.5238095238095238
0.5585585585585585
0.5625
0.5670103092783505
0.5588235294117647
0.57
0.5773195876288659
0.5504587155963303
0.5544554455445545
0.5631067961165048
0.5486725663716814
0.5471698113207547
0.5757575757575758
0.5470085470085471
0.5576923076923077
0.5431034482758621
0.5423728813559322
0.5289256198347108
0.5454545454545454
0.5523809523809524
0.5454545454545454
0.5377358490566038
0.5363636363636364
0.5303030303030303
0.5344827586206896
0.5478260869565217
0.5378151260504201
0.5517241379310345
0.5363636363636364
0.5251798561151079
0.543859649122807
0.5357142857142857
0.5259259259259259
0.5307692307692308
0.5299145299145299
0.5307692307692308
0.5299145299145299
0.5384615384615384
0.5255474452554745
0.5338345864661654
0.5333333333333333
0.5284552845528455
0.5327868852459017
0.5234375
0.5378151260504201
0.5348837209302325
0.5371900826446281
0.5391304347826087
0.5483870967741935
0.5412844036697247
0.5398230088495575
0.5398230088495575
0.5396825396825397
0.55
0.5546218487394958
0.5416666666666666
0.5407407407407407
0.5531914893617021
0.5656565656565656
0.5480769230769231
0.5454545454545454
0.5478260869565217
0.5660377358490566
0.5526315789473685
0.5545454545454546
0.5483870967741935
0.5607476635514018
0.5531914893617021
0.5596330275229358
0.5567010309278351
0.5673076923076923
0.5753424657534246
0.5789473684210527
0.5728155339805825
0.5714285714285714
0.5652173913043478
0.5714285714285714
0.5636363636363636
0.5714285714285714
0.5596330275229358
0.5648148148148148
0.57
0.5714285714285714
0.5684210526315789
0.5405405405405406
0.5841584158415841
0.55
0.5754716981132075
0.5773195876288659
0.5384615384615384
0.5619047619047619
0.5700934579439252
0.55
0.5714285714285714
0.5648148148148148
0.5546218487394958
0.5631067961165048
0.5614035087719298
0.5636363636363636
0.5619047619047619
0.552
0.5686274509803921
0.5555555555555556
0.5514018691588785
0.5566037735849056
0.5391304347826087
0.5454545454545454
0.5555555555555556
0.5365853658536586
0.544
0.544
0.5454545454545454
0.5420560747663551
0.5492957746478874
0.5423728813559322
0.5454545454545454
0.5478260869565217
0.5384615384615384
0.5461538461538461
0.5384615384615384
0.5390070921985816
0.5412844036697247
0.5426356589147286
0.5419847328244275
0.5441176470588235
0.5390625
0.5328467153284672
0.5462184873949579
0.5307692307692308
0.5384615384615384
0.5338983050847458
0.5342465753424658
0.5426356589147286
0.5426356589147286
0.544
0.5348837209302325
0.5333333333333333
0.5285714285714286
0.5357142857142857
0.5384615384615384
0.5476190476190477
0.5476190476190477
0.55
0.5454545454545454
0.541095890410959
0.5517241379310345
0.543046357615894
0.5362318840579711
0.5447761194029851
0.549618320610687
0.539568345323741
0.5422535211267606
0.5337837837837838
0.5447154471544715
0.5428571428571428
0.5373134328358209
0.5384615384615384
0.5390070921985816
0.5467625899280576
0.5447154471544715
0.5436241610738255
0.5367647058823529
0.5393939393939394
0.5436241610738255
0.5342465753424658
0.5447761194029851
0.5394736842105263
0.5324675324675324
0.5314685314685315
0.5369127516778524
0.5337423312883436
0.5374149659863946
0.5325443786982249
0.5252525252525253
0.53125
0.5324675324675324
0.5329341317365269
0.525974025974026
0.5272727272727272
0.5227272727272727
0.5316455696202531
0.518348623853211
0.5217391304347826
0.5243243243243243
0.5242718446601942
0.526595744680851
0.5202020202020202
0.5163934426229508
0.5163934426229508
0.5198412698412699
0.5213270142180095
0.5175438596491229
0.5133333333333333
0.5155555555555555
0.5120274914089347
0.5142857142857142
0.5127272727272727
0.5165289256198347
0.5117845117845118
0.5119453924914675
0.5066666666666667
0.5161290322580645
0.5117845117845118
0.5107913669064749
0.5152671755725191
0.5135135135135135
0.51
0.5159817351598174
0.5152838427947598
0.5107296137339056
0.5196078431372549
0.5217391304347826
0.5228426395939086
0.5223214285714286
0.5229885057471264
0.5204081632653061
0.521505376344086
0.52
0.5168539325842697
0.5148936170212766
0.5284974093264249
0.5158730158730159
0.5144230769230769
0.5211267605633803
0.520618556701031
0.5104602510460251
0.515625
0.5187165775401069
0.5175438596491229
0.5140562248995983
0.5169491525423728
0.519650655021834
0.5207373271889401
0.5172413793103449
0.5158730158730159
0.5190476190476191
0.512
0.5155555555555555
0.5138339920948617
0.5094339622641509
0.5170940170940171
0.5174129353233831
0.5139442231075697
0.5180722891566265
0.5158371040723982
0.5155555555555555
0.5116279069767442
0.5132743362831859
0.5107296137339056
0.5181818181818182
0.5196078431372549
