0.18181818181818182
0.75
0.3333333333333333
0.6086956521739131
0.3125
0.23076923076923078
0.0
0.4444444444444444
0.4878048780487805
0.125
0.35
0.375
0.42857142857142855
0.4
0.34615384615384615
0.5
0.43478260869565216
0.46875
0.41379310344827586
0.36363636363636365
0.4074074074074074
0.43333333333333335
0.5
0.47368421052631576
0.375
0.3870967741935484
0.4375
0.42105263157894735
0.5303030303030303
0.4788732394366197
0.4444444444444444
0.5
0.5357142857142857
0.6875
0.5142857142857142
0.3684210526315789
0.5116279069767442
0.5316455696202531
0.45454545454545453
0.43478260869565216
0.5416666666666666
0.5176470588235295
0.6923076923076923
0.5
0.5277777777777778
0.55
0.46875
0.5
0.54
0.4473684210526316
0.5
0.48484848484848486
0.5384615384615384
0.4878048780487805
0.5185185185185185
0.5161290322580645
0.5555555555555556
0.48148148148148145
0.5652173913043478
0.4838709677419355
0.5
0.4583333333333333
0.5166666666666667
0.4927536231884058
0.5384615384615384
0.5333333333333333
0.5283018867924528
0.5428571428571428
0.55
0.5061728395061729
0.47674418604651164
0.5277777777777778
0.4782608695652174
0.4954128440366973
0.5151515151515151
0.5217391304347826
0.46551724137931033
0.5161290322580645
0.46875
0.5227272727272727
0.4166666666666667
0.5121951219512195
0.46551724137931033
0.5121951219512195
0.5
0.4727272727272727
0.5151515151515151
0.52
0.5217391304347826
0.475
0.5151515151515151
0.5609756097560976
0.5294117647058824
0.47761194029850745
0.47058823529411764
0.4528301886792453
0.4939759036144578
0.4861111111111111
0.4523809523809524
0.5190839694656488
0.5
0.532258064516129
0.5125
0.43103448275862066
0.49206349206349204
0.46551724137931033
0.5510204081632653
0.47540983606557374
0.45569620253164556
0.45714285714285713
0.5
0.48
0.45454545454545453
0.5135135135135135
0.47058823529411764
0.5
0.5027322404371585
0.5121951219512195
0.4666666666666667
0.5339805825242718
0.5
0.45714285714285713
0.4857142857142857
0.453125
0.4782608695652174
0.48214285714285715
0.48936170212765956
0.4594594594594595
0.48
0.5
0.5
0.5
0.47540983606557374
0.5151515151515151
0.5106382978723404
0.45714285714285713
0.4772727272727273
0.47368421052631576
0.4888888888888889
0.45161290322580644
0.45614035087719296
0.48717948717948717
0.4864864864864865
0.4594594594594595
0.4727272727272727
0.5
0.46153846153846156
0.5
0.4473684210526316
0.45714285714285713
0.47368421052631576
0.46511627906976744
0.43333333333333335
0.48
0.4772727272727273
0.47619047619047616
0.4915254237288136
0.5
0.4642857142857143
0.46153846153846156
0.47619047619047616
0.48148148148148145
0.5
0.4473684210526316
0.46808510638297873
0.48717948717948717
0.46511627906976744
0.48
0.4482758620689655
0.43478260869565216
0.4666666666666667
0.45454545454545453
0.4722222222222222
0.45714285714285713
0.44
0.4666666666666667
0.45
0.44680851063829785
0.46153846153846156
0.47058823529411764
0.49056603773584906
0.4634146341463415
0.46938775510204084
0.4594594594594595
0.47058823529411764
0.46938775510204084
0.45098039215686275
0.4791666666666667
0.4864864864864865
0.4444444444444444
0.4375
0.4642857142857143
0.4827586206896552
0.4605263157894737
0.46788990825688076
0.46153846153846156
0.43478260869565216
0.4673913043478261
0.48375451263537905
0.475
0.5348837209302325
0.5266272189349113
0.54
0.5234375
0.5504587155963303
0.5277777777777778
0.5666666666666667
0.5384615384615384
0.5314685314685315
0.4975609756097561
0.5294117647058824
0.5308641975308642
0.5333333333333333
0.5027322404371585
0.5231788079470199
0.5079365079365079
0.5138121546961326
0.5081967213114754
0.48872180451127817
0.5
0.5033112582781457
0.5
0.5
0.5157894736842106
0.5165289256198347
0.49777777777777776
0.5329341317365269
0.5133333333333333
0.47643979057591623
0.5
0.5104166666666666
0.5121951219512195
0.5078740157480315
0.51
0.48205128205128206
0.4943820224719101
0.5024875621890548
0.53125
0.5129151291512916
0.5048543689320388
0.5242718446601942
0.5
0.5081967213114754
0.5
0.49
0.4891304347826087
0.5091575091575091
0.5037037037037037
0.49
0.5
0.5102040816326531
0.49746192893401014
0.49489795918367346
0.49282296650717705
0.5042735042735043
0.49333333333333335
0.5
0.49321266968325794
0.49
0.48148148148148145
0.4977973568281938
0.4881516587677725
0.4943181818181818
0.4892703862660944
0.5
0.49666666666666665
0.4864864864864865
0.49586776859504134
0.5
0.49645390070921985
0.5033333333333333
0.49809885931558934
0.5066666666666667
0.5066666666666667
0.49615384615384617
0.494949494949495
0.49666666666666665
0.5087719298245614
0.5018450184501845
0.51
0.5073529411764706
0.5118110236220472
0.5055555555555555
0.49333333333333335
0.49
0.4976958525345622
0.5
0.508130081300813
0.49666666666666665
0.49666666666666665
0.5035971223021583
0.5097276264591439
0.49333333333333335
0.49746192893401014
0.49666666666666665
0.5033333333333333
0.49333333333333335
0.49666666666666665
0.5145228215767634
0.4866666666666667
0.5033333333333333
0.49666666666666665
0.49333333333333335
0.5
0.49333333333333335
0.5066666666666667
0.5033333333333333
0.5025906735751295
0.49666666666666665
0.49666666666666665
0.5188679245283019
0.5120967741935484
0.5066666666666667
0.5066666666666667
0.5
0.5076335877862596
0.52
0.5128205128205128
0.5284552845528455
0.5323741007194245
0.5303030303030303
0.5462184873949579
0.5470085470085471
0.543859649122807
0.5350877192982456
0.5588235294117647
0.5354330708661418
0.5483870967741935
0.5454545454545454
0.5454545454545454
0.5426356589147286
0.5555555555555556
0.5573770491803278
0.5535714285714286
0.5396825396825397
0.5454545454545454
0.5412844036697247
0.5365853658536586
0.5328467153284672
0.5495495495495496
0.5431034482758621
0.544
0.5576923076923077
0.543859649122807
0.5454545454545454
0.5523809523809524
0.5446428571428571
0.5612244897959183
0.5384615384615384
0.5603448275862069
0.5688073394495413
0.574468085106383
0.5675675675675675
0.5714285714285714
0.5733333333333334
0.5526315789473685
0.5648148148148148
0.5504587155963303
0.5486725663716814
0.5673076923076923
0.5573770491803278
0.5742574257425742
0.5531914893617021
0.58
0.5876288659793815
0.559322033898305
0.5641025641025641
0.5531914893617021
0.5348837209302325
0.5581395348837209
0.5652173913043478
0.5454545454545454
0.5769230769230769
0.5757575757575758
0.5423728813559322
0.5588235294117647
0.5416666666666666
0.5609756097560976
0.5784313725490197
0.5517241379310345
0.5641025641025641
0.5833333333333334
0.5652173913043478
0.5434782608695652
0.5573770491803278
0.5689655172413793
0.5636363636363636
0.5714285714285714
0.5636363636363636
0.5773195876288659
0.5957446808510638
0.5841584158415841
0.559322033898305
0.5660377358490566
0.5619047619047619
0.5625
0.5714285714285714
0.5728155339805825
0.5740740740740741
0.5876288659793815
0.5714285714285714
0.5714285714285714
0.5607476635514018
0.5607476635514018
0.5688073394495413
0.5714285714285714
0.5625
0.55
0.5742574257425742
0.5565217391304348
0.5583333333333333
0.569620253164557
0.5660377358490566
0.5652173913043478
0.5636363636363636
0.5625
0.56
0.5673076923076923
0.5478260869565217
0.5700934579439252
0.5688073394495413
0.5535714285714286
0.5700934579439252
0.5714285714285714
0.5619047619047619
0.5729166666666666
0.5841584158415841
0.5742574257425742
0.5647058823529412
0.5566037735849056
0.55
0.5666666666666667
0.5652173913043478
0.5663716814159292
0.5714285714285714
0.5416666666666666
0.594059405940594
0.5742574257425742
0.5735294117647058
0.5754716981132075
0.56
0.5555555555555556
0.5728155339805825
0.5679012345679012
0.5816326530612245
0.58
0.5789473684210527
0.574468085106383
0.5648148148148148
0.5726495726495726
0.5581395348837209
0.5365853658536586
0.5614035087719298
0.57
0.5876288659793815
0.5688073394495413
0.5614035087719298
0.55
0.5528455284552846
0.5773195876288659
0.5625
0.5625
0.5555555555555556
0.5596330275229358
0.5471698113207547
0.5545454545454546
0.5575221238938053
0.5461538461538461
0.5596330275229358
0.5491803278688525
0.5666666666666667
0.5565217391304348
0.5401459854014599
0.5426356589147286
0.5526315789473685
0.5431034482758621
0.5728155339805825
0.5378151260504201
0.5474452554744526
0.5478260869565217
0.5447154471544715
0.5488721804511278
0.5302013422818792
0.544
0.5379310344827586
0.5333333333333333
0.5434782608695652
0.5407407407407407
0.539568345323741
0.5306122448979592
0.5374149659863946
0.5314285714285715
0.5546218487394958
0.53125
0.5316455696202531
0.52046783625731
0.5263157894736842
0.5310734463276836
0.5229885057471264
0.5222222222222223
0.5297619047619048
0.5221674876847291
0.5238095238095238
0.5248618784530387
0.5263157894736842
0.5188679245283019
0.52
0.5212765957446809
0.5161290322580645
0.5181347150259067
0.5193370165745856
0.5119617224880383
0.519774011299435
0.5154185022026432
0.51
0.51
0.5033333333333333
0.5
0.5033333333333333
0.5
0.49333333333333335
0.5
0.49666666666666665
0.5
0.49333333333333335
0.5
0.49666666666666665
0.5
0.5
0.5033333333333333
0.5066666666666667
0.5
0.5
0.5
0.5033333333333333
0.5033333333333333
0.5033333333333333
0.49666666666666665
0.5033333333333333
0.5
0.49666666666666665
0.5066666666666667
0.5
0.5033333333333333
0.5033333333333333
0.49666666666666665
0.5
0.5
0.49666666666666665
0.49666666666666665
0.5
0.49666666666666665
0.5
0.5
0.49333333333333335
0.5033333333333333
0.49666666666666665
0.49666666666666665
0.49666666666666665
0.5
0.49
0.5
0.49333333333333335
0.5
0.49666666666666665
0.49707602339181284
0.49666666666666665
0.4965277777777778
0.49333333333333335
0.49666666666666665
0.5033333333333333
0.5
0.5
0.5
0.49666666666666665
0.5033333333333333
0.5
0.5
0.49642857142857144
0.5
0.5066666666666667
0.5
0.5
0.49666666666666665
0.49333333333333335
0.5033333333333333
0.49666666666666665
0.5033333333333333
0.5
0.5066666666666667
0.5066666666666667
0.5033333333333333
0.5
0.5033333333333333
0.51
0.5
0.5033333333333333
0.51
0.5033333333333333
0.5066666666666667
0.51
0.524390243902439
0.5066666666666667
0.5066666666666667
0.5066666666666667
0.5066666666666667
0.5033333333333333
0.5066666666666667
0.49666666666666665
0.5033333333333333
0.5033333333333333
0.5
0.49
0.49666666666666665
0.525
0.5
0.5
0.48677248677248675
0.5
0.5074626865671642
0.49171270718232046
0.5033333333333333
0.504
0.49333333333333335
0.5033333333333333
0.5148514851485149
0.5
0.49122807017543857
0.49666666666666665
0.5
0.49666666666666665
0.5104166666666666
0.49666666666666665
0.5033333333333333
0.49333333333333335
0.4928909952606635
0.5089285714285714
0.4939271255060729
0.5
0.49666666666666665
0.5
0.5
0.5
0.5
0.49666666666666665
0.49
0.5033333333333333
0.49666666666666665
0.49019607843137253
0.5066666666666667
0.49666666666666665
0.5
0.5033333333333333
0.4968553459119497
0.49666666666666665
0.5033333333333333
0.4982078853046595
0.5
0.5
0.5033333333333333
0.5033333333333333
0.49666666666666665
0.49666666666666665
0.49333333333333335
0.49666666666666665
0.4962121212121212
0.49333333333333335
0.4965034965034965
0.49458483754512633
0.48828125
0.49777777777777776
0.4978902953586498
0.49528301886792453
0.48660714285714285
0.43478260869565216
0.4888888888888889
0.4896907216494845
0.489010989010989
0.489247311827957
0.47560975609756095
0.4764705882352941
0.45
0.48360655737704916
0.48854961832061067
0.48466257668711654
0.5
0.4838709677419355
0.42857142857142855
0.47586206896551725
0.4864864864864865
0.43478260869565216
0.48299319727891155
0.48
0.4697986577181208
0.48148148148148145
0.42857142857142855
0.4878048780487805
0.4697986577181208
0.48226950354609927
0.47878787878787876
0.4797297297297297
0.4863013698630137
0.47619047619047616
0.48125
0.48125
0.48502994011976047
0.4873096446700508
0.48863636363636365
0.48
0.4883720930232558
0.49065420560747663
0.49372384937238495
0.49166666666666664
0.48695652173913045
0.4901185770750988
0.4927536231884058
0.49473684210526314
0.4962121212121212
0.4948805460750853
0.49615384615384617
0.49666666666666665
0.49328859060402686
0.49477351916376305
0.4983277591973244
0.4945054945054945
0.5
0.49206349206349204
0.49110320284697506
0.49666666666666665
0.497907949790795
0.5
0.4930875576036866
0.4959677419354839
0.48854961832061067
0.43478260869565216
0.4925373134328358
0.4979253112033195
0.4889705882352941
0.490272373540856
0.49433962264150944
0.4946236559139785
0.49295774647887325
0.5
0.5
0.49333333333333335
0.5
0.49666666666666665
0.49666666666666665
0.5
0.49666666666666665
0.46987951807228917
0.49666666666666665
0.5
0.49666666666666665
0.49666666666666665
0.49666666666666665
0.5
0.5
0.49666666666666665
0.5
0.5033333333333333
0.5066666666666667
0.4827586206896552
0.5
0.49666666666666665
0.5033333333333333
0.5033333333333333
0.49666666666666665
0.47058823529411764
0.4895833333333333
0.5033333333333333
0.5
0.4444444444444444
0.5
0.49333333333333335
0.5
0.5
0.4819277108433735
0.49666666666666665
0.4810126582278481
0.5033333333333333
0.5
0.4666666666666667
0.49333333333333335
0.4929078014184397
0.5033333333333333
0.49666666666666665
0.4838709677419355
0.49666666666666665
0.49666666666666665
0.5
0.47368421052631576
0.5
0.49666666666666665
0.5033333333333333
0.5
0.5
0.49666666666666665
0.5033333333333333
0.5033333333333333
0.5033333333333333
0.5
0.5066666666666667
0.5033333333333333
0.4861111111111111
0.5
0.5033333333333333
0.49666666666666665
0.5033333333333333
0.5033333333333333
0.5
0.5
0.49666666666666665
0.5
0.5
0.5066666666666667
0.48148148148148145
0.5
0.5
0.5
0.49333333333333335
0.49333333333333335
0.5
0.5
0.5033333333333333
0.49666666666666665
0.5
0.5
0.49666666666666665
0.5
0.5
0.5
0.5
0.4696969696969697
0.49666666666666665
0.5033333333333333
0.5066666666666667
0.49666666666666665
0.49333333333333335
0.5
0.5
0.49407114624505927
0.4901185770750988
0.47058823529411764
0.4863636363636364
0.4881516587677725
0.48598130841121495
0.49504950495049505
0.45454545454545453
0.47619047619047616
0.5
0.47058823529411764
0.45
0.48704663212435234
0.4444444444444444
0.4845360824742268
0.49238578680203043
0.5
0.4943181818181818
0.49122807017543857
0.4842105263157895
0.5
0.4666666666666667
0.47282608695652173
0.4842105263157895
0.48255813953488375
0.4864864864864865
0.5
0.5
0.48704663212435234
0.4878048780487805
0.4803921568627451
0.5833333333333334
0.49238578680203043
0.48660714285714285
0.48372093023255813
0.47619047619047616
0.48514851485148514
0.4930875576036866
0.4881516587677725
0.4666666666666667
0.4854368932038835
0.4857142857142857
0.4881516587677725
0.5384615384615384
0.4869109947643979
0.4930875576036866
0.48598130841121495
0.49246231155778897
0.4857142857142857
0.5833333333333334
0.48292682926829267
0.47058823529411764
0.48878923766816146
0.4896907216494845
0.48756218905472637
0.4583333333333333
0.48514851485148514
0.5333333333333333
0.5294117647058824
0.46153846153846156
0.48823529411764705
0.4858757062146893
0.48756218905472637
0.4808743169398907
0.4888888888888889
0.49
0.4869109947643979
0.4787234042553192
0.4791666666666667
0.48756218905472637
0.49222797927461137
0.4842105263157895
0.49065420560747663
0.4854368932038835
0.4863636363636364
0.4900990099009901
0.49230769230769234
0.48743718592964824
0.489247311827957
0.48947368421052634
0.49019607843137253
0.47878787878787876
0.4816753926701571
0.4785276073619632
0.48295454545454547
0.47878787878787876
0.48255813953488375
0.48148148148148145
0.48148148148148145
0.4768211920529801
0.4861111111111111
0.4794520547945205
0.47183098591549294
0.4855072463768116
0.4768211920529801
0.47586206896551725
0.47761194029850745
0.4744525547445255
0.475177304964539
0.47244094488188976
0.4740740740740741
0.47619047619047616
0.464
0.4596774193548387
0.46853146853146854
0.46923076923076923
0.4701492537313433
0.4755244755244755
0.4748201438848921
0.4666666666666667
0.48175182481751827
0.4722222222222222
0.4772727272727273
0.4755244755244755
0.47368421052631576
0.47333333333333333
0.4689655172413793
0.47586206896551725
0.48026315789473684
0.47297297297297297
0.47019867549668876
0.4810126582278481
0.4583333333333333
0.47058823529411764
0.47674418604651164
0.4807692307692308
0.4857142857142857
0.47560975609756095
0.485
0.4827586206896552
0.4869109947643979
0.4864864864864865
0.48663101604278075
0.4900990099009901
0.48717948717948717
0.4925373134328358
0.48756218905472637
0.4911504424778761
0.4889867841409692
0.48878923766816146
0.4881516587677725
0.4908256880733945
0.49377593360995853
0.4892703862660944
0.492
0.4898785425101215
0.4908256880733945
0.49145299145299143
0.4898785425101215
0.4900398406374502
0.49056603773584906
0.488
0.49407114624505927
0.4963235294117647
0.491869918699187
0.49264705882352944
0.4944649446494465
0.49666666666666665
0.49477351916376305
