0.6666666666666666
0.38095238095238093
0.52
0.6666666666666666
0.5555555555555556
0.5306122448979592
0.46153846153846156
0.4666666666666667
0.48148148148148145
0.55
0.5957446808510638
0.6111111111111112
0.4444444444444444
0.6111111111111112
0.4594594594594595
0.36666666666666664
0.5789473684210527
0.4857142857142857
0.4166666666666667
0.5238095238095238
0.425531914893617
0.18181818181818182
0.5769230769230769
0.375
0.5
0.48
0.56
0.7692307692307693
0.5
0.47619047619047616
0.5192307692307693
0.6071428571428571
0.42857142857142855
0.4375
0.38461538461538464
0.4444444444444444
0.4603174603174603
0.4864864864864865
0.5405405405405406
0.5
0.47619047619047616
0.2
0.6923076923076923
0.5384615384615384
0.4745762711864407
0.55
0.45
0.5833333333333334
0.5769230769230769
0.46511627906976744
0.5769230769230769
0.47058823529411764
0.46808510638297873
0.5135135135135135
0.5
0.52
0.52
0.5428571428571428
0.43478260869565216
0.45517241379310347
0.42857142857142855
0.5212765957446809
0.4666666666666667
0.5161290322580645
0.4935064935064935
0.525
0.46153846153846156
0.5098039215686274
0.453125
0.5
0.5434782608695652
0.5454545454545454
0.5238095238095238
0.4791666666666667
0.4888888888888889
0.4878048780487805
0.44715447154471544
0.48598130841121495
0.4971751412429379
0.5688073394495413
0.5327868852459017
0.5603448275862069
0.48677248677248675
0.5294117647058824
0.5416666666666666
0.5625
0.5161290322580645
0.5144508670520231
0.5461538461538461
0.5172413793103449
0.5510204081632653
0.5066666666666667
0.5116279069767442
0.5364583333333334
0.5036496350364964
0.5166666666666667
0.49056603773584906
0.4866666666666667
0.48223350253807107
0.4819277108433735
0.49110320284697506
0.47368421052631576
0.4692982456140351
0.48148148148148145
0.48743718592964824
0.47876447876447875
0.478494623655914
0.45081967213114754
0.45454545454545453
0.46206896551724136
0.48627450980392156
0.47738693467336685
0.47802197802197804
0.46511627906976744
0.4713375796178344
0.4868913857677903
0.4951923076923077
0.48484848484848486
0.49333333333333335
0.4946808510638298
0.5
0.49666666666666665
0.5039370078740157
0.5033333333333333
0.49666666666666665
0.49666666666666665
0.4911242603550296
0.5034013605442177
0.49666666666666665
0.47904191616766467
0.5083333333333333
0.4875444839857651
0.49666666666666665
0.47619047619047616
0.509090909090909
0.49333333333333335
0.5100401606425703
0.5066666666666667
0.49
0.5
0.5
0.5
0.49324324324324326
0.5066666666666667
0.49333333333333335
0.49333333333333335
0.5066666666666667
0.5050505050505051
0.51
0.4866666666666667
0.49
0.48299319727891155
0.5
0.5033333333333333
0.5
0.49666666666666665
0.48333333333333334
0.49666666666666665
0.4918032786885246
0.5
0.5066666666666667
0.49666666666666665
0.49666666666666665
0.5033333333333333
0.5066666666666667
0.49
0.5
0.5033333333333333
0.49333333333333335
0.5033333333333333
0.5
0.5033333333333333
0.49666666666666665
0.49666666666666665
0.5
0.5033333333333333
0.49333333333333335
0.5033333333333333
0.5066666666666667
0.49666666666666665
0.5033333333333333
0.5
0.49333333333333335
0.5084745762711864
0.5151515151515151
0.5108695652173914
0.5079365079365079
0.5253164556962026
0.5238095238095238
0.515625
0.5238095238095238
0.5187165775401069
0.5163398692810458
0.5099009900990099
0.5222929936305732
0.5253164556962026
0.5140845070422535
0.5276073619631901
0.5241379310344828
0.5342465753424658
0.5214723926380368
0.538961038961039
0.5094339622641509
0.5266666666666666
0.5185185185185185
0.5508474576271186
0.5246913580246914
0.5228758169934641
0.5228758169934641
0.5310344827586206
0.5231788079470199
0.5302013422818792
0.5302013422818792
0.5413533834586466
0.5253164556962026
0.5244755244755245
0.5390625
0.5256410256410257
0.5302013422818792
0.5297297297297298
0.5246913580246914
0.5390070921985816
0.5244755244755245
0.5396825396825397
0.5294117647058824
0.5289855072463768
0.5248618784530387
0.5266666666666666
0.5253164556962026
0.53125
0.5348837209302325
0.543859649122807
0.5256410256410257
0.5217391304347826
0.5276073619631901
0.5398230088495575
0.5294117647058824
0.5294117647058824
0.5369127516778524
0.5287356321839081
0.5344827586206896
0.535031847133758
0.5294117647058824
0.5367647058823529
0.54421768707483
0.5284974093264249
0.5352112676056338
0.5403726708074534
0.5407407407407407
0.5535714285714286
0.5364238410596026
0.5266272189349113
0.5441176470588235
0.521978021978022
0.5348837209302325
0.535483870967742
0.5379310344827586
0.5290322580645161
0.5232558139534884
0.5202020202020202
0.5287356321839081
0.5202312138728323
0.5161290322580645
0.5
0.5162790697674419
0.5095057034220533
0.5117370892018779
0.5096525096525096
0.5093632958801498
0.5054945054945055
0.5066666666666667
0.5033333333333333
0.5040322580645161
0.5033333333333333
0.5110294117647058
0.5066666666666667
0.507537688442211
0.5126903553299492
0.514792899408284
0.516260162601626
0.52046783625731
0.517948717948718
0.5145985401459854
0.512280701754386
0.5133333333333333
0.5210526315789473
0.5231481481481481
0.5287356321839081
0.5167464114832536
0.5359477124183006
0.5202952029520295
0.5188679245283019
0.5152671755725191
0.5154639175257731
0.5428571428571428
0.512280701754386
0.51
0.5165289256198347
0.5191256830601093
0.51
0.5085470085470085
0.512280701754386
0.5066666666666667
0.51
0.5033333333333333
0.5033333333333333
0.5051903114186851
0.5033333333333333
0.5033333333333333
0.49666666666666665
0.5066666666666667
0.5
0.5066666666666667
0.49666666666666665
0.49666666666666665
0.5
0.5
0.5033333333333333
0.5033333333333333
0.5033333333333333
0.5033333333333333
0.49666666666666665
0.5033333333333333
0.5
0.49666666666666665
0.49333333333333335
0.5033333333333333
0.49666666666666665
0.5033333333333333
0.49666666666666665
0.5033333333333333
0.5
0.5033333333333333
0.5
0.5
0.5
0.49666666666666665
0.5033333333333333
0.5
0.49666666666666665
0.5066666666666667
0.5033333333333333
0.5
0.5
0.5
0.49666666666666665
0.5
0.5
0.5
0.49666666666666665
0.49666666666666665
0.5066666666666667
0.49666666666666665
0.5033333333333333
0.5033333333333333
0.5
0.5
0.5033333333333333
0.49666666666666665
0.5
0.5033333333333333
0.5
0.5
0.5
0.5033333333333333
0.5
0.5
0.5033333333333333
0.5066666666666667
0.5
0.49666666666666665
0.5
0.49666666666666665
0.49666666666666665
0.49333333333333335
0.49666666666666665
0.5033333333333333
0.5
0.49666666666666665
0.5
0.5
0.5033333333333333
0.49666666666666665
0.49666666666666665
0.49666666666666665
0.49333333333333335
0.49666666666666665
0.5
0.5
0.5033333333333333
0.5
0.49666666666666665
0.49666666666666665
0.5
0.5
0.49666666666666665
0.5
0.5060975609756098
0.49333333333333335
0.5033333333333333
0.5033333333333333
0.5
0.5
0.5033333333333333
0.5033333333333333
0.5
0.49333333333333335
0.5
0.49333333333333335
0.5
0.49666666666666665
0.5
0.5
0.5
0.5
0.49666666666666665
0.5033333333333333
0.49666666666666665
0.5033333333333333
0.5
0.49333333333333335
0.49206349206349204
0.5
0.49666666666666665
0.5
0.5
0.5
0.5
0.5
0.49666666666666665
0.49666666666666665
0.5033333333333333
0.5
0.49666666666666665
0.5
0.5033333333333333
0.5
0.5
0.49666666666666665
0.5
0.5
0.5033333333333333
0.5033333333333333
0.5
0.49666666666666665
0.49333333333333335
0.5
0.49666666666666665
0.5033333333333333
0.5
0.5
0.5
0.5
0.49333333333333335
0.5
0.5
0.5
0.5
0.5
0.5
0.49666666666666665
0.5
0.5
0.5033333333333333
0.49666666666666665
0.5033333333333333
0.49666666666666665
0.5
0.49666666666666665
0.49666666666666665
0.5
0.5
0.5
0.5
0.5
0.49666666666666665
0.49666666666666665
0.5
0.49666666666666665
0.5
0.5033333333333333
0.5033333333333333
0.49666666666666665
0.5
0.5
0.5
0.5
0.5
0.5
0.49666666666666665
0.49666666666666665
0.5
0.49666666666666665
0.49666666666666665
0.5
0.49666666666666665
0.5
0.5
0.5033333333333333
0.5
0.49666666666666665
0.5
0.49666666666666665
0.5
0.49666666666666665
0.5066666666666667
0.5
0.5033333333333333
0.5
0.5
0.5066666666666667
0.5066666666666667
0.49666666666666665
0.5
0.5
0.5033333333333333
0.5
0.5033333333333333
0.5033333333333333
0.5
0.5033333333333333
0.49666666666666665
0.49666666666666665
0.5
0.49666666666666665
0.5033333333333333
0.5
0.5
0.5066666666666667
0.49666666666666665
0.49666666666666665
0.49666666666666665
0.49333333333333335
0.5
0.5
0.5066666666666667
0.5
0.5
0.49666666666666665
0.5
0.49666666666666665
0.5
0.49666666666666665
0.5
0.5033333333333333
0.49333333333333335
0.49666666666666665
0.5033333333333333
0.49666666666666665
0.5
0.49666666666666665
0.5
0.49666666666666665
0.5
0.49333333333333335
0.5
0.49666666666666665
0.4961832061068702
0.5033333333333333
0.5
0.49171270718232046
0.49
0.49333333333333335
0.49666666666666665
0.49
0.49666666666666665
0.49645390070921985
0.49333333333333335
0.5
0.49666666666666665
0.49666666666666665
0.49666666666666665
0.49333333333333335
0.49333333333333335
0.47107438016528924
0.49333333333333335
0.48333333333333334
0.49333333333333335
0.49666666666666665
0.49666666666666665
0.4962121212121212
0.5043103448275862
0.510548523206751
0.49
0.49666666666666665
0.49333333333333335
0.49
0.49
0.49333333333333335
0.4866666666666667
0.49
0.4927536231884058
0.5042372881355932
0.49166666666666664
0.49666666666666665
0.49333333333333335
0.49333333333333335
0.49333333333333335
0.49
0.4866666666666667
0.5033333333333333
0.49666666666666665
0.49333333333333335
0.49
0.49333333333333335
0.49666666666666665
0.5
0.4946236559139785
0.49333333333333335
0.49333333333333335
0.49
0.49666666666666665
0.49666666666666665
0.49666666666666665
0.49666666666666665
0.47794117647058826
0.49666666666666665
0.49333333333333335
0.4928571428571429
0.49477351916376305
0.4897959183673469
0.49603174603174605
0.4930555555555556
0.49333333333333335
0.49230769230769234
0.49
0.49666666666666665
0.49645390070921985
0.49666666666666665
0.4732142857142857
0.48854961832061067
0.5
0.48598130841121495
0.49236641221374045
0.4895833333333333
0.49466192170818507
0.4909090909090909
0.49264705882352944
0.49666666666666665
0.4962686567164179
0.492
0.4981132075471698
0.48717948717948717
0.49387755102040815
0.49145299145299143
0.4935064935064935
0.47058823529411764
0.4933920704845815
0.5
0.4895397489539749
0.4868421052631579
0.4855769230769231
0.4959016393442623
0.49748743718592964
0.4895833333333333
0.49361702127659574
0.4722222222222222
0.4956521739130435
0.4881516587677725
0.4896265560165975
0.4959016393442623
0.4883720930232558
0.48704663212435234
0.49193548387096775
0.4915254237288136
0.49666666666666665
0.49480968858131485
0.4898785425101215
0.49466192170818507
0.5033333333333333
0.5
0.5
0.5
0.5
0.5
0.49666666666666665
0.5
0.5033333333333333
0.49333333333333335
0.49666666666666665
0.5
0.49333333333333335
0.49666666666666665
0.49666666666666665
0.5033333333333333
0.5
0.5
0.5066666666666667
0.49666666666666665
0.49666666666666665
0.5
0.49666666666666665
0.49666666666666665
0.49666666666666665
0.5
0.49666666666666665
0.49666666666666665
0.49666666666666665
0.49666666666666665
0.5033333333333333
0.5033333333333333
0.49666666666666665
0.49666666666666665
0.5033333333333333
0.49666666666666665
0.5
0.49264705882352944
0.4930555555555556
0.4943820224719101
0.49477351916376305
0.4956140350877193
0.48484848484848486
0.49074074074074076
0.49038461538461536
0.4956896551724138
0.48663101604278075
0.48325358851674644
0.4824120603015075
0.489247311827957
0.4898989898989899
0.4860335195530726
0.4845360824742268
0.48677248677248675
0.4827586206896552
0.4857142857142857
0.49473684210526314
0.48066298342541436
0.48484848484848486
0.48314606741573035
0.4869109947643979
0.4801980198019802
0.485
0.48672566371681414
0.48623853211009177
0.4888888888888889
0.49214659685863876
0.4908256880733945
0.49056603773584906
0.49523809523809526
0.4881516587677725
0.4955357142857143
0.4885844748858447
0.49137931034482757
0.4954954954954955
0.49748743718592964
0.49321266968325794
0.4925373134328358
0.49246231155778897
0.48756218905472637
0.49099099099099097
0.48372093023255813
0.4925373134328358
0.4875
0.48826291079812206
0.48660714285714285
0.4895833333333333
0.4900990099009901
0.48704663212435234
0.4885844748858447
0.4841628959276018
0.4866920152091255
0.48514851485148514
0.49372384937238495
0.49019607843137253
0.4928909952606635
0.49166666666666664
0.4907749077490775
0.4864864864864865
0.49809885931558934
0.49603174603174605
0.49454545454545457
0.4962121212121212
0.4897959183673469
0.4936708860759494
0.492
0.49612403100775193
0.49377593360995853
0.4931506849315068
0.49609375
0.4953271028037383
0.49074074074074076
0.49321266968325794
0.49019607843137253
0.49029126213592233
0.49282296650717705
0.4873096446700508
0.4951923076923077
0.4845360824742268
0.4880382775119617
0.4827586206896552
0.49238578680203043
0.49282296650717705
0.49038461538461536
0.4896907216494845
0.49074074074074076
0.4864864864864865
0.4824120603015075
0.49261083743842365
0.4930875576036866
0.49047619047619045
0.49528301886792453
0.4918032786885246
0.4921875
0.4930875576036866
0.4896907216494845
0.4908256880733945
0.49242424242424243
0.4909090909090909
0.4883720930232558
0.48868778280542985
0.4950980392156863
0.4885844748858447
0.4936708860759494
0.48792270531400966
0.4853801169590643
0.4885844748858447
0.4857142857142857
0.4868421052631579
0.4900990099009901
0.4824120603015075
0.49047619047619045
0.4888888888888889
0.4936708860759494
0.4930875576036866
0.49019607843137253
0.49
0.49504950495049505
0.49029126213592233
0.49107142857142855
0.49282296650717705
0.49387755102040815
0.49222797927461137
0.4930232558139535
0.48792270531400966
0.4935064935064935
0.4930875576036866
0.4959016393442623
0.49206349206349204
0.49246231155778897
0.4908424908424908
0.49645390070921985
0.49230769230769234
0.4930555555555556
0.4927007299270073
0.49333333333333335
0.49333333333333335
0.4983164983164983
0.49666666666666665
0.49333333333333335
0.5
0.49666666666666665
0.49333333333333335
0.4948805460750853
0.49666666666666665
0.49666666666666665
0.49
0.49666666666666665
0.5033333333333333
0.49666666666666665
0.49333333333333335
0.49666666666666665
0.49333333333333335
0.49666666666666665
0.5
0.49666666666666665
0.5
0.5
0.5
0.49666666666666665
0.5
0.5
0.5033333333333333
0.49666666666666665
0.5
0.49666666666666665
0.49333333333333335
0.49333333333333335
0.5
0.5
0.49333333333333335
0.5
0.5
0.49666666666666665
0.49666666666666665
0.4716981132075472
0.5
0.49666666666666665
0.49666666666666665
0.49666666666666665
0.49666666666666665
0.5
0.49823321554770317
0.5033333333333333
0.49666666666666665
0.5
0.49333333333333335
0.5
0.5
0.49666666666666665
0.49666666666666665
0.5
0.49666666666666665
0.5
0.5
0.5
0.5033333333333333
0.5033333333333333
0.5
0.49333333333333335
0.5033333333333333
0.5
0.5
0.5
0.5033333333333333
0.5
0.5033333333333333
0.5066666666666667
0.49333333333333335
0.49666666666666665
0.5
0.49666666666666665
0.5
0.49666666666666665
0.49666666666666665
0.5
0.49666666666666665
0.49666666666666665
0.5
0.5
0.49666666666666665
0.5
0.5
0.5
0.49666666666666665
0.5
0.5
0.49666666666666665
0.5033333333333333
0.49333333333333335
0.49666666666666665
0.49666666666666665
0.5033333333333333
0.49666666666666665
0.5
0.5
0.49666666666666665
0.49666666666666665
0.49333333333333335
0.5
0.5
0.5033333333333333
0.5
0.5
0.49666666666666665
0.49666666666666665
0.5
0.5
0.49666666666666665
0.5033333333333333
0.49666666666666665
0.49666666666666665
0.5
0.5
0.49666666666666665
0.5
0.5
0.5
0.5033333333333333
0.49666666666666665
0.5
0.5
0.49666666666666665
0.5
0.49666666666666665
0.5
0.49666666666666665
0.5
0.49666666666666665
0.49666666666666665
0.5033333333333333
0.49666666666666665
0.5033333333333333
0.49666666666666665
0.5
0.5
0.5
0.49666666666666665
0.5
0.5
0.49666666666666665
0.5
0.49666666666666665
0.5
0.5
0.49666666666666665
0.5
0.5
0.5
0.49666666666666665
0.5
