0.5555555555555556
0.6666666666666666
0.5625
0.6
0.5
0.5666666666666667
0.5
0.4444444444444444
0.5128205128205128
0.5681818181818182
0.5483870967741935
0.5238095238095238
0.5625
0.5531914893617021
0.44594594594594594
0.5
0.631578947368421
0.5818181818181818
0.5263157894736842
0.4375
0.55
0.5
0.6
0.47368421052631576
0.5185185185185185
0.5333333333333333
0.47058823529411764
0.5
0.5
0.6060606060606061
0.5333333333333333
0.5789473684210527
0.4634146341463415
0.5135135135135135
0.5263157894736842
0.5
0.5714285714285714
0.5192307692307693
0.4827586206896552
0.5714285714285714
0.5882352941176471
0.5714285714285714
0.5555555555555556
0.5454545454545454
0.5172413793103449
0.46078431372549017
0.5161290322580645
0.5357142857142857
0.5333333333333333
0.5172413793103449
0.4878048780487805
0.5333333333333333
0.5625
0.5294117647058824
0.47619047619047616
0.48148148148148145
0.4482758620689655
0.47058823529411764
0.5263157894736842
0.5714285714285714
0.5161290322580645
0.5263157894736842
0.5151515151515151
0.5714285714285714
0.4864864864864865
0.5161290322580645
0.5217391304347826
0.5
0.4537037037037037
0.5185185185185185
0.5882352941176471
0.45454545454545453
0.5428571428571428
0.5238095238095238
0.64
0.5555555555555556
0.5
0.49056603773584906
0.5135135135135135
0.52
0.5833333333333334
0.4864864864864865
0.5652173913043478
0.53125
0.48484848484848486
0.5098039215686274
0.55
0.6428571428571429
0.4782608695652174
0.47368421052631576
0.625
0.5909090909090909
0.6470588235294118
0.5909090909090909
0.5789473684210527
0.4666666666666667
0.65
0.5454545454545454
0.5714285714285714
0.5
0.5555555555555556
0.5384615384615384
0.5
0.5714285714285714
0.5714285714285714
0.6428571428571429
0.45161290322580644
0.5238095238095238
0.5625
0.5263157894736842
0.4457831325301205
0.4642857142857143
0.42857142857142855
0.5
0.5
0.5263157894736842
0.47368421052631576
0.5
0.5384615384615384
0.5
0.7272727272727273
0.5789473684210527
0.5454545454545454
0.5
0.5
0.5
0.5882352941176471
0.6086956521739131
0.48
0.4827586206896552
0.5909090909090909
0.5319148936170213
0.4827586206896552
0.5357142857142857
0.631578947368421
0.5714285714285714
0.5555555555555556
0.5882352941176471
0.5454545454545454
0.5
0.7142857142857143
0.4444444444444444
0.5
0.6363636363636364
0.5714285714285714
0.4782608695652174
0.5789473684210527
0.56
0.45454545454545453
0.5384615384615384
0.5217391304347826
0.5217391304347826
0.5294117647058824
0.5454545454545454
0.4827586206896552
0.6153846153846154
0.5789473684210527
0.55
0.5
0.5161290322580645
0.42105263157894735
0.4666666666666667
0.5111111111111111
0.6470588235294118
0.4845360824742268
0.6
0.5806451612903226
0.5714285714285714
0.4782608695652174
0.46511627906976744
0.5625
0.5263157894736842
0.5
0.4931506849315068
0.55
0.5
0.43902439024390244
0.6428571428571429
0.6086956521739131
0.7
0.4647887323943662
0.5142857142857142
0.6111111111111112
0.5
0.5789473684210527
0.5
0.6
0.4691358024691358
0.625
0.52
0.6111111111111112
0.5625
0.5121951219512195
0.5789473684210527
0.5
0.5833333333333334
0.6
0.6
0.5263157894736842
0.4375
0.75
0.5384615384615384
0.5172413793103449
0.5909090909090909
0.5135135135135135
0.5909090909090909
0.5172413793103449
0.56
0.4642857142857143
0.5833333333333334
0.5
0.52
0.5
0.6
0.5294117647058824
0.46875
0.5263157894736842
0.625
0.4666666666666667
0.6666666666666666
0.5
0.47058823529411764
0.5714285714285714
0.4722222222222222
0.5
0.5059523809523809
0.5
0.5882352941176471
0.4583333333333333
0.5333333333333333
0.47368421052631576
0.5
0.48936170212765956
0.47619047619047616
0.4803921568627451
0.5185185185185185
0.5217391304347826
0.6071428571428571
0.55
0.5263157894736842
0.5333333333333333
0.45454545454545453
0.5333333333333333
0.5352112676056338
0.5
0.5185185185185185
0.5217391304347826
0.5789473684210527
0.48936170212765956
0.5263157894736842
0.5
0.5217391304347826
0.6428571428571429
0.48148148148148145
0.55
0.4857142857142857
0.46153846153846156
0.45454545454545453
0.5416666666666666
0.5405405405405406
0.5
0.5142857142857142
0.5789473684210527
0.5
0.5833333333333334
0.525
0.5238095238095238
0.43157894736842106
0.45454545454545453
0.5333333333333333
0.5294117647058824
0.5131578947368421
0.55
0.625
0.5172413793103449
0.5277777777777778
0.5333333333333333
0.5
0.625
0.5625
0.5714285714285714
0.5384615384615384
0.5
0.6
0.5428571428571428
0.5476190476190477
0.55
0.5263157894736842
0.5
0.5833333333333334
0.44
0.4722222222222222
0.5
0.5
0.5
0.5121951219512195
0.5882352941176471
0.5625
0.52
0.4782608695652174
0.6153846153846154
0.5789473684210527
0.5454545454545454
0.488
0.5263157894736842
0.48148148148148145
0.5909090909090909
0.5
0.5384615384615384
0.625
0.4444444444444444
0.5454545454545454
0.515625
0.6428571428571429
0.5238095238095238
0.4482758620689655
0.5223880597014925
0.5217391304347826
0.5882352941176471
0.5384615384615384
0.46808510638297873
0.5769230769230769
0.5416666666666666
0.4411764705882353
0.46875
0.5238095238095238
0.4666666666666667
0.55
0.4782608695652174
0.4838709677419355
0.5
0.5625
0.5833333333333334
0.45161290322580644
0.5
0.5
0.5185185185185185
0.5
0.5
0.6
0.4857142857142857
0.52
0.4444444444444444
0.55
0.4825174825174825
0.48148148148148145
0.4444444444444444
0.5384615384615384
0.5
0.5294117647058824
0.5
0.4765625
0.5555555555555556
0.46153846153846156
0.5
0.5454545454545454
0.4782608695652174
0.5625
0.5
0.48148148148148145
0.53125
0.5625
0.5263157894736842
0.5294117647058824
0.6
0.5
0.5
0.4722222222222222
0.6363636363636364
0.5172413793103449
0.48148148148148145
0.5185185185185185
0.5625
0.5454545454545454
0.525
0.5961538461538461
0.5142857142857142
0.5714285714285714
0.5714285714285714
0.5
0.5789473684210527
0.4827586206896552
0.525
0.42424242424242425
0.5405405405405406
0.5
0.5
0.4838709677419355
0.5
0.47619047619047616
0.5714285714285714
0.5714285714285714
0.5
0.5882352941176471
0.5
0.5263157894736842
0.6
0.5
0.5
0.55
0.4523809523809524
0.6
0.6153846153846154
0.6428571428571429
0.45454545454545453
0.5
0.5652173913043478
0.6470588235294118
0.4782608695652174
0.4838709677419355
0.6666666666666666
0.5517241379310345
0.5625
0.4642857142857143
0.5185185185185185
0.5769230769230769
0.6153846153846154
0.5357142857142857
0.5416666666666666
0.48148148148148145
0.5
0.5454545454545454
0.4788732394366197
0.47058823529411764
0.6190476190476191
0.5283018867924528
0.5
0.6153846153846154
0.5714285714285714
0.5833333333333334
0.48
0.59375
0.44680851063829785
0.5
0.5384615384615384
0.4782608695652174
0.52
0.5
0.5
0.5
0.5333333333333333
0.5
0.5806451612903226
0.5185185185185185
0.5
0.5384615384615384
0.5416666666666666
0.52
0.5
0.5
0.5769230769230769
0.5111111111111111
0.5714285714285714
0.5
0.5
0.5625
0.5294117647058824
0.55
0.5
0.5
0.5060240963855421
0.7647058823529411
0.5625
0.6190476190476191
0.5714285714285714
0.5714285714285714
0.5151515151515151
0.38961038961038963
0.6666666666666666
0.4666666666666667
0.7272727272727273
0.5909090909090909
0.46153846153846156
0.6190476190476191
0.5
0.5151515151515151
0.5185185185185185
0.5714285714285714
0.5185185185185185
0.5625
0.4883720930232558
0.5294117647058824
0.5217391304347826
0.5882352941176471
0.5882352941176471
0.5
0.6923076923076923
0.5
0.5142857142857142
0.47058823529411764
0.4583333333333333
0.5
0.5833333333333334
0.4838709677419355
0.5
0.6190476190476191
0.5263157894736842
0.5161290322580645
0.5151515151515151
0.5625
0.5
0.5909090909090909
0.5625
0.5263157894736842
0.5
0.55
0.4642857142857143
0.5
0.5833333333333334
0.6086956521739131
0.47619047619047616
0.5135135135135135
0.5454545454545454
0.5263157894736842
0.6046511627906976
0.5925925925925926
0.55
0.48
0.46153846153846156
0.5333333333333333
0.4634146341463415
0.46153846153846156
0.47368421052631576
0.5384615384615384
0.6
0.5142857142857142
0.5555555555555556
0.4583333333333333
0.5357142857142857
0.5714285714285714
0.52
0.5454545454545454
0.4883720930232558
0.5
0.4772727272727273
0.5833333333333334
0.4444444444444444
0.55
0.5238095238095238
0.5
0.5238095238095238
0.5
0.5185185185185185
0.7272727272727273
0.7
0.5151515151515151
0.6111111111111112
0.5714285714285714
0.7272727272727273
0.4945054945054945
0.5294117647058824
0.5
0.5416666666666666
0.4864864864864865
0.494949494949495
0.5588235294117647
0.53125
0.5333333333333333
0.4782608695652174
0.4482758620689655
0.4594594594594595
0.5666666666666667
0.5238095238095238
0.5263157894736842
0.42857142857142855
0.5714285714285714
0.5
0.5
0.5227272727272727
0.5
0.47761194029850745
0.5333333333333333
0.5882352941176471
0.5
0.5
0.7
0.5263157894736842
0.5263157894736842
0.5625
0.4609375
0.5
0.48333333333333334
0.5641025641025641
0.6153846153846154
0.5714285714285714
0.49056603773584906
0.5151515151515151
0.5714285714285714
0.5
0.5833333333333334
0.5
0.5294117647058824
0.6
0.6363636363636364
0.4583333333333333
0.5185185185185185
0.4666666666666667
0.8181818181818182
0.5
0.5
0.5714285714285714
0.631578947368421
0.5789473684210527
0.6086956521739131
0.6
0.5
0.5121951219512195
0.5625
0.5217391304347826
0.5263157894736842
0.4878048780487805
0.48
0.6666666666666666
0.6333333333333333
0.5833333333333334
0.5714285714285714
0.4444444444444444
0.46153846153846156
0.5384615384615384
0.5555555555555556
0.625
0.5306122448979592
0.5
0.5172413793103449
0.5
0.6153846153846154
0.46153846153846156
0.48717948717948717
0.5263157894736842
0.5714285714285714
0.5333333333333333
0.7692307692307693
0.43243243243243246
0.4782608695652174
0.6
0.5517241379310345
0.5454545454545454
0.5
0.5625
0.631578947368421
0.6153846153846154
0.5294117647058824
0.5625
0.5882352941176471
0.52
0.5
0.56
0.7333333333333333
0.5238095238095238
0.75
0.5294117647058824
0.4594594594594595
0.5882352941176471
0.45
0.7333333333333333
0.5789473684210527
0.44
0.5
0.5454545454545454
0.6428571428571429
0.5862068965517241
0.47368421052631576
0.6923076923076923
0.5882352941176471
0.4482758620689655
0.5
0.5625
0.4482758620689655
0.5263157894736842
0.56
0.46
0.6428571428571429
0.5666666666666667
0.4782608695652174
0.7692307692307693
0.6666666666666666
0.5
0.5263157894736842
0.5454545454545454
0.5
0.6923076923076923
0.5217391304347826
0.6666666666666666
0.44871794871794873
0.5789473684210527
0.5517241379310345
0.55
0.5294117647058824
0.6
0.5
0.631578947368421
0.5217391304347826
0.7
0.5
0.5833333333333334
0.55
0.5142857142857142
0.48
0.46153846153846156
0.56
0.5555555555555556
0.5714285714285714
0.6666666666666666
0.5555555555555556
0.5
0.5
0.5333333333333333
0.48
0.5384615384615384
0.5238095238095238
0.5405405405405406
0.52
0.5238095238095238
0.5076923076923077
0.5384615384615384
0.55
0.46153846153846156
0.5217391304347826
0.4936708860759494
0.5
0.46153846153846156
0.5625
0.5
0.6153846153846154
0.5
0.5416666666666666
0.5
0.5263157894736842
0.5
0.5609756097560976
0.4666666666666667
0.5
0.42045454545454547
0.6111111111111112
0.4583333333333333
0.48484848484848486
0.6
0.4594594594594595
0.6666666666666666
0.6
0.48484848484848486
0.48717948717948717
0.5172413793103449
0.5405405405405406
0.45454545454545453
0.48148148148148145
0.5142857142857142
0.5
0.4864864864864865
0.6153846153846154
0.41
0.5789473684210527
0.47619047619047616
0.46296296296296297
0.5714285714285714
0.5409836065573771
0.5
0.48484848484848486
0.7272727272727273
0.45714285714285713
0.5454545454545454
0.5882352941176471
0.6428571428571429
0.47058823529411764
0.55
0.6206896551724138
0.5263157894736842
0.5263157894736842
0.5789473684210527
0.5217391304347826
0.4722222222222222
0.5
0.5416666666666666
0.7142857142857143
0.48514851485148514
0.5833333333333334
0.6470588235294118
0.48148148148148145
0.5454545454545454
0.5806451612903226
0.6428571428571429
0.5294117647058824
0.6153846153846154
0.6
0.4444444444444444
0.4883720930232558
0.5769230769230769
0.46875
0.5294117647058824
0.5217391304347826
0.5
0.5833333333333334
0.5555555555555556
0.5384615384615384
0.5
0.5409836065573771
0.53125
0.5454545454545454
0.4782608695652174
0.5652173913043478
0.5714285714285714
0.625
0.7272727272727273
0.5384615384615384
0.5769230769230769
0.5161290322580645
0.6176470588235294
0.5517241379310345
0.6
0.5
0.5294117647058824
0.5333333333333333
0.5789473684210527
0.8
0.45161290322580644
0.6111111111111112
0.4772727272727273
0.55
0.4666666666666667
0.5
0.6153846153846154
0.4838709677419355
0.5151515151515151
0.6666666666666666
0.5789473684210527
0.5
0.5384615384615384
0.4782608695652174
0.5416666666666666
0.48148148148148145
0.47058823529411764
0.52
0.47560975609756095
0.49206349206349204
0.42592592592592593
0.5909090909090909
0.45454545454545453
0.6052631578947368
0.46153846153846156
0.5396825396825397
0.5588235294117647
0.47619047619047616
0.5454545454545454
0.5625
0.5714285714285714
0.5263157894736842
0.5416666666666666
0.4666666666666667
0.48148148148148145
0.4675324675324675
0.75
0.6153846153846154
0.5714285714285714
0.5
0.4411764705882353
0.5714285714285714
0.7
0.5625
0.48148148148148145
0.5714285714285714
0.5238095238095238
0.6153846153846154
0.5
0.5
0.5882352941176471
0.625
0.7
0.5185185185185185
0.4482758620689655
0.5135135135135135
0.45454545454545453
0.5714285714285714
0.5294117647058824
0.47619047619047616
0.5769230769230769
0.6875
0.6428571428571429
0.5294117647058824
0.41935483870967744
0.5
0.625
0.55
0.6875
0.5142857142857142
0.47368421052631576
0.5217391304347826
0.4444444444444444
0.53125
0.625
0.6153846153846154
0.7058823529411765
0.625
0.45454545454545453
0.5217391304347826
0.5
0.5555555555555556
0.5
0.5714285714285714
0.5882352941176471
0.48148148148148145
0.52
0.5
0.5333333333333333
0.6111111111111112
0.6428571428571429
0.44
0.46153846153846156
0.6666666666666666
0.5217391304347826
0.6521739130434783
0.5909090909090909
0.5625
0.5384615384615384
0.5
0.5135135135135135
0.5294117647058824
0.5454545454545454
0.6153846153846154
0.5263157894736842
0.5714285714285714
0.45454545454545453
0.5714285714285714
0.4722222222222222
0.5357142857142857
0.5333333333333333
0.5652173913043478
0.5238095238095238
0.5151515151515151
0.5
0.5614035087719298
0.5
0.56
0.5666666666666667
0.49411764705882355
0.5
0.5
0.5714285714285714
0.48
0.5
0.6
0.5116279069767442
0.4883720930232558
0.55
0.5416666666666666
0.5333333333333333
0.5333333333333333
0.6470588235294118
0.5454545454545454
0.5
0.5384615384615384
0.5
0.47619047619047616
0.6111111111111112
0.5789473684210527
0.6363636363636364
0.5490196078431373
0.53125
0.48
0.5357142857142857
0.5151515151515151
0.5
0.5
0.525
0.6428571428571429
0.5357142857142857
0.5416666666666666
0.5
0.7272727272727273
0.6111111111111112
0.6428571428571429
0.5789473684210527
0.5666666666666667
0.47058823529411764
0.5625
0.5111111111111111
0.5306122448979592
0.4838709677419355
0.5384615384615384
0.5833333333333334
0.5
0.46875
0.5185185185185185
0.4716981132075472
0.4791666666666667
0.5217391304347826
0.4375
0.5333333333333333
0.55
0.5625
0.5384615384615384
0.5555555555555556
0.4666666666666667
0.5
0.5121951219512195
0.5454545454545454
0.5555555555555556
0.5
0.5263157894736842
0.575
0.47368421052631576
