0.3684210526315789
0.3333333333333333
0.6428571428571429
0.5
0.43478260869565216
0.6470588235294118
0.5714285714285714
0.4
0.5675675675675675
0.5238095238095238
0.5
0.7333333333333333
0.4166666666666667
0.48148148148148145
0.42105263157894735
0.5
0.42105263157894735
0.52
0.7058823529411765
0.4666666666666667
0.7142857142857143
0.6923076923076923
0.5666666666666667
0.35294117647058826
0.62
0.375
0.38095238095238093
0.47619047619047616
0.46875
0.5294117647058824
0.6923076923076923
0.47619047619047616
0.45161290322580644
0.5176470588235295
0.5217391304347826
0.5384615384615384
0.75
0.5238095238095238
0.46153846153846156
0.46153846153846156
0.5625
0.5116279069767442
0.49382716049382713
0.5208333333333334
0.5172413793103449
0.4583333333333333
0.5909090909090909
0.5283018867924528
0.4666666666666667
0.525
0.6
0.42105263157894735
0.5238095238095238
0.5280898876404494
0.5333333333333333
0.5238095238095238
0.4857142857142857
0.5111111111111111
0.5067567567567568
0.48936170212765956
0.6111111111111112
0.5057471264367817
0.4864864864864865
0.5294117647058824
0.5
0.4772727272727273
0.5714285714285714
0.5357142857142857
0.45454545454545453
0.5538461538461539
0.494949494949495
0.4791666666666667
0.5384615384615384
0.47474747474747475
0.4636363636363636
0.4722222222222222
0.527027027027027
0.5
0.45454545454545453
0.49122807017543857
0.48484848484848486
0.5058823529411764
0.56
0.47692307692307695
0.5
0.5347222222222222
0.4954954954954955
0.5588235294117647
0.5344827586206896
0.5
0.5625
0.5
0.5384615384615384
0.45454545454545453
0.5089820359281437
0.5
0.47761194029850745
0.5232558139534884
0.5106382978723404
0.47802197802197804
0.45161290322580644
0.4943820224719101
0.4797979797979798
0.46
0.49333333333333335
0.4954954954954955
0.4878048780487805
0.4928571428571429
0.5046728971962616
0.44
0.47368421052631576
0.5263157894736842
0.5066666666666667
0.45528455284552843
0.4845360824742268
0.512
0.49666666666666665
0.44086021505376344
0.4909090909090909
0.5033333333333333
0.5016835016835017
0.4827586206896552
0.4879518072289157
0.5117845117845118
0.4789915966386555
0.481981981981982
0.49666666666666665
0.5066666666666667
0.4580152671755725
0.4620253164556962
0.5099009900990099
0.4835164835164835
0.49333333333333335
0.4840182648401826
0.49110320284697506
0.47058823529411764
0.4717948717948718
0.4864864864864865
0.4727272727272727
0.4827586206896552
0.4645161290322581
0.48091603053435117
0.47619047619047616
0.4834123222748815
0.4691358024691358
0.5086206896551724
0.4791666666666667
0.5084033613445378
0.4322033898305085
0.48128342245989303
0.4797979797979798
0.47413793103448276
0.4782608695652174
0.4745098039215686
0.5316455696202531
0.44666666666666666
0.5152838427947598
0.5178571428571429
0.5033333333333333
0.45751633986928103
0.4647058823529412
0.5374149659863946
0.4774774774774775
0.46994535519125685
0.4777327935222672
0.45394736842105265
0.4630541871921182
0.5215827338129496
0.4632768361581921
0.5211864406779662
0.4507042253521127
0.4634146341463415
0.47959183673469385
0.4703196347031963
0.46596858638743455
0.5229007633587787
0.5319148936170213
0.549618320610687
0.46206896551724136
0.5414012738853503
0.532608695652174
0.4566929133858268
0.4626865671641791
0.5398773006134969
0.5384615384615384
0.4666666666666667
0.5365853658536586
0.5394736842105263
0.4632352941176471
0.5294117647058824
0.5348837209302325
0.5584415584415584
0.5272727272727272
0.4713375796178344
0.5316455696202531
0.5310344827586206
0.5390625
0.5333333333333333
0.5378151260504201
0.5657894736842105
0.45081967213114754
0.5510204081632653
0.5483870967741935
0.55
0.5362318840579711
0.5490196078431373
0.53125
0.5625
0.5289855072463768
0.5222929936305732
0.5343511450381679
0.5277777777777778
0.5434782608695652
0.5327102803738317
0.4744186046511628
0.5514018691588785
0.48205128205128206
0.5224489795918368
0.5413533834586466
0.543859649122807
0.5454545454545454
0.5251798561151079
0.5273972602739726
0.47368421052631576
0.47305389221556887
0.5367647058823529
0.4745762711864407
0.5294117647058824
0.45
0.5416666666666666
0.5448275862068965
0.5367647058823529
0.46236559139784944
0.4725274725274725
0.4723618090452261
0.5363128491620112
0.5337837837837838
0.47058823529411764
0.47368421052631576
0.46540880503144655
0.4723926380368098
0.5252100840336135
0.4790697674418605
0.5416666666666666
0.49
0.5238095238095238
0.5201793721973094
0.5202020202020202
0.5192307692307693
0.48091603053435117
0.5251141552511416
0.4691358024691358
0.5271739130434783
0.5413533834586466
0.5168918918918919
0.5236051502145923
0.52
0.48068669527896996
0.47555555555555556
0.4861111111111111
0.47019867549668876
0.4739583333333333
0.47549019607843135
0.49666666666666665
0.4875444839857651
0.5374149659863946
0.4723618090452261
0.5033333333333333
0.48091603053435117
0.4725274725274725
0.4828767123287671
0.5135135135135135
0.5193370165745856
0.5362318840579711
0.48846153846153845
0.5186721991701245
0.527027027027027
0.5168067226890757
0.5161290322580645
0.5133333333333333
0.5158730158730159
0.5166666666666667
0.49666666666666665
0.5204918032786885
0.5180180180180181
0.5260115606936416
0.5098814229249012
0.5226130653266332
0.5203619909502263
0.5198237885462555
0.5240963855421686
0.52
0.5185185185185185
0.5263157894736842
0.5172413793103449
0.5141700404858299
0.5214007782101168
0.5164319248826291
0.5289855072463768
0.516
0.5135135135135135
0.5128205128205128
0.5177664974619289
0.518918918918919
0.5212765957446809
0.5217391304347826
0.5107296137339056
0.5217391304347826
0.5257142857142857
0.52046783625731
0.517948717948718
0.5275590551181102
0.5219512195121951
0.5151515151515151
0.5223880597014925
0.5340909090909091
0.5294117647058824
0.5246913580246914
0.5324675324675324
0.5328467153284672
0.535031847133758
0.5478260869565217
0.5343511450381679
0.5263157894736842
0.5364238410596026
0.5316455696202531
0.5643564356435643
0.5390070921985816
0.5426356589147286
0.5588235294117647
0.5267175572519084
0.5434782608695652
0.5419847328244275
0.5289855072463768
0.5426356589147286
0.5384615384615384
0.5596330275229358
0.5191256830601093
0.5338983050847458
0.5246913580246914
0.5403225806451613
0.53125
0.5228758169934641
0.53125
0.5146198830409356
0.5272727272727272
0.5157894736842106
0.5333333333333333
0.527027027027027
0.5220125786163522
0.5217391304347826
0.5118483412322274
0.5120772946859904
0.5161290322580645
0.516
0.5130434782608696
0.5117370892018779
0.5162790697674419
0.5150214592274678
0.5084033613445378
0.5085470085470085
0.5125
0.5128205128205128
0.5085714285714286
0.5
0.5043478260869565
0.5127272727272727
0.5110132158590308
0.5067567567567568
0.5076923076923077
0.5098814229249012
0.5103734439834025
0.5066666666666667
0.5152542372881356
0.5109170305676856
0.5104602510460251
0.5033333333333333
0.5144927536231884
0.5033333333333333
0.5111111111111111
0.5142857142857142
0.5138888888888888
0.5116279069767442
0.5066666666666667
0.5128205128205128
0.5176991150442478
0.5103734439834025
0.5043478260869565
0.5067873303167421
0.5191489361702127
0.5128205128205128
0.515748031496063
0.5141509433962265
0.5131578947368421
0.5163398692810458
0.5136363636363637
0.5128205128205128
0.527027027027027
0.5175438596491229
0.5165876777251185
0.5120967741935484
0.515625
0.5164835164835165
0.5114155251141552
0.5099009900990099
0.51875
0.5123152709359606
0.5117370892018779
0.5159574468085106
0.5071090047393365
0.5146443514644351
0.5135135135135135
0.5155555555555555
0.5142857142857142
0.5195530726256983
0.521551724137931
0.5209580838323353
0.532051282051282
0.5157894736842106
0.5240963855421686
0.5230769230769231
0.5230769230769231
0.5290322580645161
0.5198019801980198
0.5193370165745856
0.5259259259259259
0.5195530726256983
0.5314685314685315
0.532258064516129
0.5232558139534884
0.5307692307692308
0.5220125786163522
0.5212121212121212
0.5172413793103449
0.5365853658536586
0.5268817204301075
0.5260416666666666
0.5325443786982249
0.5222222222222223
0.5217391304347826
0.53125
0.5263157894736842
0.5177664974619289
0.5235294117647059
0.52046783625731
0.5208333333333334
0.5158730158730159
0.5327868852459017
0.5137254901960784
0.5243243243243243
0.5169811320754717
0.515748031496063
0.5175438596491229
0.51
0.5202020202020202
0.51
0.5066666666666667
0.49666666666666665
0.5
0.5066666666666667
0.5066666666666667
0.49333333333333335
0.4870848708487085
0.5
0.49019607843137253
0.49070631970260226
0.4805194805194805
0.4827586206896552
0.484251968503937
0.4744897959183674
0.48314606741573035
0.4863636363636364
0.47878787878787876
0.47619047619047616
0.4782608695652174
0.4734042553191489
0.4817073170731707
0.47619047619047616
0.4810810810810811
0.4817073170731707
0.4808743169398907
0.48034934497816595
0.4742857142857143
0.4745762711864407
0.47435897435897434
0.47191011235955055
0.475
0.4645161290322581
0.4772727272727273
0.4745762711864407
0.47540983606557374
0.48633879781420764
0.47540983606557374
0.477124183006536
0.4658385093167702
0.47701149425287354
0.4634146341463415
0.47674418604651164
0.47953216374269003
0.46774193548387094
0.4745762711864407
0.4713375796178344
0.4675324675324675
0.474025974025974
0.47019867549668876
0.4642857142857143
0.4782608695652174
0.4678362573099415
0.46206896551724136
0.4731182795698925
0.4659090909090909
0.47560975609756095
0.46153846153846156
0.47802197802197804
0.47023809523809523
0.47058823529411764
0.47651006711409394
0.47368421052631576
0.4652777777777778
0.4580152671755725
0.4713375796178344
0.46835443037974683
0.47701149425287354
0.47058823529411764
0.46206896551724136
0.4626865671641791
0.474025974025974
0.46875
0.4713375796178344
0.461038961038961
0.4722222222222222
0.46357615894039733
0.4594594594594595
0.46153846153846156
0.47333333333333333
0.4720496894409938
0.4620253164556962
0.46540880503144655
0.4601226993865031
0.4657534246575342
0.47619047619047616
0.4787234042553192
0.4722222222222222
0.46206896551724136
0.4689655172413793
0.4685714285714286
0.48125
0.4742857142857143
0.463768115942029
0.4777777777777778
0.47560975609756095
0.46405228758169936
0.46511627906976744
0.47619047619047616
0.4658385093167702
0.47058823529411764
0.47297297297297297
0.47368421052631576
0.4675324675324675
0.475
0.4756756756756757
0.4734042553191489
0.4742857142857143
0.47572815533980584
0.47468354430379744
0.46206896551724136
0.47674418604651164
0.47333333333333333
0.4691358024691358
0.47668393782383417
0.4722222222222222
0.46706586826347307
0.47560975609756095
0.47282608695652173
0.4838709677419355
0.47959183673469385
0.4824120603015075
0.4876847290640394
0.4782608695652174
0.48497854077253216
0.4827586206896552
0.47572815533980584
0.48258706467661694
0.4745762711864407
0.48333333333333334
0.4897959183673469
0.4861111111111111
0.48360655737704916
0.48936170212765956
0.4867924528301887
0.5
0.49328859060402686
0.49193548387096775
0.4927007299270073
0.49666666666666665
0.4882943143812709
0.49
0.4964788732394366
0.49666666666666665
0.4901185770750988
0.49
0.49333333333333335
0.4931972789115646
0.49
0.49333333333333335
0.4931972789115646
0.49310344827586206
0.49666666666666665
0.4866666666666667
0.4897260273972603
0.49333333333333335
0.4939759036144578
0.49049429657794674
0.4942084942084942
0.4890829694323144
0.4852941176470588
0.48936170212765956
0.4900398406374502
0.4829059829059829
0.4939759036144578
0.4858490566037736
0.48695652173913045
0.4827586206896552
0.4838709677419355
0.48660714285714285
0.4897959183673469
0.48717948717948717
0.48756218905472637
0.4801762114537445
0.48878923766816146
0.4890829694323144
0.4897119341563786
0.4883720930232558
0.49034749034749037
0.49056603773584906
0.49361702127659574
0.4846938775510204
0.48878923766816146
0.48360655737704916
0.4925925925925926
0.4831932773109244
0.4888888888888889
0.4892703862660944
0.4845814977973568
0.4908256880733945
0.49344978165938863
0.4889705882352941
0.4859437751004016
0.48523206751054854
0.4888888888888889
0.49344978165938863
0.488
0.48878923766816146
0.4911504424778761
0.49049429657794674
0.4927536231884058
0.4793388429752066
0.4851063829787234
0.4835680751173709
0.48936170212765956
0.4827586206896552
0.4847328244274809
0.4856115107913669
0.48221343873517786
0.48917748917748916
0.48727272727272725
0.49230769230769234
0.4860557768924303
0.4900398406374502
0.4944237918215613
0.49333333333333335
0.49
0.49264705882352944
0.5
0.5
0.49333333333333335
0.49645390070921985
0.49333333333333335
0.49666666666666665
0.49666666666666665
0.49666666666666665
0.5
0.5
0.5
0.49666666666666665
0.5033333333333333
0.5
0.5
0.5033333333333333
0.5033333333333333
0.49666666666666665
0.49666666666666665
0.5
0.5033333333333333
0.5089285714285714
0.49666666666666665
0.5033333333333333
0.5
0.5
0.5
0.5
0.49666666666666665
0.5033333333333333
0.49666666666666665
0.49333333333333335
0.49333333333333335
0.5
0.5066666666666667
0.5
0.49333333333333335
0.5066666666666667
0.5033333333333333
0.5
0.5
0.49666666666666665
0.49333333333333335
0.49666666666666665
0.49333333333333335
0.49666666666666665
0.49333333333333335
0.49666666666666665
0.49333333333333335
0.5
0.5066666666666667
0.49333333333333335
0.49666666666666665
0.49666666666666665
0.49666666666666665
0.49666666666666665
0.49666666666666665
0.5
0.5
0.5
0.5033333333333333
0.4807692307692308
0.49666666666666665
0.5
0.5
0.5066666666666667
0.4777777777777778
0.49333333333333335
0.5033333333333333
0.5
0.49666666666666665
0.5
0.5033333333333333
0.49666666666666665
0.5023923444976076
0.5
0.49333333333333335
0.49666666666666665
0.5033333333333333
0.5
0.5
0.5
0.5
0.49333333333333335
0.49666666666666665
0.49333333333333335
0.5066666666666667
0.5
0.49333333333333335
0.5033333333333333
0.49666666666666665
0.49333333333333335
0.5
0.5066666666666667
0.5
0.5
0.5
0.49746192893401014
0.4970414201183432
0.5
0.49666666666666665
0.5
0.5
0.5033333333333333
0.5
0.49666666666666665
0.5066666666666667
0.5
0.49666666666666665
0.5
0.5
0.5
0.49333333333333335
0.5033333333333333
0.49333333333333335
0.5
0.5
0.49666666666666665
0.5
0.5
0.5033333333333333
0.5
0.5
0.5033333333333333
0.49333333333333335
0.49666666666666665
0.49333333333333335
0.5033333333333333
0.5
0.5
0.49666666666666665
0.49333333333333335
0.49666666666666665
0.5
0.49333333333333335
0.5
0.5
0.49666666666666665
0.5
0.49666666666666665
0.5033333333333333
0.5033333333333333
0.5033333333333333
0.5033333333333333
0.5033333333333333
0.5033333333333333
0.5066666666666667
0.5
0.49666666666666665
0.5033333333333333
0.5
0.49666666666666665
0.5033333333333333
0.5
0.5
0.49666666666666665
0.5
0.5
0.4981132075471698
0.49666666666666665
0.5
0.5033333333333333
0.5
0.5033333333333333
0.5
0.5
0.5066666666666667
0.5
0.49666666666666665
0.49666666666666665
0.5
0.5
0.5088495575221239
0.5066666666666667
0.5
0.5344827586206896
0.5066666666666667
0.5033333333333333
0.5033333333333333
0.51
0.5035714285714286
0.5028571428571429
0.5066666666666667
0.5
0.5
0.5
0.5033333333333333
0.49666666666666665
0.5125
0.51
0.5047619047619047
0.5033333333333333
0.5066666666666667
0.49
0.5106382978723404
0.49333333333333335
0.5033333333333333
0.5
0.5
0.5066666666666667
0.5
0.5
0.5
0.5
0.49666666666666665
0.49333333333333335
0.5066666666666667
0.5
0.49666666666666665
0.5
0.5
0.5055762081784386
0.49666666666666665
0.49666666666666665
0.5
0.5033333333333333
0.5
0.5033333333333333
0.49333333333333335
0.5
0.5
0.5
0.5
0.5033333333333333
0.49666666666666665
0.49
0.49333333333333335
0.49333333333333335
0.49333333333333335
0.49666666666666665
0.49333333333333335
0.49333333333333335
0.5
0.49666666666666665
0.5
0.49666666666666665
0.49666666666666665
0.49666666666666665
0.49666666666666665
0.49666666666666665
0.49333333333333335
0.49
0.49666666666666665
0.49
0.49333333333333335
0.4965034965034965
0.4910394265232975
0.49666666666666665
0.49193548387096775
0.4966216216216216
0.4962962962962963
0.4907749077490775
0.48623853211009177
0.4874551971326165
0.4883720930232558
0.49429657794676807
0.48659003831417624
0.5
0.4896265560165975
0.49377593360995853
0.49056603773584906
0.4962121212121212
0.48880597014925375
0.49333333333333335
0.49372384937238495
0.4981132075471698
0.4896551724137931
0.4861111111111111
0.493006993006993
0.49333333333333335
0.4879725085910653
0.5
0.5033333333333333
0.4908424908424908
0.4948453608247423
0.49
0.49333333333333335
0.4858757062146893
0.49333333333333335
0.49666666666666665
0.49666666666666665
0.4827586206896552
0.49333333333333335
0.49333333333333335
0.494949494949495
0.49666666666666665
0.49
0.49
0.5
0.5
0.4965986394557823
0.5
0.49
0.5
0.49333333333333335
0.49666666666666665
0.5
0.49333333333333335
0.49666666666666665
0.4948453608247423
0.49333333333333335
0.49666666666666665
0.49333333333333335
0.49333333333333335
0.49666666666666665
0.49333333333333335
0.49
0.5
0.49666666666666665
0.49666666666666665
0.49
0.49666666666666665
0.49333333333333335
0.49666666666666665
0.5
0.49666666666666665
0.49666666666666665
0.49666666666666665
0.5
0.49666666666666665
0.4975369458128079
0.5033333333333333
0.5
0.5
0.5
0.5
0.49666666666666665
