0.5625
0.5
0.5
0.47368421052631576
0.5714285714285714
0.5833333333333334
0.43478260869565216
0.46153846153846156
0.5
0.5333333333333333
0.5
0.5
0.5
0.6153846153846154
0.45454545454545453
0.5333333333333333
0.5
0.5263157894736842
0.6363636363636364
0.5263157894736842
0.5263157894736842
0.5
0.5625
0.5625
0.5263157894736842
0.47058823529411764
0.5333333333333333
0.4782608695652174
0.5333333333333333
0.4666666666666667
0.5294117647058824
0.47058823529411764
0.5
0.5
0.5
0.5
0.45454545454545453
0.4666666666666667
0.5714285714285714
0.5263157894736842
0.5294117647058824
0.5833333333333334
0.6153846153846154
0.6
0.6153846153846154
0.5333333333333333
0.5
0.5714285714285714
0.5833333333333334
0.5333333333333333
0.6923076923076923
0.5
0.5
0.5
0.5333333333333333
0.5263157894736842
0.5294117647058824
0.5
0.47368421052631576
0.6428571428571429
0.5714285714285714
0.5555555555555556
0.5333333333333333
0.47619047619047616
0.4583333333333333
0.5333333333333333
0.5
0.6
0.47058823529411764
0.5333333333333333
0.5
0.6428571428571429
0.5714285714285714
0.5833333333333334
0.6153846153846154
0.47368421052631576
0.45454545454545453
0.5
0.45
0.6153846153846154
0.5625
0.4444444444444444
0.5882352941176471
0.6666666666666666
0.5333333333333333
0.5714285714285714
0.6153846153846154
0.5
0.5
0.4375
0.5294117647058824
0.5333333333333333
0.5
0.5
0.5333333333333333
0.5714285714285714
0.5333333333333333
0.5384615384615384
0.46153846153846156
0.5294117647058824
0.5333333333333333
0.5
0.4444444444444444
0.5625
0.6428571428571429
0.5
0.5384615384615384
0.5
0.5
0.5625
0.5
0.5
0.5333333333333333
0.47058823529411764
0.47619047619047616
0.5333333333333333
0.5625
0.5263157894736842
0.46153846153846156
0.4666666666666667
0.7
0.47368421052631576
0.5833333333333334
0.5833333333333334
0.5
0.4375
0.5333333333333333
0.5333333333333333
0.5384615384615384
0.5
0.5333333333333333
0.5
0.5294117647058824
0.5333333333333333
0.5384615384615384
0.5625
0.5384615384615384
0.5882352941176471
0.5
0.4375
0.5
0.6363636363636364
0.5333333333333333
0.6153846153846154
0.625
0.47619047619047616
0.5333333333333333
0.5454545454545454
0.4444444444444444
0.5
0.5
0.5384615384615384
0.5333333333333333
0.47058823529411764
0.5384615384615384
0.5454545454545454
0.5
0.5625
0.47368421052631576
0.5
0.5384615384615384
0.6
0.4375
0.5625
0.4666666666666667
0.5384615384615384
0.5714285714285714
0.5714285714285714
0.5
0.5238095238095238
0.5333333333333333
0.5
0.5
0.5
0.5
0.5
0.5555555555555556
0.5294117647058824
0.5714285714285714
0.4782608695652174
0.5384615384615384
0.5
0.5833333333333334
0.5384615384615384
0.5384615384615384
0.5384615384615384
0.4666666666666667
0.5384615384615384
0.6
0.5384615384615384
0.5
0.5
0.6
0.5333333333333333
0.5
0.5294117647058824
0.5454545454545454
0.5333333333333333
0.5
0.5333333333333333
0.4444444444444444
0.47368421052631576
0.4444444444444444
0.5294117647058824
0.45454545454545453
0.5454545454545454
0.5555555555555556
0.6
0.6428571428571429
0.47368421052631576
0.5333333333333333
0.47368421052631576
0.5333333333333333
0.5
0.4666666666666667
0.5
0.5333333333333333
0.43333333333333335
0.5384615384615384
0.4666666666666667
0.4666666666666667
0.5
0.5
0.5
0.5333333333333333
0.5
0.5454545454545454
0.5
0.4666666666666667
0.5333333333333333
0.43333333333333335
0.6363636363636364
0.5263157894736842
0.5294117647058824
0.5
0.6
0.6363636363636364
0.47368421052631576
0.6363636363636364
0.5333333333333333
0.5294117647058824
0.5625
0.45
0.5714285714285714
0.5
0.5333333333333333
0.47058823529411764
0.4782608695652174
0.5
0.5294117647058824
0.6153846153846154
0.5384615384615384
0.5294117647058824
0.6153846153846154
0.42857142857142855
0.42857142857142855
0.5
0.5714285714285714
0.5714285714285714
0.6666666666666666
0.6153846153846154
0.5
0.5
0.5
0.5333333333333333
0.4444444444444444
0.5333333333333333
0.5789473684210527
0.5714285714285714
0.5454545454545454
0.6363636363636364
0.5625
0.5625
0.5384615384615384
0.5
0.4666666666666667
0.5263157894736842
0.4583333333333333
0.6666666666666666
0.52
0.5625
0.4444444444444444
0.5333333333333333
0.5
0.5
0.47368421052631576
0.5
0.5882352941176471
0.5454545454545454
0.6
0.5625
0.5384615384615384
0.5714285714285714
0.5714285714285714
0.5333333333333333
0.5
0.5263157894736842
0.5263157894736842
0.5714285714285714
0.5
0.5333333333333333
0.5882352941176471
0.5
0.5384615384615384
0.5333333333333333
0.5625
0.5625
0.5384615384615384
0.47058823529411764
0.5333333333333333
0.5333333333333333
0.6153846153846154
0.5384615384615384
0.6428571428571429
0.6153846153846154
0.45
0.5
0.5454545454545454
0.5714285714285714
0.5
0.5714285714285714
0.5333333333333333
0.47368421052631576
0.5454545454545454
0.46153846153846156
0.5625
0.47058823529411764
0.6
0.5
0.5
0.47058823529411764
0.4666666666666667
0.6
0.4666666666666667
0.4375
0.5882352941176471
0.5384615384615384
0.47368421052631576
0.42857142857142855
0.4444444444444444
0.5294117647058824
0.5
0.5294117647058824
0.5
0.4444444444444444
0.47058823529411764
0.4583333333333333
0.5
0.4666666666666667
0.5714285714285714
0.5384615384615384
0.5
0.5
0.5333333333333333
0.5714285714285714
0.5333333333333333
0.47368421052631576
0.5333333333333333
0.5333333333333333
0.47368421052631576
0.42857142857142855
0.46153846153846156
0.47058823529411764
0.5333333333333333
0.5384615384615384
0.5714285714285714
0.44
0.5
0.5
0.42857142857142855
0.5333333333333333
0.5
0.5333333333333333
0.5
0.47058823529411764
0.47058823529411764
0.47058823529411764
0.5454545454545454
0.5625
0.5333333333333333
0.5294117647058824
0.45454545454545453
0.5384615384615384
0.5294117647058824
0.47058823529411764
0.4666666666666667
0.6
0.4375
0.5
0.5384615384615384
0.5294117647058824
0.5384615384615384
0.5
0.5833333333333334
0.5714285714285714
0.5294117647058824
0.42857142857142855
0.6153846153846154
0.5882352941176471
0.5
0.5294117647058824
0.5384615384615384
0.7
0.5833333333333334
0.4666666666666667
0.47368421052631576
0.5
0.42857142857142855
0.5
0.5
0.6
0.4666666666666667
0.6923076923076923
0.5
0.5384615384615384
0.5384615384615384
0.5
0.4583333333333333
0.5
0.5384615384615384
0.5
0.4666666666666667
0.5
0.4782608695652174
0.5625
0.4666666666666667
0.5
0.5714285714285714
0.5263157894736842
0.6
0.5
0.5
0.46153846153846156
0.5714285714285714
0.5333333333333333
0.5263157894736842
0.5833333333333334
0.4594594594594595
0.5714285714285714
0.5454545454545454
0.46153846153846156
0.5555555555555556
0.5
0.5
0.5714285714285714
0.5714285714285714
0.5833333333333334
0.5714285714285714
0.48
0.5
0.5294117647058824
0.5833333333333334
0.5333333333333333
0.47058823529411764
0.5333333333333333
0.5
0.5625
0.43548387096774194
0.4666666666666667
0.5
0.6153846153846154
0.5454545454545454
0.5384615384615384
0.5833333333333334
0.5
0.6
0.5714285714285714
0.5625
0.5625
0.45
0.5
0.45
0.5
0.5
0.5263157894736842
0.5384615384615384
0.5238095238095238
0.5333333333333333
0.5
0.5833333333333334
0.55
0.5714285714285714
0.5263157894736842
0.5384615384615384
0.5714285714285714
0.4666666666666667
0.47619047619047616
0.4782608695652174
0.6
0.5
0.5263157894736842
0.5
0.5294117647058824
0.45
0.5454545454545454
0.45454545454545453
0.5714285714285714
0.5714285714285714
0.5714285714285714
0.5625
0.4444444444444444
0.5
0.5333333333333333
0.5263157894736842
0.5
0.5555555555555556
0.5
0.47368421052631576
0.5833333333333334
0.47058823529411764
0.5384615384615384
0.5
0.5384615384615384
0.5
0.55
0.5625
0.5882352941176471
0.5294117647058824
0.5333333333333333
0.5555555555555556
0.5
0.4666666666666667
0.5
0.4444444444444444
0.5555555555555556
0.5294117647058824
0.5
0.5
0.5882352941176471
0.5333333333333333
0.5833333333333334
0.5
0.5333333333333333
0.47058823529411764
0.5294117647058824
0.5333333333333333
0.6
0.47368421052631576
0.43478260869565216
0.5625
0.5333333333333333
0.5333333333333333
0.5333333333333333
0.5384615384615384
0.5625
0.6666666666666666
0.5
0.5714285714285714
0.6
0.5714285714285714
0.5833333333333334
0.5625
0.5
0.5
0.5555555555555556
0.5625
0.5714285714285714
0.47619047619047616
0.5
0.6153846153846154
0.5714285714285714
0.4444444444444444
0.5625
0.4782608695652174
0.5294117647058824
0.5333333333333333
0.5
0.5
0.5384615384615384
0.47435897435897434
0.5454545454545454
0.6153846153846154
0.47619047619047616
0.5
0.5833333333333334
0.5882352941176471
0.5833333333333334
0.5833333333333334
0.5625
0.5384615384615384
0.5294117647058824
0.5294117647058824
0.5
0.4375
0.5
0.4375
0.6
0.5714285714285714
0.5
0.5
0.5
0.4666666666666667
0.45
0.5833333333333334
0.5294117647058824
0.5555555555555556
0.47368421052631576
0.5
0.5
0.45
0.5
0.5238095238095238
0.5
0.47368421052631576
0.5
0.5714285714285714
0.47619047619047616
0.5294117647058824
0.4666666666666667
0.5833333333333334
0.5294117647058824
0.5
0.5555555555555556
0.47368421052631576
0.4583333333333333
0.47619047619047616
0.5294117647058824
0.5
0.5333333333333333
0.5555555555555556
0.5294117647058824
0.5
0.5714285714285714
0.6666666666666666
0.6153846153846154
0.5833333333333334
0.5333333333333333
0.5625
0.47368421052631576
0.5333333333333333
0.6
0.5714285714285714
0.5
0.6428571428571429
0.5555555555555556
0.5333333333333333
0.5333333333333333
0.5714285714285714
0.5789473684210527
0.45
0.5
0.4583333333333333
0.5294117647058824
0.5555555555555556
0.45454545454545453
0.5
0.5
0.5333333333333333
0.5
0.5
0.5384615384615384
0.5
0.5625
0.47619047619047616
0.47058823529411764
0.5454545454545454
0.5384615384615384
0.5
0.5833333333333334
0.5
0.5263157894736842
0.5625
0.5714285714285714
0.6
0.5384615384615384
0.42857142857142855
0.5384615384615384
0.47058823529411764
0.5
0.5333333333333333
0.47058823529411764
0.47058823529411764
0.5
0.4375
0.6
0.47058823529411764
0.5333333333333333
0.5833333333333334
0.4444444444444444
0.5384615384615384
0.5294117647058824
0.5333333333333333
0.45454545454545453
0.5333333333333333
0.6153846153846154
0.42105263157894735
0.5333333333333333
0.4666666666666667
0.5
0.5294117647058824
0.4666666666666667
0.5
0.5625
0.42857142857142855
0.5
0.4375
0.5294117647058824
0.5833333333333334
0.5333333333333333
0.5384615384615384
0.5833333333333334
0.6
0.5263157894736842
0.5625
0.6153846153846154
0.5833333333333334
0.5
0.5
0.5
0.5
0.5625
0.5
0.5
0.5294117647058824
0.5333333333333333
0.5
0.5294117647058824
0.5333333333333333
0.5333333333333333
0.47126436781609193
0.5384615384615384
0.5
0.5
0.5294117647058824
0.45
0.5625
0.5333333333333333
0.5625
0.4230769230769231
0.5625
0.5
0.5
0.5384615384615384
0.5294117647058824
0.6
0.5714285714285714
0.5714285714285714
0.5384615384615384
0.5
0.5
0.47619047619047616
0.5833333333333334
0.5
0.5
0.5625
0.47058823529411764
0.5714285714285714
0.5
0.5454545454545454
0.5384615384615384
0.5384615384615384
0.47058823529411764
0.5238095238095238
0.45
0.5384615384615384
0.5625
0.5714285714285714
0.5294117647058824
0.5
0.4444444444444444
0.47058823529411764
0.4666666666666667
0.5384615384615384
0.5294117647058824
0.5333333333333333
0.5384615384615384
0.5294117647058824
0.5
0.5
0.5454545454545454
0.5
0.5294117647058824
0.5384615384615384
0.5333333333333333
0.5384615384615384
0.5625
0.45714285714285713
0.6428571428571429
0.5714285714285714
0.5714285714285714
0.5384615384615384
0.4583333333333333
0.6
0.5294117647058824
0.5
0.5
0.5
0.5384615384615384
0.6
0.5333333333333333
0.6
0.5714285714285714
0.5
0.6153846153846154
0.5714285714285714
0.5
0.42857142857142855
0.5625
0.5384615384615384
0.5
0.47058823529411764
0.45454545454545453
0.5
0.5714285714285714
0.4375
0.5294117647058824
0.4166666666666667
0.6153846153846154
0.7272727272727273
0.6
0.5
0.47619047619047616
0.5454545454545454
0.47619047619047616
0.5
0.5714285714285714
0.5333333333333333
0.6153846153846154
0.5
0.5
0.5714285714285714
0.6153846153846154
0.5
0.5263157894736842
0.5384615384615384
0.55
0.4666666666666667
0.47619047619047616
0.5333333333333333
0.5384615384615384
0.5555555555555556
0.5714285714285714
0.4666666666666667
0.5
0.5384615384615384
0.6
0.5333333333333333
0.5
0.5
0.4782608695652174
0.6363636363636364
0.5833333333333334
0.5
0.5
0.5333333333333333
0.5454545454545454
0.47368421052631576
0.6
0.6
0.46153846153846156
0.5625
0.5263157894736842
0.5384615384615384
0.5
0.5333333333333333
0.5
0.5882352941176471
0.4666666666666667
0.46153846153846156
0.7
0.5333333333333333
0.5384615384615384
0.5333333333333333
0.47058823529411764
0.5294117647058824
0.5714285714285714
0.5
0.5
0.5714285714285714
0.5333333333333333
0.5714285714285714
0.5333333333333333
0.6153846153846154
0.5555555555555556
0.5625
0.5
0.4444444444444444
0.5
0.5454545454545454
0.5625
0.45
0.5
0.5
0.5384615384615384
0.5
0.43661971830985913
0.42857142857142855
0.6363636363636364
0.5882352941176471
0.5625
0.5
0.47619047619047616
0.5294117647058824
0.5
0.4666666666666667
0.5625
0.5714285714285714
0.5384615384615384
0.5
0.5333333333333333
0.45454545454545453
0.5384615384615384
0.5
0.47058823529411764
0.5
0.44
0.5263157894736842
0.5333333333333333
0.5
0.4444444444444444
0.5
0.47058823529411764
0.5
0.5625
0.5333333333333333
0.5384615384615384
0.5625
0.6
0.5454545454545454
0.5714285714285714
0.6153846153846154
0.5263157894736842
0.47619047619047616
0.5294117647058824
0.5384615384615384
0.5333333333333333
0.42857142857142855
0.4666666666666667
0.47058823529411764
0.5833333333333334
0.6666666666666666
0.5
0.5714285714285714
0.5
0.5714285714285714
0.5384615384615384
0.5
0.5384615384615384
0.6
0.5333333333333333
0.5333333333333333
0.5714285714285714
0.4375
0.5714285714285714
0.5333333333333333
0.5
0.6153846153846154
0.5
0.5
0.47058823529411764
0.47619047619047616
0.5714285714285714
0.5
0.5833333333333334
0.47619047619047616
0.43243243243243246
0.6
0.5
0.5384615384615384
0.47058823529411764
0.5263157894736842
0.5625
0.5384615384615384
0.5
0.5
0.5714285714285714
0.5238095238095238
0.5833333333333334
0.5217391304347826
0.5
0.47368421052631576
0.5
0.46153846153846156
0.5294117647058824
0.5294117647058824
0.5555555555555556
0.47368421052631576
0.5882352941176471
0.5294117647058824
0.5833333333333334
0.5625
0.6
0.5
0.5333333333333333
0.5555555555555556
0.6363636363636364
0.5
0.5
0.5
0.625
0.5454545454545454
0.5833333333333334
0.47619047619047616
0.5714285714285714
0.5333333333333333
0.4666666666666667
0.45454545454545453
0.5384615384615384
0.5333333333333333
0.5384615384615384
