0.5
0.6153846153846154
0.59375
0.4857142857142857
0.5833333333333334
0.36363636363636365
0.5769230769230769
0.9
0.45454545454545453
0.4473684210526316
0.2
0.375
0.42105263157894735
0.5625
0.625
0.5098039215686274
0.5333333333333333
0.5625
0.5416666666666666
0.75
0.5161290322580645
0.47058823529411764
0.5238095238095238
0.5416666666666666
0.5
0.5384615384615384
0.43478260869565216
0.48
0.5454545454545454
0.4897959183673469
0.55
0.4482758620689655
0.5652173913043478
0.6923076923076923
0.55
0.47058823529411764
0.6428571428571429
0.5217391304347826
0.5833333333333334
0.5263157894736842
0.47619047619047616
0.47368421052631576
0.5675675675675675
0.4657534246575342
0.5119047619047619
0.49295774647887325
0.5
0.45454545454545453
0.5
0.5128205128205128
0.5
0.5161290322580645
0.4915254237288136
0.4810126582278481
0.47058823529411764
0.5
0.4794520547945205
0.525
0.5384615384615384
0.53125
0.5192307692307693
0.5217391304347826
0.5263157894736842
0.5306122448979592
0.5
0.55
0.5227272727272727
0.5116279069767442
0.5294117647058824
0.5294117647058824
0.5
0.5151515151515151
0.5
0.5227272727272727
0.5238095238095238
0.5135135135135135
0.5625
0.5
0.5
0.5102040816326531
0.5192307692307693
0.4782608695652174
0.5333333333333333
0.5
0.5102040816326531
0.5263157894736842
0.5060240963855421
0.5217391304347826
0.5333333333333333
0.5121951219512195
0.514018691588785
0.5555555555555556
0.4631578947368421
0.48175182481751827
0.5053763440860215
0.5052631578947369
0.5285714285714286
0.4838709677419355
0.5277777777777778
0.48760330578512395
0.4631578947368421
0.5168539325842697
0.48031496062992124
0.47058823529411764
0.5257731958762887
0.4583333333333333
0.47058823529411764
0.5344827586206896
0.47115384615384615
0.4805194805194805
0.4603174603174603
0.5529411764705883
0.46551724137931033
0.48034934497816595
0.47435897435897434
0.4727272727272727
0.49019607843137253
0.45
0.49079754601226994
0.47761194029850745
0.453125
0.46875
0.4537037037037037
0.47844827586206895
0.4672131147540984
0.4479166666666667
0.4491525423728814
0.47368421052631576
0.4603174603174603
0.4574468085106383
0.4336283185840708
0.47337278106508873
0.4647887323943662
0.46808510638297873
0.4369747899159664
0.43859649122807015
0.48360655737704916
0.4857142857142857
0.47058823529411764
0.46794871794871795
0.46919431279620855
0.47674418604651164
0.49310344827586206
0.48502994011976047
0.4866666666666667
0.502127659574468
0.49
0.49333333333333335
0.49333333333333335
0.51
0.49666666666666665
0.5033333333333333
0.49666666666666665
0.5066666666666667
0.5033333333333333
0.51
0.5133333333333333
0.5019455252918288
0.5151515151515151
0.51
0.5
0.5033333333333333
0.5055555555555555
0.5
0.49333333333333335
0.5033333333333333
0.5
0.49666666666666665
0.5
0.5204081632653061
0.5088967971530249
0.4909090909090909
0.5
0.5033333333333333
0.5033333333333333
0.5
0.49666666666666665
0.5018181818181818
0.5
0.49812734082397003
0.49666666666666665
0.5070422535211268
0.5063291139240507
0.5066666666666667
0.49666666666666665
0.5
0.5131086142322098
0.51
0.49666666666666665
0.5
0.49666666666666665
0.5152838427947598
0.49666666666666665
0.5067264573991032
0.51
0.49333333333333335
0.5133333333333333
0.5066666666666667
0.5066666666666667
0.5089820359281437
0.5
0.5033333333333333
0.5
0.49333333333333335
0.5033333333333333
0.49666666666666665
0.49
0.49666666666666665
0.5033333333333333
0.51
0.5033333333333333
0.5066666666666667
0.5
0.5066666666666667
0.5098814229249012
0.49666666666666665
0.5260663507109005
0.5060240963855421
0.507177033492823
0.514018691588785
0.5061224489795918
0.5121951219512195
0.5150214592274678
0.5141509433962265
0.5101214574898786
0.5052631578947369
0.5136612021857924
0.5153061224489796
0.5287958115183246
0.5228758169934641
0.5195530726256983
0.5243243243243243
0.53125
0.5138121546961326
0.5195530726256983
0.5202702702702703
0.5238095238095238
0.52046783625731
0.5280898876404494
0.5112359550561798
0.514792899408284
0.5168539325842697
0.5067567567567568
0.5287356321839081
0.5277777777777778
0.5227272727272727
0.5222929936305732
0.5212765957446809
0.5154639175257731
0.514792899408284
0.5214723926380368
0.5192307692307693
0.5114155251141552
0.5212765957446809
0.5112359550561798
0.5083798882681564
0.5118483412322274
0.5174129353233831
0.5107296137339056
0.5161290322580645
0.515625
0.5048543689320388
0.5169491525423728
0.5077519379844961
0.5080645161290323
0.5071942446043165
0.5020080321285141
0.5104166666666666
0.5104895104895105
0.5172413793103449
0.5033333333333333
0.5033333333333333
0.5033333333333333
0.5
0.5066666666666667
0.5
0.5033333333333333
0.5033333333333333
0.5033333333333333
0.5
0.5033333333333333
0.5
0.5
0.5033333333333333
0.5033333333333333
0.49333333333333335
0.5
0.5033333333333333
0.49666666666666665
0.5
0.49666666666666665
0.5033333333333333
0.5033333333333333
0.5046728971962616
0.5
0.5
0.5033333333333333
0.5
0.49333333333333335
0.5
0.5
0.5
0.49666666666666665
0.49666666666666665
0.5
0.49666666666666665
0.5
0.5
0.5
0.49666666666666665
0.5
0.5033333333333333
0.5066666666666667
0.5033333333333333
0.5033333333333333
0.49333333333333335
0.49666666666666665
0.5
0.5033333333333333
0.49666666666666665
0.5033333333333333
0.5033333333333333
0.5
0.5
0.5
0.49666666666666665
0.5
0.5033333333333333
0.5033333333333333
0.49333333333333335
0.5
0.5
0.5
0.5
0.49666666666666665
0.49666666666666665
0.5
0.49666666666666665
0.5
0.5033333333333333
0.49
0.5
0.4908424908424908
0.49666666666666665
0.5
0.49666666666666665
0.49666666666666665
0.49333333333333335
0.5
0.5
0.49666666666666665
0.49666666666666665
0.5
0.5066666666666667
0.5
0.5
0.49666666666666665
0.49666666666666665
0.49666666666666665
0.49666666666666665
0.49666666666666665
0.5
0.5066666666666667
0.5033333333333333
0.5
0.49666666666666665
0.5033333333333333
0.49666666666666665
0.5
0.5066666666666667
0.5066666666666667
0.5033333333333333
0.49666666666666665
0.5
0.5033333333333333
0.49666666666666665
0.49333333333333335
0.5033333333333333
0.49666666666666665
0.5
0.49333333333333335
0.5
0.5
0.49666666666666665
0.5051903114186851
0.49333333333333335
0.5
0.5033333333333333
0.5033333333333333
0.5
0.5
0.5
0.5033333333333333
0.5066666666666667
0.5
0.5
0.5033333333333333
0.5033333333333333
0.5066666666666667
0.5066666666666667
0.5033333333333333
0.5033333333333333
0.5
0.5033333333333333
0.5033333333333333
0.49333333333333335
0.49666666666666665
0.5033333333333333
0.5033333333333333
0.5
0.5033333333333333
0.49666666666666665
0.5033333333333333
0.5066666666666667
0.49333333333333335
0.49666666666666665
0.5066666666666667
0.5033333333333333
0.5
0.5033333333333333
0.49666666666666665
0.5033333333333333
0.5
0.49666666666666665
0.5
0.5033333333333333
0.5033333333333333
0.5
0.5033333333333333
0.5
0.5
0.49666666666666665
0.5
0.49666666666666665
0.49333333333333335
0.5
0.5
0.5
0.5066666666666667
0.49666666666666665
0.49666666666666665
0.5033333333333333
0.5
0.5
0.49333333333333335
0.49666666666666665
0.5033333333333333
0.49666666666666665
0.5
0.49666666666666665
0.49666666666666665
0.49666666666666665
0.5
0.5033333333333333
0.5033333333333333
0.5
0.5
0.49666666666666665
0.5
0.49666666666666665
0.5
0.49666666666666665
0.5
0.5
0.5033333333333333
0.49333333333333335
0.49666666666666665
0.5
0.49666666666666665
0.5
0.49666666666666665
0.5066666666666667
0.5033333333333333
0.5
0.49333333333333335
0.5033333333333333
0.5033333333333333
0.5033333333333333
0.5
0.5033333333333333
0.49666666666666665
0.5
0.5
0.5
0.49666666666666665
0.49333333333333335
0.5
0.49666666666666665
0.5
0.5033333333333333
0.49666666666666665
0.4950980392156863
0.49828178694158076
0.51
0.5033333333333333
0.5
0.49666666666666665
0.5
0.504424778761062
0.5
0.5033333333333333
0.5
0.5
0.49666666666666665
0.5033333333333333
0.49666666666666665
0.49666666666666665
0.49760765550239233
0.5
0.49666666666666665
0.5033333333333333
0.5033333333333333
0.5033333333333333
0.5
0.49666666666666665
0.5051546391752577
0.5
0.5033333333333333
0.5033333333333333
0.5
0.5
0.5033333333333333
0.49666666666666665
0.49666666666666665
0.5
0.5033333333333333
0.49333333333333335
0.5
0.5033333333333333
0.51
0.5033333333333333
0.5079365079365079
0.49666666666666665
0.5
0.5033333333333333
0.49666666666666665
0.5
0.5
0.49666666666666665
0.5
0.49666666666666665
0.5092592592592593
0.5
0.5
0.5033333333333333
0.49666666666666665
0.5066666666666667
0.5303030303030303
0.5555555555555556
0.5066666666666667
0.5066666666666667
0.5066666666666667
0.5107142857142857
0.5066666666666667
0.5051903114186851
0.5066666666666667
0.503731343283582
0.5089605734767025
0.5129151291512916
0.5078740157480315
0.5086206896551724
0.5092936802973977
0.5094339622641509
0.5086206896551724
0.504
0.5067264573991032
0.5045045045045045
0.5077519379844961
0.5073170731707317
0.5108225108225108
0.5085470085470085
0.5046728971962616
0.5069124423963134
0.5076142131979695
0.5091743119266054
0.5103092783505154
0.5106382978723404
0.5120772946859904
0.5106382978723404
0.5128205128205128
0.5174418604651163
0.5139664804469274
0.5217391304347826
0.5182926829268293
0.524390243902439
0.5180722891566265
0.5220125786163522
0.5128205128205128
0.514792899408284
0.5144508670520231
0.5189873417721519
0.5231788079470199
0.5225806451612903
0.5283018867924528
0.5176470588235295
0.512987012987013
0.5222222222222223
0.5172413793103449
0.525
0.5263157894736842
0.5235294117647059
0.512987012987013
0.5185185185185185
0.5136986301369864
0.5222929936305732
0.5119047619047619
0.5333333333333333
0.5205479452054794
0.5263157894736842
0.5228758169934641
0.5214285714285715
0.5202702702702703
0.5259259259259259
0.5185185185185185
0.5182481751824818
0.5206611570247934
0.5217391304347826
0.525
0.5196850393700787
0.5234375
0.5193798449612403
0.5321100917431193
0.5384615384615384
0.5284552845528455
0.5299145299145299
0.5384615384615384
0.5317460317460317
0.5315315315315315
0.5412844036697247
0.5520833333333334
0.5391304347826087
0.5423728813559322
0.5412844036697247
0.5321100917431193
0.5523809523809524
0.5480769230769231
0.5304347826086957
0.5483870967741935
0.5454545454545454
0.56
0.5398230088495575
0.5508474576271186
0.5384615384615384
0.5365853658536586
0.5533980582524272
0.5348837209302325
0.5217391304347826
0.5357142857142857
0.5666666666666667
0.5327868852459017
0.5357142857142857
0.5309734513274337
0.5321100917431193
0.5446428571428571
0.532258064516129
0.5238095238095238
0.5309734513274337
0.5327868852459017
0.5343511450381679
0.5338983050847458
0.5328467153284672
0.5327868852459017
0.5365853658536586
0.5338983050847458
0.5172413793103449
0.5230769230769231
0.5299145299145299
0.528
0.5263157894736842
0.525
0.5315315315315315
0.5267175572519084
0.5267175572519084
0.5245901639344263
0.5271317829457365
0.5350877192982456
0.5350877192982456
0.5327868852459017
0.5275590551181102
0.5259259259259259
0.5378151260504201
0.5333333333333333
0.5433070866141733
0.5315315315315315
0.53125
0.5304347826086957
0.5206611570247934
0.5344827586206896
0.5416666666666666
0.5377358490566038
0.5398230088495575
0.5391304347826087
0.5412844036697247
0.5357142857142857
0.5289256198347108
0.5431034482758621
0.543859649122807
0.5241935483870968
0.528
0.5363636363636364
0.5363636363636364
0.5338983050847458
0.5343511450381679
0.5333333333333333
0.5259259259259259
0.5317460317460317
0.5271317829457365
0.5354330708661418
0.5377358490566038
0.5259259259259259
0.5196850393700787
0.5267175572519084
0.5263157894736842
0.5241935483870968
0.5234375
0.524822695035461
0.5172413793103449
0.5251798561151079
0.5210084033613446
0.5266666666666666
0.5190839694656488
0.5267175572519084
0.5213675213675214
0.5210084033613446
0.5263157894736842
0.5555555555555556
0.5163934426229508
0.5652173913043478
0.5285714285714286
0.5333333333333333
0.5275590551181102
0.5357142857142857
0.5294117647058824
0.5303030303030303
0.5309734513274337
0.5258620689655172
0.5254237288135594
0.5365853658536586
0.5454545454545454
0.5338983050847458
0.5299145299145299
0.5284552845528455
0.5267857142857143
0.53125
0.532258064516129
0.5245901639344263
0.5275590551181102
0.5317460317460317
0.5338345864661654
0.5333333333333333
0.5338983050847458
0.5641025641025641
0.5234375
0.5307692307692308
0.53125
0.5350877192982456
0.5272727272727272
0.5333333333333333
0.5666666666666667
0.5344827586206896
0.5299145299145299
0.53125
0.5267857142857143
0.5405405405405406
0.5317460317460317
0.5289256198347108
0.5238095238095238
0.5370370370370371
0.5384615384615384
0.5338983050847458
0.5378151260504201
0.528
0.5317460317460317
0.5391304347826087
0.5363636363636364
0.5412844036697247
0.5396825396825397
0.5396825396825397
0.5378151260504201
0.5378151260504201
0.5263157894736842
0.5447154471544715
0.5384615384615384
0.5338983050847458
0.5241935483870968
0.5378787878787878
0.5317460317460317
0.5365853658536586
0.5384615384615384
0.5255474452554745
0.52
0.5307692307692308
0.5244755244755245
0.5333333333333333
0.5197368421052632
0.5142857142857142
0.5161290322580645
0.5266666666666666
0.5172413793103449
0.5205479452054794
0.5222929936305732
0.5159235668789809
0.515527950310559
0.5192307692307693
0.5135135135135135
0.5076142131979695
0.5217391304347826
0.518324607329843
0.5129533678756477
0.509090909090909
0.509090909090909
0.5118483412322274
0.5084745762711864
0.5052631578947369
0.506896551724138
0.5056179775280899
0.5033333333333333
0.5
0.5033333333333333
0.5033333333333333
0.5033333333333333
0.5033333333333333
0.5033333333333333
0.5033333333333333
0.5033333333333333
0.5033333333333333
0.5033557046979866
0.5033333333333333
0.5033333333333333
0.5033333333333333
0.5033333333333333
0.5066666666666667
0.5
0.5033333333333333
0.5
0.5033333333333333
0.5
0.5033333333333333
0.5033333333333333
0.5
0.5033333333333333
0.5
0.5
0.5033333333333333
0.5
0.5
0.5
0.5
0.5
0.5
0.5066666666666667
0.5
0.49666666666666665
0.5033333333333333
0.5
0.5
0.49666666666666665
0.5033333333333333
0.5
0.5033333333333333
0.5
0.5
0.5
0.5033333333333333
0.5
0.5
0.5
0.5
0.5033333333333333
0.5033333333333333
0.5033333333333333
0.5033333333333333
0.5
0.5033333333333333
0.5
0.5
0.5
0.5033333333333333
0.5
0.49666666666666665
0.5
0.5066666666666667
0.5033333333333333
0.5
0.5
0.5
0.5
0.5033333333333333
0.5033333333333333
0.5
0.5
0.5
0.5
0.5033333333333333
0.49666666666666665
0.5
0.5
0.5033333333333333
0.5033333333333333
0.5
0.5
0.5
0.49666666666666665
0.5
0.5
0.49666666666666665
0.5
0.5
0.5033333333333333
0.5033333333333333
0.49666666666666665
0.5033333333333333
0.5066666666666667
0.5
0.5033333333333333
0.49666666666666665
0.5033333333333333
0.5
0.5033333333333333
0.5
0.49666666666666665
0.5033333333333333
0.5
0.5
0.49666666666666665
0.5
0.5033333333333333
0.5
0.5033333333333333
0.5033333333333333
0.49666666666666665
0.5
0.5033333333333333
0.5033333333333333
0.5
0.5033333333333333
0.5
0.49666666666666665
0.49333333333333335
0.5033333333333333
0.5
0.5
0.5
0.5066666666666667
0.5033333333333333
0.5033333333333333
0.5
0.5033333333333333
0.49666666666666665
0.49666666666666665
0.5033333333333333
0.49666666666666665
0.5033333333333333
0.49666666666666665
0.49666666666666665
0.5033333333333333
0.5033333333333333
0.5
0.5
0.5066666666666667
0.5
0.5033333333333333
0.5
0.5
0.5
0.49666666666666665
0.5033333333333333
0.5
0.5
0.5
0.5036496350364964
0.5
0.5033333333333333
0.5050167224080268
0.5
0.49666666666666665
0.49333333333333335
0.5066666666666667
0.5
0.5033333333333333
0.5066666666666667
0.5033333333333333
0.5033333333333333
0.49666666666666665
0.5
0.5066666666666667
0.49333333333333335
0.5033333333333333
0.5
0.49666666666666665
0.5033333333333333
0.5
0.5066666666666667
0.5
0.5
0.5033333333333333
0.49666666666666665
0.5
0.5
0.5
