0.4908256880733945
0.49523809523809526
0.49137931034482757
0.49407114624505927
0.4911504424778761
0.49344978165938863
0.4956896551724138
0.4940239043824701
0.49387755102040815
0.49356223175965663
0.4918032786885246
0.4931506849315068
0.49327354260089684
0.49159663865546216
0.49099099099099097
0.49356223175965663
0.4953271028037383
0.48936170212765956
0.4908256880733945
0.4936708860759494
0.4897119341563786
0.49159663865546216
0.4908256880733945
0.4936708860759494
0.49137931034482757
0.49327354260089684
0.4936708860759494
0.4931506849315068
0.49557522123893805
0.49099099099099097
0.4889867841409692
0.49333333333333335
0.4880382775119617
0.49130434782608695
0.4926829268292683
0.49583333333333335
0.4901185770750988
0.4954545454545455
0.49038461538461536
0.49356223175965663
0.491869918699187
0.4896265560165975
0.49145299145299143
0.4911504424778761
0.49333333333333335
0.49356223175965663
0.49361702127659574
0.49344978165938863
0.4880382775119617
0.49122807017543857
0.4930875576036866
0.4904214559386973
0.49321266968325794
0.4895833333333333
0.4918032786885246
0.4889867841409692
0.49173553719008267
0.49344978165938863
0.49333333333333335
0.49344978165938863
0.4915254237288136
0.4933920704845815
0.49361702127659574
0.49321266968325794
0.4908256880733945
0.4896265560165975
0.4940239043824701
0.4954545454545455
0.49056603773584906
0.49130434782608695
0.49361702127659574
0.4956896551724138
0.49523809523809526
0.49029126213592233
0.49356223175965663
0.49356223175965663
0.492
0.4957983193277311
0.49333333333333335
0.49107142857142855
0.4927536231884058
0.49193548387096775
0.4915254237288136
0.49583333333333335
0.4936708860759494
0.4908256880733945
0.4908256880733945
0.49572649572649574
0.4931506849315068
0.49321266968325794
0.49528301886792453
0.49107142857142855
0.4935064935064935
0.49586776859504134
0.4978165938864629
0.49361702127659574
0.4936708860759494
0.4936708860759494
0.4928909952606635
0.49416342412451364
0.49065420560747663
0.49056603773584906
0.4957627118644068
0.49557522123893805
0.49166666666666664
0.49407114624505927
0.4978723404255319
0.4953271028037383
0.49572649572649574
0.4885844748858447
0.49145299145299143
0.4954954954954955
0.4930875576036866
0.49411764705882355
0.49206349206349204
0.49603174603174605
0.49074074074074076
0.4890829694323144
0.49038461538461536
0.49377593360995853
0.4957627118644068
0.49372384937238495
0.49107142857142855
0.4933920704845815
0.48917748917748916
0.49372384937238495
0.4935064935064935
0.49056603773584906
0.4888888888888889
0.4954128440366973
0.49130434782608695
0.49159663865546216
0.49321266968325794
0.4909090909090909
0.4978540772532189
0.4925373134328358
0.49344978165938863
0.4935064935064935
0.4955357142857143
0.4953271028037383
0.4959677419354839
0.49107142857142855
0.4959677419354839
0.48826291079812206
0.49356223175965663
0.49387755102040815
0.49327354260089684
0.49145299145299143
0.49295774647887325
0.49572649572649574
0.49407114624505927
0.4959016393442623
0.4927536231884058
0.48878923766816146
0.49361702127659574
0.496
0.49372384937238495
0.491869918699187
0.4927536231884058
0.49159663865546216
0.49356223175965663
0.48792270531400966
0.49145299145299143
0.49361702127659574
0.4921259842519685
0.49145299145299143
0.49557522123893805
0.4956140350877193
0.48847926267281105
0.4931506849315068
0.4959016393442623
0.4961832061068702
0.4927536231884058
0.49333333333333335
0.48917748917748916
0.49099099099099097
0.4936708860759494
0.49145299145299143
0.49074074074074076
0.49361702127659574
0.4954954954954955
0.4915254237288136
0.49356223175965663
0.49333333333333335
0.49572649572649574
0.49282296650717705
0.49099099099099097
0.49159663865546216
0.49074074074074076
0.49321266968325794
0.4954545454545455
0.49065420560747663
0.49099099099099097
0.4957983193277311
0.49145299145299143
0.4959677419354839
0.49586776859504134
0.49122807017543857
0.49377593360995853
0.49572649572649574
0.49107142857142855
0.49159663865546216
0.49173553719008267
0.4915254237288136
0.497737556561086
0.4883720930232558
0.4883720930232558
0.4954128440366973
0.496
0.49377593360995853
0.4915254237288136
0.4883720930232558
0.4935064935064935
0.4888888888888889
0.49145299145299143
0.49206349206349204
0.4930232558139535
0.49433962264150944
0.4908256880733945
0.4930232558139535
0.49382716049382713
0.4956896551724138
0.4933920704845815
0.49137931034482757
0.4933920704845815
0.4939271255060729
0.49321266968325794
0.4956521739130435
0.4933920704845815
0.49019607843137253
0.49166666666666664
0.4940239043824701
0.4930232558139535
0.49065420560747663
0.49327354260089684
0.49173553719008267
0.49356223175965663
0.48826291079812206
0.49122807017543857
0.49615384615384617
0.48936170212765956
0.49029126213592233
0.49344978165938863
0.4911504424778761
0.49387755102040815
0.4897119341563786
0.49166666666666664
0.4935064935064935
0.49327354260089684
0.49173553719008267
0.4915254237288136
0.4956896551724138
0.49107142857142855
0.49382716049382713
0.4953271028037383
0.4956896551724138
0.4930232558139535
0.49411764705882355
0.49377593360995853
0.4978165938864629
0.4933920704845815
0.49145299145299143
0.49356223175965663
0.49356223175965663
0.4957983193277311
0.49783549783549785
0.4930875576036866
0.49173553719008267
0.49344978165938863
0.4896265560165975
0.48917748917748916
0.4933920704845815
0.4939759036144578
0.49377593360995853
0.4931506849315068
0.49528301886792453
0.49372384937238495
0.4935064935064935
0.4890829694323144
0.49327354260089684
0.4956521739130435
0.49099099099099097
0.49159663865546216
0.4885844748858447
0.49193548387096775
0.49159663865546216
0.4959349593495935
0.49333333333333335
0.4939271255060729
0.4940239043824701
0.49137931034482757
0.49122807017543857
0.4961832061068702
0.4911504424778761
0.49377593360995853
0.48826291079812206
0.4959677419354839
0.4908256880733945
0.4909090909090909
0.4930232558139535
0.49159663865546216
0.4930875576036866
0.49523809523809526
0.49056603773584906
0.49377593360995853
0.48947368421052634
0.4931506849315068
0.4915254237288136
0.4885844748858447
0.49122807017543857
0.4908256880733945
0.5
0.4933920704845815
0.49372384937238495
0.49344978165938863
0.49382716049382713
0.49377593360995853
0.4911504424778761
0.49356223175965663
0.4936708860759494
0.4931506849315068
0.49356223175965663
0.49130434782608695
0.49407114624505927
0.49416342412451364
0.4911504424778761
0.49572649572649574
0.49130434782608695
0.49454545454545457
0.4956140350877193
0.49137931034482757
0.49282296650717705
0.49382716049382713
0.4933920704845815
0.49387755102040815
0.49372384937238495
0.4956521739130435
0.49107142857142855
0.4930875576036866
0.49372384937238495
0.4950980392156863
0.4895397489539749
0.49295774647887325
0.4959349593495935
0.49356223175965663
0.49411764705882355
0.49159663865546216
0.49130434782608695
0.4933920704845815
0.4931506849315068
0.4935064935064935
0.49065420560747663
0.49159663865546216
0.49344978165938863
0.4956521739130435
0.4909090909090909
0.48945147679324896
0.4956140350877193
0.49107142857142855
0.49159663865546216
0.49372384937238495
0.49130434782608695
0.49166666666666664
0.49107142857142855
0.49361702127659574
0.4933920704845815
0.4933920704845815
0.49321266968325794
0.4939759036144578
0.4883720930232558
0.4979253112033195
0.49333333333333335
0.4911504424778761
0.49327354260089684
0.49377593360995853
0.4901185770750988
0.4927536231884058
0.49099099099099097
0.49122807017543857
0.4959016393442623
0.48847926267281105
0.491869918699187
0.49321266968325794
0.49099099099099097
0.49130434782608695
0.4933920704845815
0.4911504424778761
0.49122807017543857
0.4930232558139535
0.4897959183673469
0.49122807017543857
0.49282296650717705
0.49099099099099097
0.49019607843137253
0.49327354260089684
0.4935064935064935
0.49159663865546216
0.49238578680203043
0.49
0.4918032786885246
0.49173553719008267
0.49416342412451364
0.49074074074074076
0.49523809523809526
0.49356223175965663
0.4930875576036866
0.4930232558139535
0.4935064935064935
0.49624060150375937
0.49583333333333335
0.49321266968325794
0.4942084942084942
0.4930875576036866
0.4939271255060729
0.4957983193277311
0.49238578680203043
0.4935064935064935
0.4897119341563786
0.49282296650717705
0.49344978165938863
0.4930232558139535
0.4936708860759494
0.48936170212765956
0.49159663865546216
0.49356223175965663
0.4930232558139535
0.49344978165938863
0.49377593360995853
0.4930875576036866
0.4933920704845815
0.49261083743842365
0.49173553719008267
0.4940239043824701
0.49557522123893805
0.4928909952606635
0.49344978165938863
0.4955357142857143
0.4909090909090909
0.4931506849315068
0.49065420560747663
0.4939271255060729
0.49173553719008267
0.49074074074074076
0.49166666666666664
0.4935064935064935
0.4908256880733945
0.49557522123893805
0.49029126213592233
0.49361702127659574
0.4909090909090909
0.4939271255060729
0.49159663865546216
0.4911504424778761
0.492
0.49056603773584906
0.49047619047619045
0.4956140350877193
0.49333333333333335
0.4911504424778761
0.49377593360995853
0.49382716049382713
0.4956140350877193
0.4935064935064935
0.49137931034482757
0.4957627118644068
0.4933920704845815
0.4933920704845815
0.4957983193277311
0.49047619047619045
0.4930232558139535
0.49019607843137253
0.49609375
0.49099099099099097
0.4940239043824701
0.4956521739130435
0.4940239043824701
0.49130434782608695
0.4908256880733945
0.4935064935064935
0.4930875576036866
0.49372384937238495
0.4908256880733945
0.4928909952606635
0.4908256880733945
0.4957983193277311
0.49159663865546216
0.49166666666666664
0.49145299145299143
0.4915254237288136
0.49130434782608695
0.4931506849315068
0.49122807017543857
0.49407114624505927
0.49193548387096775
0.49356223175965663
0.49145299145299143
0.4931506849315068
0.49361702127659574
0.4957627118644068
0.48945147679324896
0.4908256880733945
0.4935064935064935
0.49356223175965663
0.4930232558139535
0.4911504424778761
0.49327354260089684
0.49107142857142855
0.4928909952606635
0.4908256880733945
0.4931506849315068
0.49065420560747663
0.4926829268292683
0.49137931034482757
0.4909090909090909
0.49382716049382713
0.4915254237288136
0.49377593360995853
0.49038461538461536
0.49159663865546216
0.49099099099099097
0.4918032786885246
0.4955357142857143
0.491869918699187
0.4911504424778761
0.4933920704845815
0.49122807017543857
0.49137931034482757
0.4873096446700508
0.4930875576036866
0.49282296650717705
0.49327354260089684
0.49327354260089684
0.4933920704845815
0.4959677419354839
0.49489795918367346
0.49029126213592233
0.496
0.4908256880733945
0.4898785425101215
0.4933920704845815
0.4959677419354839
0.49586776859504134
0.4909090909090909
0.4908256880733945
0.4954545454545455
0.4930232558139535
0.4930875576036866
0.49107142857142855
0.4933920704845815
0.4951923076923077
0.49145299145299143
0.49107142857142855
0.4927536231884058
0.49387755102040815
0.49173553719008267
0.49122807017543857
0.49029126213592233
0.4915254237288136
0.49295774647887325
0.4931506849315068
0.49107142857142855
0.49099099099099097
0.4935064935064935
0.4928909952606635
0.49377593360995853
0.49137931034482757
0.49583333333333335
0.49344978165938863
0.49327354260089684
0.49407114624505927
0.49361702127659574
0.49321266968325794
0.4921875
0.49382716049382713
0.4921259842519685
0.4931506849315068
0.4953271028037383
0.49321266968325794
0.49173553719008267
0.49056603773584906
0.49537037037037035
0.4908256880733945
0.4888888888888889
0.49193548387096775
0.4930232558139535
0.4939759036144578
0.4927536231884058
0.49361702127659574
0.4915254237288136
0.49107142857142855
0.49327354260089684
0.49606299212598426
0.49411764705882355
0.49173553719008267
0.49206349206349204
0.49295774647887325
0.4955357142857143
0.4911504424778761
0.496
0.4896265560165975
0.4915254237288136
0.49107142857142855
0.4930232558139535
0.49372384937238495
0.48704663212435234
0.4888888888888889
0.49356223175965663
0.4930232558139535
0.49107142857142855
0.4954545454545455
0.4930232558139535
0.49321266968325794
0.4928909952606635
0.49344978165938863
0.48847926267281105
0.4951923076923077
0.49074074074074076
0.49333333333333335
0.4933920704845815
0.4957983193277311
0.4942084942084942
0.49572649572649574
0.49107142857142855
0.49372384937238495
0.49327354260089684
0.49382716049382713
0.4959677419354839
0.49333333333333335
0.48868778280542985
0.4957983193277311
0.49321266968325794
0.49361702127659574
0.49372384937238495
0.49321266968325794
0.4897119341563786
0.4978165938864629
0.49640287769784175
0.49537037037037035
0.49583333333333335
0.49137931034482757
0.4954954954954955
0.49333333333333335
0.49065420560747663
0.49122807017543857
0.49056603773584906
0.4955357142857143
0.4957983193277311
0.49047619047619045
0.4915254237288136
0.49333333333333335
0.49019607843137253
0.49344978165938863
0.49333333333333335
0.4956140350877193
0.49361702127659574
0.4888888888888889
0.4954128440366973
0.4957983193277311
0.49356223175965663
0.4908256880733945
0.4954545454545455
0.4931506849315068
0.49372384937238495
0.49099099099099097
0.4890829694323144
0.4889867841409692
0.4915254237288136
0.4956140350877193
0.4926829268292683
0.4955357142857143
0.49372384937238495
0.4933920704845815
0.4935064935064935
0.49295774647887325
0.4936708860759494
0.4956896551724138
0.49130434782608695
0.49159663865546216
0.4939759036144578
0.49019607843137253
0.4935064935064935
0.49107142857142855
0.4915254237288136
0.4925373134328358
0.49377593360995853
0.49282296650717705
0.49295774647887325
0.4918032786885246
0.49361702127659574
0.49321266968325794
0.491869918699187
0.49356223175965663
0.4918032786885246
0.49361702127659574
0.49372384937238495
0.49173553719008267
0.49065420560747663
0.49377593360995853
0.49099099099099097
0.4954954954954955
0.49586776859504134
0.4925373134328358
0.49173553719008267
0.49261083743842365
0.48868778280542985
0.4930875576036866
0.49107142857142855
0.49193548387096775
0.4935064935064935
0.49047619047619045
0.49411764705882355
0.4935064935064935
0.4926829268292683
0.49327354260089684
0.49356223175965663
0.49377593360995853
0.4915254237288136
0.49327354260089684
0.49107142857142855
0.4897959183673469
0.4935064935064935
0.4925373134328358
0.49099099099099097
0.49038461538461536
0.4918032786885246
0.4911504424778761
0.4956521739130435
0.49361702127659574
0.4939271255060729
0.49586776859504134
0.4888888888888889
0.49122807017543857
0.4890829694323144
0.4899598393574297
0.4935064935064935
0.4921259842519685
0.49333333333333335
0.4954128440366973
0.4954954954954955
0.489247311827957
0.4915254237288136
0.49099099099099097
0.49333333333333335
0.4930875576036866
0.4930875576036866
0.49074074074074076
0.49159663865546216
0.49173553719008267
0.4928909952606635
0.49321266968325794
0.4889867841409692
0.4956896551724138
0.49327354260089684
0.4930232558139535
0.4939271255060729
0.49344978165938863
0.4927536231884058
0.49586776859504134
0.49356223175965663
0.49295774647887325
0.4888888888888889
0.4959016393442623
0.4908256880733945
0.4940239043824701
0.4956140350877193
0.4876847290640394
0.4956896551724138
0.49586776859504134
0.48598130841121495
0.4957983193277311
0.4930232558139535
0.497907949790795
0.4954545454545455
0.48945147679324896
0.4959349593495935
0.49137931034482757
0.4908256880733945
0.4909090909090909
0.4878048780487805
0.4959677419354839
0.4927536231884058
0.4918032786885246
0.4956140350877193
0.49377593360995853
0.49377593360995853
0.4931506849315068
0.4939759036144578
0.4930232558139535
0.4908256880733945
0.49038461538461536
0.49572649572649574
0.4908256880733945
0.49166666666666664
0.4930232558139535
0.49583333333333335
0.4935064935064935
0.49321266968325794
0.4931506849315068
0.49333333333333335
0.49528301886792453
0.49528301886792453
0.4959349593495935
0.4933920704845815
0.4956521739130435
0.4936708860759494
0.4897959183673469
0.4955357142857143
0.4955357142857143
0.4933920704845815
0.4954545454545455
0.49038461538461536
0.4930875576036866
0.4931506849315068
0.49333333333333335
0.49523809523809526
0.4956140350877193
0.49137931034482757
0.49361702127659574
0.4908256880733945
0.49377593360995853
0.49382716049382713
0.4957627118644068
0.49099099099099097
0.4918032786885246
0.4943820224719101
0.49382716049382713
0.49130434782608695
0.49107142857142855
0.49537037037037035
0.49333333333333335
0.4935064935064935
0.49356223175965663
0.4911504424778761
0.4957627118644068
0.49173553719008267
0.49107142857142855
0.49327354260089684
0.49387755102040815
0.48868778280542985
0.4953271028037383
0.4931506849315068
0.4901185770750988
0.4939271255060729
0.49295774647887325
0.49122807017543857
0.4955357142857143
0.49387755102040815
0.49361702127659574
0.4896907216494845
0.49065420560747663
0.49122807017543857
0.4930875576036866
0.4909090909090909
0.49377593360995853
0.49327354260089684
0.49107142857142855
0.4954128440366973
0.49074074074074076
0.4888888888888889
0.49047619047619045
0.49047619047619045
0.4900398406374502
0.49777777777777776
0.49361702127659574
0.49344978165938863
0.49282296650717705
0.49122807017543857
0.4911504424778761
0.49056603773584906
0.4959677419354839
0.49321266968325794
0.49344978165938863
0.4909090909090909
0.49122807017543857
0.4918032786885246
0.49344978165938863
0.491869918699187
0.4845360824742268
0.49537037037037035
0.49107142857142855
0.49065420560747663
0.4957983193277311
0.49537037037037035
0.49603174603174605
0.4942084942084942
0.4915254237288136
0.49029126213592233
0.49344978165938863
0.4954954954954955
0.4935064935064935
0.49282296650717705
0.49333333333333335
0.4921875
0.49523809523809526
0.4921259842519685
0.4909090909090909
0.4915254237288136
0.49107142857142855
0.49173553719008267
0.496
0.49572649572649574
0.4935064935064935
0.49333333333333335
0.4909090909090909
0.49065420560747663
0.4959016393442623
0.4930875576036866
0.49356223175965663
0.4954545454545455
0.4928909952606635
0.49295774647887325
0.49122807017543857
0.4954128440366973
0.49372384937238495
0.49333333333333335
0.49166666666666664
0.49047619047619045
0.49166666666666664
0.49099099099099097
0.49130434782608695
0.4956521739130435
0.4911504424778761
0.4955357142857143
0.4909090909090909
0.4889867841409692
0.49361702127659574
0.49583333333333335
0.49047619047619045
0.49047619047619045
0.49122807017543857
0.49429657794676807
0.4908256880733945
0.49173553719008267
0.4939759036144578
0.4909090909090909
0.49382716049382713
0.49173553719008267
0.48936170212765956
0.49344978165938863
0.4896265560165975
0.49261083743842365
0.4933920704845815
0.4921259842519685
0.49523809523809526
0.495
0.49321266968325794
0.4935064935064935
0.49029126213592233
0.49137931034482757
0.49122807017543857
0.49356223175965663
0.4953271028037383
0.4933920704845815
0.49407114624505927
0.49333333333333335
0.4933920704845815
0.49122807017543857
0.4957983193277311
0.4955357142857143
0.4930875576036866
0.49107142857142855
0.4959016393442623
0.49333333333333335
0.48936170212765956
0.49130434782608695
0.49361702127659574
0.49137931034482757
0.49074074074074076
0.4930232558139535
0.4885844748858447
0.4956521739130435
0.492
0.49372384937238495
0.49416342412451364
0.4933920704845815
0.4954954954954955
0.49130434782608695
0.4918032786885246
0.49321266968325794
0.49193548387096775
0.49145299145299143
0.49107142857142855
0.49145299145299143
0.4935064935064935
0.49344978165938863
0.4957983193277311
0.49382716049382713
0.49137931034482757
0.4939271255060729
0.49137931034482757
0.49038461538461536
0.49159663865546216
0.49361702127659574
0.4931506849315068
0.4930232558139535
0.491869918699187
0.49236641221374045
0.4881516587677725
0.49387755102040815
0.49624060150375937
