0.49333333333333335
0.49666666666666665
0.49666666666666665
0.49333333333333335
0.49666666666666665
0.49333333333333335
0.49666666666666665
0.49666666666666665
0.49333333333333335
0.49333333333333335
0.49666666666666665
0.49666666666666665
0.49666666666666665
0.49333333333333335
0.49333333333333335
0.49666666666666665
0.49666666666666665
0.49666666666666665
0.49666666666666665
0.49333333333333335
0.49666666666666665
0.49666666666666665
0.49666666666666665
0.49333333333333335
0.49666666666666665
0.5
0.49333333333333335
0.49666666666666665
0.49666666666666665
0.49666666666666665
0.49666666666666665
0.49333333333333335
0.49333333333333335
0.49333333333333335
0.49666666666666665
0.49333333333333335
0.49666666666666665
0.49333333333333335
0.49825783972125437
0.49666666666666665
0.49666666666666665
0.49333333333333335
0.49333333333333335
0.49333333333333335
0.49666666666666665
0.49333333333333335
0.49666666666666665
0.49666666666666665
0.49666666666666665
0.49333333333333335
0.49333333333333335
0.49333333333333335
0.49333333333333335
0.49666666666666665
0.49333333333333335
0.49333333333333335
0.49333333333333335
0.49666666666666665
0.49333333333333335
0.493006993006993
0.49666666666666665
0.49666666666666665
0.49666666666666665
0.49
0.49666666666666665
0.49666666666666665
0.49333333333333335
0.49333333333333335
0.49333333333333335
0.49333333333333335
0.49666666666666665
0.49666666666666665
0.49333333333333335
0.49666666666666665
0.49333333333333335
0.49333333333333335
0.49666666666666665
0.49333333333333335
0.49333333333333335
0.49666666666666665
0.49666666666666665
0.49666666666666665
0.49
0.5
0.49666666666666665
0.49666666666666665
0.49666666666666665
0.49333333333333335
0.49666666666666665
0.49666666666666665
0.49333333333333335
0.49333333333333335
0.49333333333333335
0.49333333333333335
0.49666666666666665
0.49333333333333335
0.49333333333333335
0.49666666666666665
0.49333333333333335
0.49333333333333335
0.49333333333333335
0.49333333333333335
0.49666666666666665
0.49333333333333335
0.49666666666666665
0.49666666666666665
0.49666666666666665
0.49333333333333335
0.49333333333333335
0.49666666666666665
0.4912891986062718
0.49333333333333335
0.5
0.49666666666666665
0.49666666666666665
0.49333333333333335
0.4931972789115646
0.49333333333333335
0.49333333333333335
0.49333333333333335
0.49666666666666665
0.49333333333333335
0.49333333333333335
0.49333333333333335
0.49333333333333335
0.49
0.49666666666666665
0.49666666666666665
0.49333333333333335
0.49333333333333335
0.49333333333333335
0.49333333333333335
0.49333333333333335
0.49666666666666665
0.49333333333333335
0.49666666666666665
0.49666666666666665
0.49666666666666665
0.4916387959866221
0.49333333333333335
0.49666666666666665
0.49333333333333335
0.49333333333333335
0.49333333333333335
0.49666666666666665
0.49333333333333335
0.49333333333333335
0.4931506849315068
0.49
0.49333333333333335
0.49666666666666665
0.49333333333333335
0.49666666666666665
0.49666666666666665
0.49333333333333335
0.49666666666666665
0.49333333333333335
0.49333333333333335
0.49333333333333335
0.49666666666666665
0.49666666666666665
0.49333333333333335
0.49666666666666665
0.49333333333333335
0.49666666666666665
0.49333333333333335
0.49328859060402686
0.49333333333333335
0.49666666666666665
0.49666666666666665
0.49333333333333335
0.49
0.49666666666666665
0.49666666666666665
0.49666666666666665
0.49333333333333335
0.49666666666666665
0.49333333333333335
0.49666666666666665
0.49666666666666665
0.49333333333333335
0.49158249158249157
0.49666666666666665
0.49333333333333335
0.4948453608247423
0.49333333333333335
0.49333333333333335
0.49666666666666665
0.49333333333333335
0.49333333333333335
0.49333333333333335
0.49666666666666665
0.49666666666666665
0.49666666666666665
0.49666666666666665
0.49666666666666665
0.49666666666666665
0.49333333333333335
0.49333333333333335
0.49333333333333335
0.49666666666666665
0.49333333333333335
0.49333333333333335
0.49666666666666665
0.49666666666666665
0.48698884758364314
0.49666666666666665
0.49333333333333335
0.49666666666666665
0.49333333333333335
0.49666666666666665
0.49146757679180886
0.49333333333333335
0.49333333333333335
0.49666666666666665
0.49666666666666665
0.49666666666666665
0.49333333333333335
0.49333333333333335
0.49666666666666665
0.49666666666666665
0.49333333333333335
0.49333333333333335
0.49666666666666665
0.49666666666666665
0.49333333333333335
0.49
0.49666666666666665
0.49666666666666665
0.49
0.49666666666666665
0.49333333333333335
0.5
0.49333333333333335
0.49666666666666665
0.49333333333333335
0.49
0.49333333333333335
0.49666666666666665
0.49333333333333335
0.49333333333333335
0.49666666666666665
0.49666666666666665
0.49333333333333335
0.49333333333333335
0.49666666666666665
0.49666666666666665
0.49333333333333335
0.49666666666666665
0.49666666666666665
0.49333333333333335
0.4931972789115646
0.49333333333333335
0.49666666666666665
0.49333333333333335
0.49333333333333335
0.49666666666666665
0.49666666666666665
0.49666666666666665
0.49333333333333335
0.49666666666666665
0.49333333333333335
0.49666666666666665
0.49666666666666665
0.49666666666666665
0.4946236559139785
0.49333333333333335
0.49666666666666665
0.49666666666666665
0.49666666666666665
0.49666666666666665
0.49333333333333335
0.49333333333333335
0.49333333333333335
0.5
0.49666666666666665
0.49333333333333335
0.49666666666666665
0.49333333333333335
0.49666666666666665
0.49666666666666665
0.49333333333333335
0.49666666666666665
0.49666666666666665
0.49333333333333335
0.49666666666666665
0.49666666666666665
0.49333333333333335
0.49333333333333335
0.49333333333333335
0.49666666666666665
0.49333333333333335
0.49666666666666665
0.49333333333333335
0.49333333333333335
0.49666666666666665
0.49333333333333335
0.49
0.49666666666666665
0.49666666666666665
0.49666666666666665
0.49
0.49666666666666665
0.49333333333333335
0.49666666666666665
0.49333333333333335
0.49333333333333335
0.49
0.49666666666666665
0.49666666666666665
0.49333333333333335
0.49
0.49666666666666665
0.49666666666666665
0.49666666666666665
0.49666666666666665
0.49666666666666665
0.49666666666666665
0.49666666666666665
0.49333333333333335
0.49333333333333335
0.49333333333333335
0.49333333333333335
0.49333333333333335
0.49333333333333335
0.49333333333333335
0.49
0.49333333333333335
0.49666666666666665
0.49333333333333335
0.49666666666666665
0.49333333333333335
0.49146757679180886
0.49333333333333335
0.49333333333333335
0.4966442953020134
0.49333333333333335
0.49333333333333335
0.49666666666666665
0.49666666666666665
0.49333333333333335
0.5
0.49666666666666665
0.49333333333333335
0.49666666666666665
0.49
0.49666666666666665
0.49666666666666665
0.4943820224719101
0.49666666666666665
0.49333333333333335
0.49333333333333335
0.49666666666666665
0.49666666666666665
0.49666666666666665
0.49333333333333335
0.49333333333333335
0.49333333333333335
0.49666666666666665
0.49666666666666665
0.49333333333333335
0.49666666666666665
0.49666666666666665
0.49333333333333335
0.49333333333333335
0.49666666666666665
0.49333333333333335
0.49333333333333335
0.49333333333333335
0.49666666666666665
0.49333333333333335
0.49666666666666665
0.49333333333333335
0.49666666666666665
0.49666666666666665
0.49666666666666665
0.49666666666666665
0.49333333333333335
0.49498327759197325
0.49333333333333335
0.49333333333333335
0.49666666666666665
0.49666666666666665
0.49333333333333335
0.49666666666666665
0.49666666666666665
0.49333333333333335
0.49666666666666665
0.49666666666666665
0.49666666666666665
0.49666666666666665
0.49333333333333335
0.49333333333333335
0.49333333333333335
0.49666666666666665
0.49666666666666665
0.49333333333333335
0.49333333333333335
0.49333333333333335
0.49333333333333335
0.49666666666666665
0.49666666666666665
0.49666666666666665
0.49333333333333335
0.49666666666666665
0.49333333333333335
0.49333333333333335
0.49333333333333335
0.49333333333333335
0.49666666666666665
0.49
0.49333333333333335
0.49333333333333335
0.49666666666666665
0.49333333333333335
0.49333333333333335
0.49333333333333335
0.49666666666666665
0.49333333333333335
0.49666666666666665
0.49666666666666665
0.4966216216216216
0.49333333333333335
0.49666666666666665
0.49666666666666665
0.49666666666666665
0.49666666666666665
0.49333333333333335
0.49333333333333335
0.49666666666666665
0.49333333333333335
0.49666666666666665
0.49333333333333335
0.49333333333333335
0.49333333333333335
0.49333333333333335
0.49666666666666665
0.49666666666666665
0.49333333333333335
0.49333333333333335
0.49666666666666665
0.49666666666666665
0.49333333333333335
0.49666666666666665
0.49666666666666665
0.49666666666666665
0.49333333333333335
0.49333333333333335
0.49333333333333335
0.49333333333333335
0.49333333333333335
0.49666666666666665
0.49333333333333335
0.5
0.49666666666666665
0.49666666666666665
0.49666666666666665
0.49666666666666665
0.49666666666666665
0.49666666666666665
0.49333333333333335
0.49666666666666665
0.49666666666666665
0.49333333333333335
0.49333333333333335
0.49666666666666665
0.49666666666666665
0.49666666666666665
0.49333333333333335
0.49666666666666665
0.49333333333333335
0.49666666666666665
0.49333333333333335
0.49333333333333335
0.49666666666666665
0.49333333333333335
0.49333333333333335
0.49666666666666665
0.49333333333333335
0.49333333333333335
0.49333333333333335
0.49333333333333335
0.49333333333333335
0.5
0.49333333333333335
0.49333333333333335
0.49333333333333335
0.49333333333333335
0.49333333333333335
0.49333333333333335
0.49666666666666665
0.49333333333333335
0.49666666666666665
0.49666666666666665
0.49333333333333335
0.49333333333333335
0.49666666666666665
0.49666666666666665
0.5
0.49333333333333335
0.49333333333333335
0.49666666666666665
0.49333333333333335
0.49666666666666665
0.49666666666666665
0.49333333333333335
0.49666666666666665
0.49666666666666665
0.49666666666666665
0.49333333333333335
0.49666666666666665
0.49333333333333335
0.49666666666666665
0.49666666666666665
0.49666666666666665
0.49333333333333335
0.49333333333333335
0.49666666666666665
0.49666666666666665
0.49333333333333335
0.49666666666666665
0.49
0.49333333333333335
0.49333333333333335
0.49333333333333335
0.49666666666666665
0.49666666666666665
0.49333333333333335
0.49333333333333335
0.49333333333333335
0.49333333333333335
0.49333333333333335
0.49333333333333335
0.49477351916376305
0.49333333333333335
0.49324324324324326
0.49333333333333335
0.49666666666666665
0.49666666666666665
0.49666666666666665
0.49333333333333335
0.49666666666666665
0.49666666666666665
0.49333333333333335
0.49666666666666665
0.49666666666666665
0.49666666666666665
0.49333333333333335
0.49666666666666665
0.49333333333333335
0.49333333333333335
0.49666666666666665
0.49333333333333335
0.49666666666666665
0.49333333333333335
0.49333333333333335
0.49666666666666665
0.49333333333333335
0.49666666666666665
0.49666666666666665
0.49333333333333335
0.49666666666666665
0.49666666666666665
0.49333333333333335
0.49333333333333335
0.49666666666666665
0.49333333333333335
0.49666666666666665
0.49666666666666665
0.49333333333333335
0.49666666666666665
0.49666666666666665
0.49333333333333335
0.49666666666666665
0.49666666666666665
0.49333333333333335
0.49666666666666665
0.49333333333333335
0.49666666666666665
0.49333333333333335
0.49333333333333335
0.49666666666666665
0.49666666666666665
0.49333333333333335
0.49333333333333335
0.49333333333333335
0.49333333333333335
0.49333333333333335
0.49666666666666665
0.49333333333333335
0.49666666666666665
0.49333333333333335
0.49666666666666665
0.49333333333333335
0.49666666666666665
0.49666666666666665
0.49333333333333335
0.49666666666666665
0.49333333333333335
0.49333333333333335
0.49491525423728816
0.49666666666666665
0.49333333333333335
0.49469964664310956
0.49666666666666665
0.49666666666666665
0.49333333333333335
0.49333333333333335
0.49333333333333335
0.49666666666666665
0.49666666666666665
0.49666666666666665
0.49666666666666665
0.49666666666666665
0.49666666666666665
0.49333333333333335
0.49666666666666665
0.5
0.49333333333333335
0.49666666666666665
0.49333333333333335
0.49666666666666665
0.49666666666666665
0.49333333333333335
0.49666666666666665
0.49666666666666665
0.49666666666666665
0.49333333333333335
0.49666666666666665
0.49333333333333335
0.49666666666666665
0.49666666666666665
0.49666666666666665
0.49666666666666665
0.49666666666666665
0.49333333333333335
0.49666666666666665
0.49666666666666665
0.49666666666666665
0.49333333333333335
0.49666666666666665
0.49333333333333335
0.49333333333333335
0.49333333333333335
0.49666666666666665
0.49666666666666665
0.49333333333333335
0.49
0.49333333333333335
0.49666666666666665
0.49666666666666665
0.49333333333333335
0.49333333333333335
0.49333333333333335
0.49333333333333335
0.49666666666666665
0.49333333333333335
0.49666666666666665
0.5
0.49333333333333335
0.49333333333333335
0.49333333333333335
0.49666666666666665
0.49333333333333335
0.49333333333333335
0.49333333333333335
0.49333333333333335
0.49666666666666665
0.49666666666666665
0.49666666666666665
0.49666666666666665
0.49666666666666665
0.49666666666666665
0.49480968858131485
0.49666666666666665
0.49333333333333335
0.49666666666666665
0.49666666666666665
0.49666666666666665
0.49666666666666665
0.49666666666666665
0.49333333333333335
0.49666666666666665
0.49333333333333335
0.49333333333333335
0.49666666666666665
0.49666666666666665
0.49666666666666665
0.49
0.49333333333333335
0.49333333333333335
0.49666666666666665
0.49333333333333335
0.49666666666666665
0.49333333333333335
0.49333333333333335
0.49666666666666665
0.49666666666666665
0.49333333333333335
0.49666666666666665
0.49666666666666665
0.4910394265232975
0.49333333333333335
0.49666666666666665
0.49666666666666665
0.49666666666666665
0.49333333333333335
0.49333333333333335
0.49333333333333335
0.49333333333333335
0.49333333333333335
0.49333333333333335
0.49324324324324326
0.49666666666666665
0.49333333333333335
0.49666666666666665
0.49666666666666665
0.49
0.49
0.49666666666666665
0.49333333333333335
0.5
0.49666666666666665
0.49666666666666665
0.49666666666666665
0.49333333333333335
0.49666666666666665
0.49666666666666665
0.49666666666666665
0.49666666666666665
0.49333333333333335
0.49666666666666665
0.49666666666666665
0.49666666666666665
0.49666666666666665
0.49666666666666665
0.49333333333333335
0.49666666666666665
0.49333333333333335
0.49666666666666665
0.49333333333333335
0.49333333333333335
0.49666666666666665
0.49666666666666665
0.49333333333333335
0.49333333333333335
0.4965277777777778
0.5
0.49666666666666665
0.49666666666666665
0.49333333333333335
0.49666666666666665
0.49
0.4915254237288136
0.49333333333333335
0.49666666666666665
0.49333333333333335
0.49666666666666665
0.49666666666666665
0.49666666666666665
0.49333333333333335
0.49666666666666665
0.49491525423728816
0.49666666666666665
0.49666666666666665
0.49666666666666665
0.49666666666666665
0.49333333333333335
0.49333333333333335
0.5
0.49333333333333335
0.49
0.49333333333333335
0.49333333333333335
0.49333333333333335
0.49666666666666665
0.49666666666666665
0.49666666666666665
0.49333333333333335
0.49333333333333335
0.49666666666666665
0.49666666666666665
0.49333333333333335
0.49333333333333335
0.49666666666666665
0.49333333333333335
0.49333333333333335
0.49333333333333335
0.49666666666666665
0.49333333333333335
0.49333333333333335
0.49666666666666665
0.49333333333333335
0.49333333333333335
0.49666666666666665
0.49666666666666665
0.49333333333333335
0.49666666666666665
0.49333333333333335
0.49333333333333335
0.49
0.49333333333333335
0.49666666666666665
0.49324324324324326
0.49666666666666665
0.49333333333333335
0.49666666666666665
0.49
0.49333333333333335
0.49666666666666665
0.49666666666666665
0.49666666666666665
0.49666666666666665
0.49333333333333335
0.49666666666666665
0.49333333333333335
0.49333333333333335
0.49498327759197325
0.49333333333333335
0.49666666666666665
0.49666666666666665
0.49333333333333335
0.49333333333333335
0.49666666666666665
0.49666666666666665
0.49666666666666665
0.49333333333333335
0.49666666666666665
0.49666666666666665
0.49666666666666665
0.49666666666666665
0.49
0.49333333333333335
0.5
0.49666666666666665
0.49333333333333335
0.49333333333333335
0.49666666666666665
0.49666666666666665
0.49333333333333335
0.49666666666666665
0.49333333333333335
0.49333333333333335
0.5
0.49666666666666665
0.49333333333333335
0.49333333333333335
0.49666666666666665
0.49333333333333335
0.49666666666666665
0.49666666666666665
0.49666666666666665
0.49666666666666665
0.49666666666666665
0.49333333333333335
0.49333333333333335
0.49333333333333335
0.49666666666666665
0.49333333333333335
0.49666666666666665
0.49333333333333335
0.49666666666666665
0.49333333333333335
0.49333333333333335
0.49333333333333335
0.49666666666666665
0.49666666666666665
0.49333333333333335
0.49333333333333335
0.49333333333333335
0.49333333333333335
0.49666666666666665
0.49333333333333335
0.49
0.4931506849315068
0.49666666666666665
0.49666666666666665
0.49333333333333335
0.49333333333333335
0.49333333333333335
0.49333333333333335
0.49666666666666665
0.49666666666666665
0.49333333333333335
0.49333333333333335
0.49666666666666665
0.49122807017543857
0.49666666666666665
0.49
0.49333333333333335
0.49333333333333335
0.49666666666666665
0.49666666666666665
0.49333333333333335
0.49333333333333335
0.49666666666666665
0.49666666666666665
0.5
0.49333333333333335
0.49333333333333335
0.49666666666666665
0.49666666666666665
0.49666666666666665
0.49666666666666665
0.49666666666666665
0.49666666666666665
0.49333333333333335
0.49666666666666665
0.49333333333333335
0.49333333333333335
0.49666666666666665
0.49666666666666665
0.49666666666666665
0.49333333333333335
0.49333333333333335
0.49333333333333335
0.49666666666666665
0.49666666666666665
0.49666666666666665
0.49666666666666665
0.49666666666666665
0.49666666666666665
0.49333333333333335
0.49666666666666665
0.49333333333333335
0.49333333333333335
0.49333333333333335
0.49333333333333335
0.49666666666666665
0.49666666666666665
0.49333333333333335
0.49666666666666665
0.49666666666666665
0.49666666666666665
0.49666666666666665
0.49666666666666665
0.49333333333333335
0.49666666666666665
0.49333333333333335
0.49666666666666665
0.49333333333333335
0.49666666666666665
0.49666666666666665
0.49666666666666665
0.49333333333333335
0.49333333333333335
0.49333333333333335
0.49333333333333335
0.49333333333333335
0.49666666666666665
0.49
0.49666666666666665
0.49333333333333335
0.49666666666666665
0.49666666666666665
0.49666666666666665
0.49333333333333335
0.49333333333333335
0.49666666666666665
0.49333333333333335
0.49333333333333335
0.49333333333333335
0.49666666666666665
0.49666666666666665
0.49666666666666665
0.49666666666666665
0.49333333333333335
0.49333333333333335
0.49666666666666665
0.49333333333333335
0.49666666666666665
0.49333333333333335
0.49333333333333335
0.49333333333333335
0.49666666666666665
0.49666666666666665
0.49333333333333335
0.49666666666666665
0.5
0.49666666666666665
0.49333333333333335
0.49333333333333335
0.49333333333333335
0.49666666666666665
0.49666666666666665
0.49333333333333335
0.49333333333333335
0.49666666666666665
0.49333333333333335
0.49666666666666665
0.49333333333333335
0.49333333333333335
0.49333333333333335
0.49666666666666665
0.49333333333333335
0.5
0.49333333333333335
0.49666666666666665
0.49666666666666665
0.49666666666666665
