0.5833333333333334
0.5454545454545454
0.5
0.631578947368421
0.5116279069767442
0.7142857142857143
0.48
0.5901639344262295
0.5357142857142857
0.5
0.46153846153846156
0.45454545454545453
0.5087719298245614
0.5
0.6
0.43333333333333335
0.48
0.56
0.46875
0.5
0.5176470588235295
0.4888888888888889
0.5272727272727272
0.4392523364485981
0.4838709677419355
0.48717948717948717
0.6
0.4740740740740741
0.4523809523809524
0.5240963855421686
0.44660194174757284
0.4864864864864865
0.5
0.4825174825174825
0.47393364928909953
0.46632124352331605
0.4642857142857143
0.4672897196261682
0.47468354430379744
0.4883720930232558
0.5176470588235295
0.5
0.4966442953020134
0.44285714285714284
0.5161290322580645
0.4727272727272727
0.46825396825396826
0.5
0.4657534246575342
0.44881889763779526
0.44274809160305345
0.45098039215686275
0.4578313253012048
0.45794392523364486
0.4797687861271676
0.47333333333333333
0.45
0.4716981132075472
0.44654088050314467
0.4519230769230769
0.4339622641509434
0.4624277456647399
0.4827586206896552
0.46987951807228917
0.5208333333333334
0.4491525423728814
0.4482758620689655
0.48672566371681414
0.4496124031007752
0.49019607843137253
0.45864661654135336
0.48514851485148514
0.49333333333333335
0.46745562130177515
0.5066666666666667
0.4935064935064935
0.49333333333333335
0.5316455696202531
0.4860335195530726
0.4820717131474104
0.49140893470790376
0.45714285714285713
0.49333333333333335
0.48677248677248675
0.484
0.48502994011976047
0.493006993006993
0.47093023255813954
0.4596774193548387
0.4919786096256685
0.48917748917748916
0.45901639344262296
0.48936170212765956
0.4823529411764706
0.47368421052631576
0.48125
0.4566929133858268
0.448
0.4948453608247423
0.4298245614035088
0.49707602339181284
0.46938775510204084
0.4583333333333333
0.43859649122807015
0.43902439024390244
0.47058823529411764
0.4528301886792453
0.47058823529411764
0.46710526315789475
0.45588235294117646
0.45569620253164556
0.43333333333333335
0.4431818181818182
0.48333333333333334
0.4861878453038674
0.4823529411764706
0.45
0.4907749077490775
0.4676258992805755
0.475
0.48
0.5056603773584906
0.5066666666666667
0.49
0.4941860465116279
0.5112107623318386
0.5133333333333333
0.5
0.4951923076923077
0.4782608695652174
0.49
0.5041322314049587
0.4945054945054945
0.5033333333333333
0.49019607843137253
0.484375
0.5025380710659898
0.5
0.49666666666666665
0.5123674911660777
0.46564885496183206
0.5054545454545455
0.4866666666666667
0.49666666666666665
0.49333333333333335
0.4835164835164835
0.51
0.48344370860927155
0.489010989010989
0.4748201438848921
0.5066666666666667
0.48333333333333334
0.48333333333333334
0.48095238095238096
0.49140893470790376
0.45161290322580644
0.46540880503144655
0.4777777777777778
0.49
0.4573643410852713
0.4869109947643979
0.49206349206349204
0.47844827586206895
0.48372093023255813
0.5170068027210885
0.48360655737704916
0.5133333333333333
0.49666666666666665
0.5133333333333333
0.5078740157480315
0.49666666666666665
0.5086206896551724
0.5033333333333333
0.521551724137931
0.5033333333333333
0.5033333333333333
0.5091575091575091
0.5066666666666667
0.5066666666666667
0.5068493150684932
0.49666666666666665
0.49666666666666665
0.5
0.49666666666666665
0.49666666666666665
0.49193548387096775
0.49333333333333335
0.49333333333333335
0.4957983193277311
0.4911660777385159
0.49224806201550386
0.4908256880733945
0.4963235294117647
0.484375
0.49615384615384617
0.4976303317535545
0.47572815533980584
0.5
0.5
0.4782608695652174
0.5033333333333333
0.4911504424778761
0.49666666666666665
0.5066666666666667
0.49666666666666665
0.5
0.48598130841121495
0.5033333333333333
0.5
0.5066666666666667
0.5033333333333333
0.49572649572649574
0.49640287769784175
0.49666666666666665
0.5078125
0.5033333333333333
0.5
0.5066666666666667
0.49714285714285716
0.5
0.49666666666666665
0.5033333333333333
0.49333333333333335
0.5
0.5
0.49666666666666665
0.4975369458128079
0.49333333333333335
0.5025906735751295
0.5020746887966805
0.49333333333333335
0.5019305019305019
0.5
0.49666666666666665
0.4957983193277311
0.5033333333333333
0.49666666666666665
0.49666666666666665
0.5
0.5
0.4866666666666667
0.5033333333333333
0.5
0.49666666666666665
0.5033333333333333
0.5
0.49666666666666665
0.49280575539568344
0.49280575539568344
0.49333333333333335
0.49295774647887325
0.5033333333333333
0.49666666666666665
0.49333333333333335
0.48717948717948717
0.49666666666666665
0.5028248587570622
0.49666666666666665
0.48360655737704916
0.48847926267281105
0.48880597014925375
0.48507462686567165
0.49333333333333335
0.5022421524663677
0.48299319727891155
0.5
0.4859154929577465
0.4966442953020134
0.4936708860759494
0.5033333333333333
0.48854961832061067
0.5
0.49333333333333335
0.5
0.4878048780487805
0.47706422018348627
0.4755244755244755
0.49666666666666665
0.45871559633027525
0.4940239043824701
0.4931506849315068
0.49777777777777776
0.4854368932038835
0.4744525547445255
0.45454545454545453
0.49019607843137253
0.49242424242424243
0.48535564853556484
0.46956521739130436
0.46296296296296297
0.48120300751879697
0.4810810810810811
0.49295774647887325
0.48
0.4519230769230769
0.49056603773584906
0.45901639344262296
0.46153846153846156
0.4715447154471545
0.4900990099009901
0.47692307692307695
0.4563106796116505
0.46715328467153283
0.48026315789473684
0.4715447154471545
0.48760330578512395
0.4943820224719101
0.5
0.4766355140186916
0.4772727272727273
0.4928909952606635
0.48945147679324896
0.49214659685863876
0.48638132295719844
0.49760765550239233
0.4868421052631579
0.4891304347826087
0.4870848708487085
0.48058252427184467
0.4890829694323144
0.48826291079812206
0.49333333333333335
0.4859154929577465
0.48535564853556484
0.4928571428571429
0.4806201550387597
0.4797297297297297
0.4852941176470588
0.48868778280542985
0.48698884758364314
0.4878048780487805
0.48535564853556484
0.48444444444444446
0.4928909952606635
0.5
0.48770491803278687
0.49242424242424243
0.49264705882352944
0.5
0.4900398406374502
0.49328859060402686
0.49158249158249157
0.4946236559139785
0.48880597014925375
0.5
0.49333333333333335
0.5033333333333333
0.49
0.5066666666666667
0.5033333333333333
0.49333333333333335
0.5066666666666667
0.51
0.5
0.5066666666666667
0.5
0.5
0.49666666666666665
0.49333333333333335
0.5033333333333333
0.49666666666666665
0.5
0.49333333333333335
0.49333333333333335
0.5033333333333333
0.5
0.49
0.49666666666666665
0.49666666666666665
0.5033333333333333
0.5066666666666667
0.5
0.5
0.5033333333333333
0.5066666666666667
0.5033333333333333
0.49666666666666665
0.5
0.49333333333333335
0.5066666666666667
0.5
0.5
0.49666666666666665
0.5066666666666667
0.49666666666666665
0.49333333333333335
0.49666666666666665
0.5
0.5066666666666667
0.5033333333333333
0.5033333333333333
0.5074626865671642
0.5066666666666667
0.49523809523809526
0.5033333333333333
0.5033333333333333
0.51
0.5
0.5092250922509225
0.5055762081784386
0.5
0.5
0.49333333333333335
0.49333333333333335
0.49333333333333335
0.5033333333333333
0.4940239043824701
0.5066666666666667
0.5
0.5066666666666667
0.5067114093959731
0.5133333333333333
0.49333333333333335
0.4981949458483754
0.5
0.5066666666666667
0.51
0.5066666666666667
0.4977578475336323
0.49666666666666665
0.5033333333333333
0.49666666666666665
0.5133333333333333
0.49
0.4948453608247423
0.49783549783549785
0.49666666666666665
0.49333333333333335
0.51
0.5033333333333333
0.5
0.5
0.5
0.49
0.4866666666666667
0.5033333333333333
0.5133333333333333
0.5033333333333333
0.5133333333333333
0.5020746887966805
0.5133333333333333
0.5
0.5033333333333333
0.5066666666666667
0.5033333333333333
0.5066666666666667
0.5
0.5033333333333333
0.5133333333333333
0.51
0.49411764705882355
0.509090909090909
0.5033333333333333
0.4980544747081712
0.49666666666666665
0.5033333333333333
0.51
0.5133333333333333
0.5133333333333333
0.5066666666666667
0.5078125
0.5033333333333333
0.5272727272727272
0.51
0.51
0.49666666666666665
0.5033333333333333
0.5042735042735043
0.5083612040133779
0.5
0.49586776859504134
0.5
0.5066666666666667
0.51
0.51
0.5066666666666667
0.51
0.5066666666666667
0.5070422535211268
0.51
0.5066666666666667
0.5
0.5033333333333333
0.5020576131687243
0.49666666666666665
0.5079365079365079
0.4975845410628019
0.49830508474576274
0.5033333333333333
0.4935064935064935
0.5
0.5033333333333333
0.49666666666666665
0.5066666666666667
0.51
0.51
0.49333333333333335
0.5066666666666667
0.506993006993007
0.5066666666666667
0.5024630541871922
0.49666666666666665
0.5033333333333333
0.49333333333333335
0.5095057034220533
0.49666666666666665
0.49
0.5066666666666667
0.5
0.49666666666666665
0.5
0.5
0.49333333333333335
0.49666666666666665
0.5
0.5
0.5
0.5
0.5033333333333333
0.49666666666666665
0.5
0.5066666666666667
0.49666666666666665
0.5033333333333333
0.5066666666666667
0.5033333333333333
0.49666666666666665
0.49333333333333335
0.5033333333333333
0.5
0.5
0.5
0.5033333333333333
0.5066666666666667
0.5033333333333333
0.5033333333333333
0.5050847457627119
0.5033333333333333
0.5033333333333333
0.5
0.51
0.5
0.5033333333333333
0.5066666666666667
0.5
0.5033333333333333
0.5
0.51
0.5
0.5
0.5
0.5
0.49666666666666665
0.5
0.5
0.49333333333333335
0.5
0.49666666666666665
0.5
0.49666666666666665
0.49333333333333335
0.5033333333333333
0.49666666666666665
0.49666666666666665
0.5033333333333333
0.49666666666666665
0.49666666666666665
0.49333333333333335
0.5
0.5033333333333333
0.5
0.49
0.5
0.49666666666666665
0.5
0.5066666666666667
0.49666666666666665
0.49666666666666665
0.49666666666666665
0.5
0.5033333333333333
0.5
0.5
0.5
0.5
0.49666666666666665
0.49666666666666665
0.5
0.49666666666666665
0.49666666666666665
0.49333333333333335
0.5033333333333333
0.5033333333333333
0.5
0.5
0.49666666666666665
0.49666666666666665
0.49666666666666665
0.5
0.51
0.5
0.49666666666666665
0.5
0.49333333333333335
0.49666666666666665
0.49666666666666665
0.49666666666666665
0.5133333333333333
0.5
0.49333333333333335
0.5
0.49666666666666665
0.49333333333333335
0.5
0.49666666666666665
0.49666666666666665
0.5033333333333333
0.49666666666666665
0.5
0.5033333333333333
0.5
0.5
0.49666666666666665
0.49333333333333335
0.5033333333333333
0.5
0.49333333333333335
0.5066666666666667
0.5066666666666667
0.5
0.49
0.5
0.5
0.5033333333333333
0.51
0.5
0.5066666666666667
0.5033333333333333
0.5
0.5
0.5
0.49
0.49666666666666665
0.5
0.49333333333333335
0.5066666666666667
0.5033333333333333
0.49666666666666665
0.49666666666666665
0.49666666666666665
0.5
0.5033333333333333
0.5
0.5
0.5033333333333333
0.5033333333333333
0.5033333333333333
0.5
0.49666666666666665
0.49666666666666665
0.5
0.49333333333333335
0.5066666666666667
0.5033333333333333
0.5
0.49666666666666665
0.49666666666666665
0.49666666666666665
0.5033333333333333
0.49333333333333335
0.5
0.5033333333333333
0.5
0.5
0.5
0.49666666666666665
0.5
0.5
0.5033333333333333
0.49666666666666665
0.5033333333333333
0.5033333333333333
0.5
0.5033333333333333
0.5066666666666667
0.5
0.5
0.49666666666666665
0.5033333333333333
0.5
0.49666666666666665
0.5033333333333333
0.5033333333333333
0.5
0.5033333333333333
0.5033333333333333
0.5033333333333333
0.49666666666666665
0.5033333333333333
0.5066666666666667
0.5
0.5033333333333333
0.49666666666666665
0.49666666666666665
0.5
0.5
0.49666666666666665
0.5033333333333333
0.5
0.5
0.5
0.5033333333333333
0.49666666666666665
0.5
0.49666666666666665
0.5066666666666667
0.5
0.5066666666666667
0.5
0.5
0.5033333333333333
0.5
0.5033333333333333
0.49666666666666665
0.5033333333333333
0.5066666666666667
0.49666666666666665
0.5033333333333333
0.5
0.5033333333333333
0.5033333333333333
0.5
0.5
0.49666666666666665
0.5
0.5
0.49666666666666665
0.5033333333333333
0.5
0.49666666666666665
0.5033333333333333
0.49666666666666665
0.5033333333333333
0.5
0.49666666666666665
0.49666666666666665
0.5
0.5
0.5033333333333333
0.5
0.49666666666666665
0.5033333333333333
0.49333333333333335
0.5
0.49666666666666665
0.49666666666666665
0.5
0.5033333333333333
0.5033333333333333
0.49666666666666665
0.49666666666666665
0.5
0.49666666666666665
0.5033333333333333
0.5
0.5
0.5
0.49666666666666665
0.5033333333333333
0.5033333333333333
0.5
0.5
0.5
0.5
0.5
0.5033333333333333
0.5
0.5033333333333333
0.5
0.49666666666666665
0.5
0.5
0.5
0.49666666666666665
0.49666666666666665
0.5
0.49666666666666665
0.5
0.5
0.5033333333333333
0.5033333333333333
0.5033333333333333
0.5
0.49666666666666665
0.49666666666666665
0.49666666666666665
0.5
0.5
0.5033333333333333
0.5
0.5033333333333333
0.5
0.5033333333333333
0.5033333333333333
0.49666666666666665
0.5033333333333333
0.5033333333333333
0.5033333333333333
0.49666666666666665
0.5
0.5033333333333333
0.5033333333333333
0.5
0.5
0.5
0.5
0.5
0.5
0.5
0.49666666666666665
0.5033333333333333
0.5
0.5
0.49666666666666665
0.5033333333333333
0.5033333333333333
0.5033333333333333
0.5
0.5
0.5
0.5
0.5
0.5033333333333333
0.5
0.5033333333333333
0.5
0.5066666666666667
0.5066666666666667
0.5033333333333333
0.5033333333333333
0.5
0.5
0.5033333333333333
0.5033333333333333
0.5
0.5033333333333333
0.5033333333333333
0.49666666666666665
0.5
0.5066666666666667
0.5033333333333333
0.5033333333333333
0.5
0.5033333333333333
0.5
0.5066666666666667
0.49666666666666665
0.5033333333333333
0.5033333333333333
0.5
0.5033333333333333
0.5
0.49666666666666665
0.5
0.5
0.5033333333333333
0.5
0.5033333333333333
0.5
0.5033333333333333
0.49666666666666665
0.5
0.5033333333333333
0.5
0.49666666666666665
0.5
0.49666666666666665
0.5
0.5
0.49666666666666665
0.5033333333333333
0.5066666666666667
0.5
0.5
0.5066666666666667
0.49333333333333335
0.51
0.5033333333333333
0.5
0.5
0.49333333333333335
0.49666666666666665
0.49333333333333335
0.5033333333333333
0.5
0.49666666666666665
0.5066666666666667
0.49666666666666665
0.5
0.5
0.5
0.49333333333333335
0.49666666666666665
0.5
0.5066666666666667
0.49333333333333335
0.5
0.49666666666666665
0.5066666666666667
0.4963768115942029
0.5
0.5033333333333333
0.5
0.5
0.5066666666666667
0.5
0.49
0.49666666666666665
0.5073170731707317
0.49666666666666665
0.49333333333333335
0.49333333333333335
0.5
0.49333333333333335
0.5066666666666667
0.5
0.49
0.5
0.5066666666666667
0.49666666666666665
0.5033333333333333
0.5
0.49333333333333335
0.5033333333333333
0.49825783972125437
0.5
0.49666666666666665
0.5
0.5033333333333333
0.5
0.49666666666666665
0.5033333333333333
0.5033333333333333
0.49333333333333335
0.5
0.49333333333333335
0.49666666666666665
0.5066666666666667
0.5033333333333333
0.5033333333333333
0.49666666666666665
0.49333333333333335
0.49666666666666665
0.5066666666666667
0.5033333333333333
0.49666666666666665
0.49666666666666665
0.5033333333333333
0.5
0.5066666666666667
0.5066666666666667
0.5066666666666667
0.49333333333333335
0.5033333333333333
0.49666666666666665
0.5
0.5066666666666667
0.49666666666666665
0.5033333333333333
0.5033333333333333
0.49666666666666665
0.5
0.49
0.5066666666666667
0.5033333333333333
0.5066666666666667
0.5066666666666667
0.5033333333333333
0.5066666666666667
0.5
0.5033333333333333
0.5033333333333333
0.49666666666666665
0.5033333333333333
0.5033333333333333
0.5
0.5033333333333333
0.5066666666666667
0.5033557046979866
0.49333333333333335
0.49783549783549785
0.49666666666666665
0.5033333333333333
0.5
0.5066666666666667
0.5033333333333333
0.49666666666666665
0.5
0.49666666666666665
0.49666666666666665
