0.4444444444444444
0.48484848484848486
0.6153846153846154
0.5238095238095238
0.5
0.46938775510204084
0.4473684210526316
0.5263157894736842
0.41935483870967744
0.5925925925925926
0.5
0.40625
0.5416666666666666
0.48148148148148145
0.6428571428571429
0.5
0.45454545454545453
0.5
0.48484848484848486
0.5
0.48
0.48672566371681414
0.47058823529411764
0.46236559139784944
0.4473684210526316
0.46153846153846156
0.53125
0.43283582089552236
0.5033333333333333
0.5154639175257731
0.5
0.5056179775280899
0.48863636363636365
0.5
0.5056179775280899
0.4631578947368421
0.4939759036144578
0.5168539325842697
0.5174418604651163
0.48214285714285715
0.49411764705882355
0.5175438596491229
0.4782608695652174
0.49666666666666665
0.5084745762711864
0.49079754601226994
0.524390243902439
0.504
0.5066666666666667
0.497737556561086
0.49666666666666665
0.5
0.49333333333333335
0.49572649572649574
0.49387755102040815
0.47093023255813954
0.4552238805970149
0.45454545454545453
0.4897959183673469
0.46534653465346537
0.44166666666666665
0.4666666666666667
0.47058823529411764
0.4411764705882353
0.43636363636363634
0.4632352941176471
0.4603174603174603
0.43859649122807015
0.44166666666666665
0.4351851851851852
0.44
0.4782608695652174
0.45217391304347826
0.422680412371134
0.4318181818181818
0.45614035087719296
0.4339622641509434
0.4489795918367347
0.46153846153846156
0.48333333333333334
0.42696629213483145
0.4367816091954023
0.44
0.4603174603174603
0.46
0.4392523364485981
0.45
0.4418604651162791
0.4727272727272727
0.46875
0.43859649122807015
0.4567901234567901
0.44660194174757284
0.45714285714285713
0.4647887323943662
0.4576271186440678
0.4857142857142857
0.46808510638297873
0.42592592592592593
0.4375
0.456
0.4225352112676056
0.4496124031007752
0.4444444444444444
0.4444444444444444
0.4482758620689655
0.44
0.45384615384615384
0.453125
0.42857142857142855
0.44036697247706424
0.42857142857142855
0.45038167938931295
0.45
0.46153846153846156
0.4270833333333333
0.4444444444444444
0.42718446601941745
0.42990654205607476
0.4406779661016949
0.4383561643835616
0.4482758620689655
0.43243243243243246
0.4838709677419355
0.44594594594594594
0.4519230769230769
0.43548387096774194
0.4489795918367347
0.4318181818181818
0.4634146341463415
0.4666666666666667
0.45454545454545453
0.4375
0.4423076923076923
0.45454545454545453
0.4444444444444444
0.42424242424242425
0.45
0.4716981132075472
0.43956043956043955
0.44155844155844154
0.46153846153846156
0.4358974358974359
0.43636363636363634
0.44036697247706424
0.4489795918367347
0.4583333333333333
0.45
0.43478260869565216
0.44776119402985076
0.43636363636363634
0.44036697247706424
0.44144144144144143
0.4230769230769231
0.4215686274509804
0.44680851063829785
0.4383561643835616
0.43243243243243246
0.4473684210526316
0.4426229508196721
0.4426229508196721
0.43636363636363634
0.44360902255639095
0.4339622641509434
0.4369747899159664
0.4421052631578947
0.43103448275862066
0.44155844155844154
0.42592592592592593
0.4434782608695652
0.4444444444444444
0.44642857142857145
0.42857142857142855
0.44144144144144143
0.42735042735042733
0.422680412371134
0.4369747899159664
0.43243243243243246
0.42574257425742573
0.4528301886792453
0.45
0.43243243243243246
0.4358974358974359
0.4418604651162791
0.44274809160305345
0.4594594594594595
0.4444444444444444
0.41836734693877553
0.4423076923076923
0.4375
0.4375
0.4418604651162791
0.43617021276595747
0.43103448275862066
0.45161290322580644
0.42857142857142855
0.42424242424242425
0.422680412371134
0.44776119402985076
0.4444444444444444
0.4411764705882353
0.43103448275862066
0.4634146341463415
0.4375
0.4344262295081967
0.44680851063829785
0.4318181818181818
0.43478260869565216
0.45161290322580644
0.46153846153846156
0.4215686274509804
0.43478260869565216
0.4358974358974359
0.4262295081967213
0.46153846153846156
0.43859649122807015
0.44360902255639095
0.425
0.4406779661016949
0.43478260869565216
0.43859649122807015
0.4423076923076923
0.4339622641509434
0.4298245614035088
0.4462809917355372
0.42452830188679247
0.42857142857142855
0.4270833333333333
0.44545454545454544
0.43859649122807015
0.45045045045045046
0.4406779661016949
0.46153846153846156
0.4205607476635514
0.44285714285714284
0.4457831325301205
0.4105263157894737
0.42528735632183906
0.4375
0.4351851851851852
0.43209876543209874
0.4523809523809524
0.45098039215686275
0.43478260869565216
0.4489795918367347
0.46153846153846156
0.4482758620689655
0.43548387096774194
0.4423076923076923
0.4339622641509434
0.42857142857142855
0.45098039215686275
0.44
0.45
0.43037974683544306
0.4716981132075472
0.4528301886792453
0.44642857142857145
0.46511627906976744
0.4411764705882353
0.4431818181818182
0.4406779661016949
0.4358974358974359
0.45569620253164556
0.47058823529411764
0.45454545454545453
0.4461538461538462
0.4583333333333333
0.4375
0.46551724137931033
0.43
0.45161290322580644
0.45454545454545453
0.43243243243243246
0.42528735632183906
0.4605263157894737
0.44
0.4264705882352941
0.4430379746835443
0.45263157894736844
0.4262295081967213
0.43478260869565216
0.42857142857142855
0.4222222222222222
0.42105263157894735
0.4222222222222222
0.4418604651162791
0.4479166666666667
0.47058823529411764
0.43037974683544306
0.4444444444444444
0.4411764705882353
0.4358974358974359
0.4444444444444444
0.4375
0.4367816091954023
0.4482758620689655
0.43902439024390244
0.4380952380952381
0.4594594594594595
0.46153846153846156
0.425
0.42857142857142855
0.4090909090909091
0.44285714285714284
0.4489795918367347
0.4426229508196721
0.4270833333333333
0.42718446601941745
0.4358974358974359
0.4666666666666667
0.4406779661016949
0.4175824175824176
0.44
0.43478260869565216
0.42990654205607476
0.43137254901960786
0.4247787610619469
0.4473684210526316
0.4298245614035088
0.43243243243243246
0.43037974683544306
0.41836734693877553
0.43103448275862066
0.4594594594594595
0.43636363636363634
0.42105263157894735
0.44715447154471544
0.4434782608695652
0.4351851851851852
0.43243243243243246
0.4666666666666667
0.422680412371134
0.4375
0.4166666666666667
0.4336283185840708
0.4329896907216495
0.4444444444444444
0.43333333333333335
0.4473684210526316
0.4421052631578947
0.4307692307692308
0.45901639344262296
0.43902439024390244
0.44680851063829785
0.43548387096774194
0.43373493975903615
0.43243243243243246
0.4444444444444444
0.4367816091954023
0.4431818181818182
0.46
0.45535714285714285
0.4520547945205479
0.45454545454545453
0.4492753623188406
0.4470588235294118
0.43661971830985913
0.4375
0.45555555555555555
0.4528301886792453
0.449438202247191
0.42424242424242425
0.45
0.43333333333333335
0.43956043956043955
0.44155844155844154
0.45454545454545453
0.4444444444444444
0.4444444444444444
0.4383561643835616
0.45054945054945056
0.4444444444444444
0.46551724137931033
0.4418604651162791
0.4426229508196721
0.46296296296296297
0.4507042253521127
0.4358974358974359
0.4307692307692308
0.46
0.42592592592592593
0.4418604651162791
0.4426229508196721
0.43333333333333335
0.4444444444444444
0.45054945054945056
0.47058823529411764
0.43478260869565216
0.4642857142857143
0.4318181818181818
0.45
0.44642857142857145
0.475
0.45614035087719296
0.45901639344262296
0.43548387096774194
0.43243243243243246
0.43103448275862066
0.4411764705882353
0.46511627906976744
0.45
0.45098039215686275
0.4230769230769231
0.4605263157894737
0.4393939393939394
0.46153846153846156
0.44680851063829785
0.43478260869565216
0.45569620253164556
0.44680851063829785
0.45454545454545453
0.4603174603174603
0.45
0.453125
0.45714285714285713
0.4266666666666667
0.44642857142857145
0.43478260869565216
0.44155844155844154
0.4603174603174603
0.4406779661016949
0.43103448275862066
0.45
0.425531914893617
0.44642857142857145
0.4431818181818182
0.4444444444444444
0.44776119402985076
0.43333333333333335
0.4375
0.46
0.45454545454545453
0.46
0.46296296296296297
0.4666666666666667
0.43243243243243246
0.45
0.4745762711864407
0.4489795918367347
0.45454545454545453
0.45454545454545453
0.44680851063829785
0.45588235294117646
0.45454545454545453
0.46153846153846156
0.45901639344262296
0.4423076923076923
0.45454545454545453
0.45901639344262296
0.45714285714285713
0.45652173913043476
0.4423076923076923
0.45454545454545453
0.4489795918367347
0.4406779661016949
0.44642857142857145
0.47368421052631576
0.45161290322580644
0.44680851063829785
0.43902439024390244
0.4523809523809524
0.4358974358974359
0.46
0.453125
0.45098039215686275
0.453125
0.4489795918367347
0.453125
0.4482758620689655
0.45
0.45161290322580644
0.45714285714285713
0.4444444444444444
0.4489795918367347
0.45588235294117646
0.42857142857142855
0.44642857142857145
0.44776119402985076
0.4647887323943662
0.4318181818181818
0.4528301886792453
0.4482758620689655
0.4489795918367347
0.47619047619047616
0.4457831325301205
0.44
0.45454545454545453
0.4444444444444444
0.45714285714285713
0.43636363636363634
0.43137254901960786
0.4528301886792453
0.4473684210526316
0.4426229508196721
0.45454545454545453
0.44776119402985076
0.42105263157894735
0.4444444444444444
0.45614035087719296
0.46
0.46153846153846156
0.4418604651162791
0.4411764705882353
0.46808510638297873
0.44680851063829785
0.45652173913043476
0.47368421052631576
0.4473684210526316
0.4444444444444444
0.43243243243243246
0.4594594594594595
0.4444444444444444
0.4482758620689655
0.4444444444444444
0.45161290322580644
0.45652173913043476
0.43902439024390244
0.47058823529411764
0.4482758620689655
0.43902439024390244
0.45161290322580644
0.46153846153846156
0.47619047619047616
0.47619047619047616
0.4375
0.4666666666666667
0.4375
0.45454545454545453
0.45454545454545453
0.46875
0.4444444444444444
0.44
0.4375
0.4375
0.48148148148148145
0.44
0.45454545454545453
0.45
0.4482758620689655
0.4482758620689655
0.5
0.4827586206896552
0.46511627906976744
0.4411764705882353
0.4827586206896552
0.44
0.5
0.47368421052631576
0.4482758620689655
0.4594594594594595
0.48484848484848486
0.45
0.48
0.4827586206896552
0.4642857142857143
0.48
0.45454545454545453
0.4666666666666667
0.48148148148148145
0.4838709677419355
0.4827586206896552
0.47619047619047616
0.45
0.4827586206896552
0.45161290322580644
0.5
0.4782608695652174
0.4782608695652174
0.46875
0.47058823529411764
0.4482758620689655
0.5
0.4666666666666667
0.4827586206896552
0.5
0.48
0.5
0.4583333333333333
0.46153846153846156
0.4482758620689655
0.5
0.5
0.46153846153846156
0.5238095238095238
0.5
0.4482758620689655
0.5
0.4583333333333333
0.4482758620689655
0.46153846153846156
0.4230769230769231
0.47368421052631576
0.4782608695652174
0.4666666666666667
0.48148148148148145
0.45714285714285713
0.4827586206896552
0.5
0.5
0.45454545454545453
0.4782608695652174
0.5
0.4827586206896552
0.48
0.4827586206896552
0.46153846153846156
0.45
0.46153846153846156
0.47619047619047616
0.46153846153846156
0.47619047619047616
0.47368421052631576
0.45
0.4666666666666667
0.4782608695652174
0.45454545454545453
0.4482758620689655
0.4782608695652174
0.47368421052631576
0.45454545454545453
0.4642857142857143
0.47619047619047616
0.4782608695652174
0.48
0.5
0.45454545454545453
0.46153846153846156
0.4482758620689655
0.47368421052631576
0.46153846153846156
0.5
0.4827586206896552
0.4782608695652174
0.46153846153846156
0.4782608695652174
0.5294117647058824
0.5
0.4782608695652174
0.47619047619047616
0.4583333333333333
0.48
0.5
0.5
0.45
0.45454545454545453
0.4827586206896552
0.4444444444444444
0.4782608695652174
0.4583333333333333
0.5
0.45
0.5
0.4782608695652174
0.47368421052631576
0.46153846153846156
0.48
0.5
0.5
0.5
0.5
0.5
0.5
0.47368421052631576
0.5
0.5263157894736842
0.47058823529411764
0.47368421052631576
0.47619047619047616
0.5238095238095238
0.45
0.46153846153846156
0.47368421052631576
0.5
0.5
0.47619047619047616
0.5
0.4782608695652174
0.47368421052631576
0.47619047619047616
0.5238095238095238
0.5238095238095238
0.5
0.4782608695652174
0.5
0.47058823529411764
0.45454545454545453
0.4782608695652174
0.47619047619047616
0.5555555555555556
0.5454545454545454
0.5
0.5217391304347826
0.5238095238095238
0.5
0.5
0.5
0.46153846153846156
0.5
0.5333333333333333
0.5
0.5
0.5
0.5
0.5
0.47619047619047616
0.5263157894736842
0.5384615384615384
0.5
0.5
0.5294117647058824
0.5263157894736842
0.5625
0.47058823529411764
0.5384615384615384
0.47619047619047616
0.5
0.5
0.5294117647058824
0.5
0.4444444444444444
0.5263157894736842
0.5
0.5555555555555556
0.47058823529411764
0.5294117647058824
0.5294117647058824
0.5
0.47058823529411764
0.5294117647058824
0.5714285714285714
0.5333333333333333
0.5
0.5
0.5294117647058824
0.47058823529411764
0.5
0.6
0.5833333333333334
0.5333333333333333
0.5
0.5
0.5294117647058824
0.5
0.5625
0.5833333333333334
0.5625
0.5555555555555556
0.5
0.5555555555555556
0.5625
0.5
0.5833333333333334
0.5238095238095238
0.5625
0.5
0.55
0.5333333333333333
0.5
0.5333333333333333
0.5263157894736842
0.5625
0.5
0.5714285714285714
0.5294117647058824
0.5294117647058824
0.5333333333333333
0.5384615384615384
0.5
0.5
0.5714285714285714
0.5333333333333333
0.5294117647058824
0.5263157894736842
0.5384615384615384
0.5294117647058824
0.5263157894736842
0.5625
0.5
0.5
0.5294117647058824
0.5384615384615384
0.6666666666666666
0.5294117647058824
0.5555555555555556
0.5
0.5
0.6153846153846154
0.5555555555555556
0.5714285714285714
0.5263157894736842
0.5
0.5384615384615384
0.5294117647058824
0.6153846153846154
0.5833333333333334
0.5
0.5333333333333333
0.5833333333333334
0.5625
0.5833333333333334
0.5625
0.5625
0.6153846153846154
0.5333333333333333
0.5714285714285714
0.6
0.5833333333333334
0.5384615384615384
0.5625
0.5714285714285714
0.5833333333333334
0.6
0.6153846153846154
0.5384615384615384
0.5833333333333334
0.5833333333333334
0.5714285714285714
0.6153846153846154
0.6923076923076923
0.6
0.5714285714285714
0.6153846153846154
0.6153846153846154
0.6153846153846154
0.6363636363636364
0.6
0.5833333333333334
0.6666666666666666
0.6
0.6363636363636364
0.5714285714285714
0.6153846153846154
0.6428571428571429
0.6153846153846154
0.6153846153846154
0.6153846153846154
0.6666666666666666
0.5714285714285714
0.6
0.6
0.6153846153846154
0.5833333333333334
0.6363636363636364
0.5625
0.6363636363636364
0.5833333333333334
0.6
0.5833333333333334
0.5714285714285714
0.6923076923076923
0.6153846153846154
0.5833333333333334
0.6
0.6363636363636364
0.6153846153846154
0.7272727272727273
0.6
0.7
0.7
0.5833333333333334
0.6666666666666666
0.5454545454545454
0.6923076923076923
0.5833333333333334
0.6153846153846154
0.6666666666666666
0.6363636363636364
0.6363636363636364
0.6363636363636364
0.6666666666666666
0.5714285714285714
0.6153846153846154
0.6666666666666666
0.6923076923076923
0.7
0.6363636363636364
0.7777777777777778
0.8181818181818182
0.6153846153846154
0.7272727272727273
0.6363636363636364
0.6428571428571429
0.7272727272727273
0.6
0.6153846153846154
0.7
0.6153846153846154
0.5833333333333334
0.7
0.7
0.6923076923076923
0.6363636363636364
0.6666666666666666
0.7272727272727273
0.5833333333333334
0.7777777777777778
0.6153846153846154
0.7
0.6
0.7
0.6
0.6
0.7777777777777778
0.7777777777777778
0.75
0.6666666666666666
0.7272727272727273
0.6
0.7
0.6363636363636364
0.6363636363636364
0.6666666666666666
0.6363636363636364
0.5833333333333334
0.7
0.6363636363636364
0.7
0.6666666666666666
0.6923076923076923
0.7
0.7777777777777778
0.7
0.7777777777777778
0.7272727272727273
0.6363636363636364
0.7272727272727273
0.7
0.7272727272727273
0.7
0.7272727272727273
0.6363636363636364
0.7777777777777778
0.7
0.7
0.7777777777777778
0.7777777777777778
0.6
0.6363636363636364
0.75
0.6666666666666666
0.7
0.7777777777777778
0.7
0.8
0.7777777777777778
0.8888888888888888
0.8181818181818182
0.8888888888888888
0.7777777777777778
0.7272727272727273
0.8
0.8
0.7272727272727273
0.7777777777777778
0.8
0.7
0.875
0.7272727272727273
0.6363636363636364
0.7777777777777778
0.8
0.7777777777777778
0.875
0.7777777777777778
0.7777777777777778
0.875
0.875
0.7272727272727273
1.0
0.8888888888888888
0.8181818181818182
0.7
0.8181818181818182
0.8
0.7272727272727273
0.8181818181818182
0.9
0.8181818181818182
0.7777777777777778
0.7
0.8888888888888888
0.8888888888888888
0.8
0.8888888888888888
0.8
0.9
0.8888888888888888
0.9
0.7272727272727273
0.8888888888888888
0.9
0.8
0.8
0.7777777777777778
0.8
0.8181818181818182
1.0
0.8
0.8888888888888888
