0.5263157894736842
0.5
0.5333333333333333
0.5263157894736842
0.45454545454545453
0.45454545454545453
0.47619047619047616
0.4444444444444444
0.48148148148148145
0.5
0.4634146341463415
0.47619047619047616
0.47058823529411764
0.4657534246575342
0.4583333333333333
0.4444444444444444
0.4533333333333333
0.4444444444444444
0.46511627906976744
0.4375
0.47959183673469385
0.4725274725274725
0.4642857142857143
0.5033333333333333
0.4777777777777778
0.47560975609756095
0.5133333333333333
0.5033333333333333
0.5033333333333333
0.5033333333333333
0.5
0.46875
0.5
0.4838709677419355
0.5066666666666667
0.5
0.4803921568627451
0.5066666666666667
0.5033333333333333
0.5033333333333333
0.5
0.48
0.5
0.5
0.5
0.5
0.48598130841121495
0.49666666666666665
0.49666666666666665
0.49666666666666665
0.49
0.49666666666666665
0.48148148148148145
0.49666666666666665
0.5114155251141552
0.49333333333333335
0.49333333333333335
0.49
0.4866666666666667
0.49
0.49333333333333335
0.49
0.49666666666666665
0.5
0.49333333333333335
0.49
0.4928571428571429
0.4948453608247423
0.5
0.49
0.49666666666666665
0.5147679324894515
0.49666666666666665
0.5
0.49
0.5033557046979866
0.49
0.49
0.5
0.49666666666666665
0.5
0.5
0.5051903114186851
0.5033333333333333
0.5066666666666667
0.49666666666666665
0.5
0.5033333333333333
0.49333333333333335
0.5033333333333333
0.5
0.4853801169590643
0.5
0.5033333333333333
0.5
0.5033333333333333
0.5033333333333333
0.49666666666666665
0.5
0.49666666666666665
0.5066666666666667
0.5033333333333333
0.5033333333333333
0.5
0.5033333333333333
0.5033333333333333
0.48427672955974843
0.5033333333333333
0.5033333333333333
0.49489795918367346
0.4900662251655629
0.47101449275362317
0.48214285714285715
0.45985401459854014
0.4740740740740741
0.4727272727272727
0.4805194805194805
0.47297297297297297
0.4785276073619632
0.4652777777777778
0.4785276073619632
0.4755244755244755
0.4723926380368098
0.46616541353383456
0.4742857142857143
0.4697986577181208
0.4645669291338583
0.4716981132075472
0.47770700636942676
0.4666666666666667
0.47435897435897434
0.4797297297297297
0.4676258992805755
0.4722222222222222
0.47674418604651164
0.4647887323943662
0.46938775510204084
0.48
0.4716981132075472
0.46621621621621623
0.47019867549668876
0.4701492537313433
0.46621621621621623
0.4727272727272727
0.46835443037974683
0.47337278106508873
0.4716981132075472
0.4853801169590643
0.4787234042553192
0.4666666666666667
0.4691358024691358
0.4740740740740741
0.47093023255813954
0.47337278106508873
0.48026315789473684
0.4768211920529801
0.4731182795698925
0.4880382775119617
0.4816753926701571
0.4819277108433735
0.4782608695652174
0.47802197802197804
0.48258706467661694
0.48255813953488375
0.484304932735426
0.48148148148148145
0.48502994011976047
0.4857142857142857
0.49454545454545457
0.48255813953488375
0.491869918699187
0.4807692307692308
0.49333333333333335
0.4854368932038835
0.48677248677248675
0.496551724137931
0.48404255319148937
0.48760330578512395
0.4889867841409692
0.49666666666666665
0.4979757085020243
0.4908256880733945
0.4875
0.48295454545454547
0.49159663865546216
0.48514851485148514
0.49429657794676807
0.4870689655172414
0.4921259842519685
0.4942528735632184
0.4838709677419355
0.48677248677248675
0.47560975609756095
0.4897119341563786
0.4827586206896552
0.484375
0.47878787878787876
0.48633879781420764
0.48507462686567165
0.49748743718592964
0.4768211920529801
0.4845360824742268
0.4879032258064516
0.48404255319148937
0.4873096446700508
0.4935064935064935
0.4827586206896552
0.4928571428571429
0.48743718592964824
0.48698884758364314
0.48598130841121495
0.49666666666666665
0.49416342412451364
0.49333333333333335
0.49
0.4944237918215613
0.49224806201550386
0.5
0.49666666666666665
0.49666666666666665
0.5
0.49666666666666665
0.49666666666666665
0.49666666666666665
0.49666666666666665
0.5
0.5
0.5
0.49666666666666665
0.5
0.49666666666666665
0.5
0.5
0.5
0.5033333333333333
0.5
0.5
0.5
0.49666666666666665
0.5
0.49666666666666665
0.5
0.49333333333333335
0.49666666666666665
0.5
0.49295774647887325
0.49416342412451364
0.4963768115942029
0.4965277777777778
0.48066298342541436
0.4942528735632184
0.4933920704845815
0.49206349206349204
0.4965986394557823
0.4981949458483754
0.5
0.4927536231884058
0.49818181818181817
0.49666666666666665
0.49666666666666665
0.5
0.49666666666666665
0.49666666666666665
0.5
0.5
0.49666666666666665
0.5
0.5033333333333333
0.5
0.49666666666666665
0.49666666666666665
0.5
0.5
0.5
0.5
0.49666666666666665
0.5
0.49666666666666665
0.5
0.49666666666666665
0.49666666666666665
0.49666666666666665
0.5
0.5
0.49666666666666665
0.49666666666666665
0.49666666666666665
0.5
0.5
0.5033333333333333
0.49333333333333335
0.5
0.49666666666666665
0.49666666666666665
0.49666666666666665
0.49333333333333335
0.49666666666666665
0.5
0.5
0.5
0.49666666666666665
0.5
0.49666666666666665
0.49666666666666665
0.5
0.5
0.49666666666666665
0.49666666666666665
0.5033333333333333
0.5
0.49666666666666665
0.49666666666666665
0.49666666666666665
0.5
0.5
0.5
0.49666666666666665
0.49333333333333335
0.49280575539568344
0.5
0.5
0.49666666666666665
0.49666666666666665
0.49666666666666665
0.49140893470790376
0.49666666666666665
0.49828178694158076
0.5
0.5
0.4983164983164983
0.5
0.496
0.49666666666666665
0.4980237154150198
0.49361702127659574
0.49473684210526314
0.49666666666666665
0.5
0.4943820224719101
0.49377593360995853
0.49635036496350365
0.4936708860759494
0.4931972789115646
0.49382716049382713
0.4959677419354839
0.4942528735632184
0.49666666666666665
0.49640287769784175
0.49666666666666665
0.5
0.49666666666666665
0.49666666666666665
0.49236641221374045
0.49666666666666665
0.49666666666666665
0.5
0.49666666666666665
0.49666666666666665
0.49666666666666665
0.49666666666666665
0.49666666666666665
0.5
0.5
0.49666666666666665
0.5
0.49666666666666665
0.5
0.5
0.49666666666666665
0.49666666666666665
0.49666666666666665
0.5
0.49666666666666665
0.5
0.5
0.5
0.5
0.5
0.5
0.5
0.5
0.5
0.49666666666666665
0.5
0.5033333333333333
0.5
0.5
0.5
0.5033333333333333
0.5
0.5
0.5033333333333333
0.5
0.5
0.49666666666666665
0.49666666666666665
0.5
0.5
0.5
0.5
0.5
0.49666666666666665
0.5
0.5
0.49666666666666665
0.5
0.49666666666666665
0.5
0.5
0.5
0.49666666666666665
0.5
0.49666666666666665
0.5
0.5
0.49666666666666665
0.5
0.49666666666666665
0.49666666666666665
0.49666666666666665
0.5
0.5
0.5
0.5
0.5
0.5
0.5
0.5
0.5
0.5
0.5
0.5
0.5033333333333333
0.49666666666666665
0.49666666666666665
0.49666666666666665
0.5
0.5
0.49666666666666665
0.5
0.5
0.5
0.5
0.5033333333333333
0.5
0.5
0.5
0.5
0.49666666666666665
0.5
0.5
0.5
0.49666666666666665
0.49666666666666665
0.5
0.5033333333333333
0.5
0.5033333333333333
0.5033333333333333
0.5
0.5
0.49666666666666665
0.5
0.5033333333333333
0.5033333333333333
0.5033333333333333
0.5050167224080268
0.5033333333333333
0.5040983606557377
0.5058365758754864
0.508695652173913
0.5127118644067796
0.5061728395061729
0.5109170305676856
0.5073170731707317
0.5087719298245614
0.5043859649122807
0.5088495575221239
0.5069124423963134
0.51
0.5097276264591439
0.5102040816326531
0.5059760956175299
0.5083333333333333
0.5074626865671642
0.5035714285714286
0.5033333333333333
0.5016949152542373
0.5037037037037037
0.5036231884057971
0.5066666666666667
0.5016722408026756
0.5033333333333333
0.5033333333333333
0.5033333333333333
0.5
0.5066666666666667
0.5033333333333333
0.5033333333333333
0.5
0.5033333333333333
0.5
0.5066666666666667
0.5
0.5
0.49666666666666665
0.5
0.5
0.49666666666666665
0.5
0.5033333333333333
0.5
0.5
0.5
0.5033333333333333
0.49666666666666665
0.5
0.5
0.49666666666666665
0.5
0.5033333333333333
0.49666666666666665
0.5
0.5033333333333333
0.49666666666666665
0.5
0.5033333333333333
0.5
0.5
0.49666666666666665
0.5
0.49666666666666665
0.5
0.5
0.5033333333333333
0.5
0.5033333333333333
0.49666666666666665
0.5033333333333333
0.49666666666666665
0.5
0.5
0.5
0.5
0.5
0.5
0.5
0.5
0.49666666666666665
0.5033333333333333
0.5
0.5
0.5
0.5033333333333333
0.5
0.5
0.5033333333333333
0.5
0.5
0.5033333333333333
0.5
0.5033333333333333
0.5033333333333333
0.5
0.5
0.5
0.5
0.49666666666666665
0.5033333333333333
0.5
0.5033333333333333
0.5033333333333333
0.5
0.5
0.49666666666666665
0.5
0.5
0.5
0.49666666666666665
0.5
0.5033333333333333
0.5
0.49666666666666665
0.5
0.49666666666666665
0.49666666666666665
0.5
0.5033333333333333
0.49666666666666665
0.5
0.5033333333333333
0.49666666666666665
0.5
0.5
0.49666666666666665
0.5
0.49666666666666665
0.49666666666666665
0.5033333333333333
0.5
0.5
0.5033333333333333
0.5033333333333333
0.5033333333333333
0.5
0.5
0.5
0.5
0.5033333333333333
0.5033333333333333
0.5
0.5033333333333333
0.5
0.49666666666666665
0.5
0.5
0.5
0.5
0.5
0.5
0.49666666666666665
0.5
0.49666666666666665
0.5
0.5
0.5033333333333333
0.5
0.5
0.5
0.5
0.5
0.5
0.5
0.5033333333333333
0.5
0.5
0.5
0.5
0.49666666666666665
0.5
0.5
0.5
0.5
0.5
0.5
0.5
0.5
0.49666666666666665
0.5
0.49666666666666665
0.5
0.5033333333333333
0.5
0.5033333333333333
0.49666666666666665
0.5033333333333333
0.49666666666666665
0.5
0.49666666666666665
0.49666666666666665
0.5033333333333333
0.49666666666666665
0.5
0.5
0.5033333333333333
0.49666666666666665
0.5033333333333333
0.5
0.5033333333333333
0.5033333333333333
0.5
0.5
0.5
0.5
0.5
0.5
0.5
0.5033333333333333
0.49666666666666665
0.49666666666666665
0.5
0.5
0.5033333333333333
0.5
0.5033333333333333
0.5
0.49666666666666665
0.5033333333333333
0.5
0.5
0.5
0.5
0.5
0.5
0.5
0.5
0.5
0.5
0.5
0.49666666666666665
0.5
0.5
0.5
0.5
0.5033333333333333
0.5
0.5
0.5
0.49333333333333335
0.5
0.5
0.5
0.5
0.49666666666666665
0.5033333333333333
0.5033333333333333
0.5033333333333333
0.5033333333333333
0.5
0.5033333333333333
0.5033333333333333
0.5
0.5033333333333333
0.5
0.5033333333333333
0.5
0.49666666666666665
0.5
0.5
0.49666666666666665
0.5033333333333333
0.5
0.5
0.5
0.5033333333333333
0.5
0.5
0.5
0.5033333333333333
0.5
0.5
0.5
0.5
0.5
0.5
0.5033333333333333
0.5
0.5
0.5
0.5
0.49666666666666665
0.5
0.5033333333333333
0.5033333333333333
0.49666666666666665
0.5
0.5
0.5
0.5
0.5
0.5
0.5
0.5
0.5
0.49666666666666665
0.49666666666666665
0.5
0.5033333333333333
0.5
0.5
0.5
0.5
0.5
0.5
0.5033333333333333
0.5033333333333333
0.49666666666666665
0.5
0.5033333333333333
0.5033333333333333
0.5033333333333333
0.49666666666666665
0.5
0.5
0.5
0.5
0.49666666666666665
0.49666666666666665
0.5
0.5
0.5
0.5
0.5
0.5033333333333333
0.49666666666666665
0.5033333333333333
0.5033333333333333
0.5
0.5
0.5
0.5
0.49666666666666665
0.5033333333333333
0.5
0.49666666666666665
0.5
0.5
0.5
0.5
0.5
0.5
0.49666666666666665
0.5
0.49666666666666665
0.5
0.5
0.5
0.5
0.49666666666666665
0.5
0.5
0.5
0.49666666666666665
0.49666666666666665
0.5033333333333333
0.5033333333333333
0.49666666666666665
0.5033333333333333
0.5
0.5
0.5033333333333333
0.5
0.5
0.5
0.5
0.5
0.5033333333333333
0.5
0.5033333333333333
0.5
0.5033333333333333
0.5
0.5033333333333333
0.5033333333333333
0.5033333333333333
0.5
0.5033333333333333
0.49666666666666665
0.5
0.5
0.5
0.5
0.5033333333333333
0.5
0.5033333333333333
0.5
0.5033333333333333
0.5
0.49666666666666665
0.5033333333333333
0.5
0.5
0.5033333333333333
0.5
0.5
0.49666666666666665
0.5
0.49666666666666665
0.49666666666666665
0.5033333333333333
0.5
0.49666666666666665
0.5
0.5
0.5033333333333333
0.5
0.5
0.5033333333333333
0.5
0.5033333333333333
0.5033333333333333
0.5
0.5033333333333333
0.49666666666666665
0.5
0.49666666666666665
0.5033333333333333
0.5
0.5
0.5
0.5
0.5
0.5053003533568905
0.5060728744939271
0.502283105022831
0.5076142131979695
0.5079365079365079
0.5136612021857924
0.5116279069767442
0.5125
0.5085714285714286
0.5084745762711864
0.5192307692307693
0.5135135135135135
0.5227272727272727
0.5149700598802395
0.5267175572519084
0.5170068027210885
0.5271317829457365
0.5238095238095238
0.5234375
0.5182481751824818
0.5317460317460317
0.5365853658536586
0.5263157894736842
0.5343511450381679
0.5338983050847458
0.5409836065573771
0.5289256198347108
0.5378151260504201
0.5299145299145299
0.5294117647058824
0.5396825396825397
0.5362318840579711
0.5431034482758621
0.5384615384615384
0.5413533834586466
0.532258064516129
0.5454545454545454
0.5423728813559322
0.5416666666666666
0.5307692307692308
0.5354330708661418
0.5398230088495575
0.5333333333333333
0.5416666666666666
0.5416666666666666
0.5407407407407407
0.5403225806451613
0.5454545454545454
0.5398230088495575
0.5365853658536586
0.5403225806451613
0.5495495495495496
0.5409836065573771
0.5373134328358209
0.544
0.5317460317460317
0.5348837209302325
0.5384615384615384
0.5384615384615384
0.5371900826446281
0.5344827586206896
0.5416666666666666
0.5403225806451613
0.5447154471544715
0.5384615384615384
0.5384615384615384
0.5396825396825397
0.5419847328244275
0.5423728813559322
0.5390625
0.5409836065573771
0.5416666666666666
0.5390625
0.5309734513274337
0.5423728813559322
0.5333333333333333
0.55
0.5338983050847458
0.5344827586206896
0.5486725663716814
0.5416666666666666
0.5378151260504201
0.5378151260504201
0.5462184873949579
0.5390625
0.543859649122807
0.5398230088495575
0.5365853658536586
0.5327868852459017
0.5486725663716814
0.5409836065573771
0.5327868852459017
0.5354330708661418
0.5454545454545454
0.5348837209302325
0.5294117647058824
0.5271317829457365
0.5333333333333333
0.544
0.524822695035461
0.5263157894736842
0.5255474452554745
0.5289855072463768
0.5234375
0.5259259259259259
0.5238095238095238
0.53125
0.5275590551181102
