0.5652173913043478
0.38461538461538464
0.43243243243243246
0.5142857142857142
0.4166666666666667
0.6
0.36363636363636365
0.48484848484848486
0.5
0.47368421052631576
0.5
0.5172413793103449
0.4444444444444444
0.4838709677419355
0.5172413793103449
0.5
0.5161290322580645
0.5161290322580645
0.46153846153846156
0.42857142857142855
0.4827586206896552
0.5161290322580645
0.5625
0.6666666666666666
0.5121951219512195
0.52
0.5061728395061729
0.48148148148148145
0.5204081632653061
0.52
0.5555555555555556
0.49206349206349204
0.4827586206896552
0.5
0.4931506849315068
0.4642857142857143
0.47368421052631576
0.5161290322580645
0.46808510638297873
0.4827586206896552
0.5277777777777778
0.5294117647058824
0.5223880597014925
0.5161290322580645
0.48
0.5
0.4857142857142857
0.5
0.46938775510204084
0.5
0.47619047619047616
0.49019607843137253
0.5
0.5
0.45454545454545453
0.5
0.4772727272727273
0.5
0.5142857142857142
0.48148148148148145
0.47368421052631576
0.5
0.5
0.52
0.5348837209302325
0.4594594594594595
0.47692307692307695
0.4583333333333333
0.4875
0.525
0.48148148148148145
0.4900662251655629
0.5
0.4883720930232558
0.5333333333333333
0.5
0.45652173913043476
0.47619047619047616
0.52
0.5462184873949579
0.4827586206896552
0.45161290322580644
0.4722222222222222
0.4888888888888889
0.4931506849315068
0.4636363636363636
0.48936170212765956
0.5190839694656488
0.45
0.4528301886792453
0.47191011235955055
0.5172413793103449
0.46808510638297873
0.5223880597014925
0.4782608695652174
0.46226415094339623
0.47580645161290325
0.46808510638297873
0.51
0.4666666666666667
0.4576271186440678
0.4444444444444444
0.4948453608247423
0.41964285714285715
0.4791666666666667
0.45614035087719296
0.45161290322580644
0.4444444444444444
0.47619047619047616
0.4838709677419355
0.4864864864864865
0.46153846153846156
0.46153846153846156
0.46
0.45714285714285713
0.47368421052631576
0.4782608695652174
0.5121951219512195
0.4473684210526316
0.52
0.46153846153846156
0.4666666666666667
0.46875
0.4782608695652174
0.46808510638297873
0.5
0.45
0.5151515151515151
0.46153846153846156
0.5
0.4857142857142857
0.5
0.4642857142857143
0.5
0.48484848484848486
0.45454545454545453
0.5
0.45
0.5
0.5
0.4838709677419355
0.5217391304347826
0.5
0.5
0.4888888888888889
0.4883720930232558
0.46875
0.4782608695652174
0.5
0.4666666666666667
0.46808510638297873
0.47368421052631576
0.4722222222222222
0.5
0.4888888888888889
0.46511627906976744
0.45161290322580644
0.46511627906976744
0.4482758620689655
0.4857142857142857
0.5
0.4864864864864865
0.46153846153846156
0.47058823529411764
0.45652173913043476
0.48717948717948717
0.46938775510204084
0.4666666666666667
0.4878048780487805
0.42424242424242425
0.47619047619047616
0.4838709677419355
0.45454545454545453
0.47368421052631576
0.49019607843137253
0.45454545454545453
0.4444444444444444
0.48484848484848486
0.5
0.4642857142857143
0.45714285714285713
0.4634146341463415
0.46875
0.4838709677419355
0.48484848484848486
0.4716981132075472
0.5
0.48148148148148145
0.4857142857142857
0.47619047619047616
0.46875
0.45
0.4634146341463415
0.4827586206896552
0.48
0.47368421052631576
0.46511627906976744
0.45454545454545453
0.5
0.4444444444444444
0.44871794871794873
0.48
0.4594594594594595
0.4878048780487805
0.46938775510204084
0.4827586206896552
0.4594594594594595
0.45714285714285713
0.4634146341463415
0.42105263157894735
0.45454545454545453
0.46875
0.4838709677419355
0.4533333333333333
0.4642857142857143
0.4807692307692308
0.45161290322580644
0.5070422535211268
0.47368421052631576
0.4482758620689655
0.46551724137931033
0.4473684210526316
0.44
0.46808510638297873
0.4583333333333333
0.4489795918367347
0.5037593984962406
0.4533333333333333
0.46296296296296297
0.48333333333333334
0.44
0.4339622641509434
0.47904191616766467
0.43548387096774194
0.44166666666666665
0.44776119402985076
0.45454545454545453
0.46153846153846156
0.4424778761061947
0.45454545454545453
0.4460431654676259
0.44642857142857145
0.4393939393939394
0.4845360824742268
0.4819277108433735
0.4782608695652174
0.4588235294117647
0.4626865671641791
0.48484848484848486
0.4742268041237113
0.4576271186440678
0.43243243243243246
0.44680851063829785
0.45555555555555555
0.44871794871794873
0.47540983606557374
0.49019607843137253
0.4489795918367347
0.4380952380952381
0.4794520547945205
0.48484848484848486
0.463768115942029
0.4489795918367347
0.4339622641509434
0.4375
0.43548387096774194
0.4605263157894737
0.45054945054945056
0.45098039215686275
0.4444444444444444
0.46938775510204084
0.4461538461538462
0.4625
0.4339622641509434
0.4576271186440678
0.45454545454545453
0.4430379746835443
0.4375
0.45614035087719296
0.4406779661016949
0.4406779661016949
0.4411764705882353
0.4666666666666667
0.46
0.47619047619047616
0.4444444444444444
0.4523809523809524
0.4583333333333333
0.45652173913043476
0.45454545454545453
0.475
0.47058823529411764
0.4444444444444444
0.45454545454545453
0.48717948717948717
0.4857142857142857
0.46875
0.47619047619047616
0.4666666666666667
0.45714285714285713
0.45454545454545453
0.5
0.4722222222222222
0.47058823529411764
0.4827586206896552
0.5
0.46153846153846156
0.45454545454545453
0.4782608695652174
0.4583333333333333
0.5
0.46153846153846156
0.4782608695652174
0.4883720930232558
0.48148148148148145
0.4722222222222222
0.5
0.48148148148148145
0.48
0.5
0.5217391304347826
0.5
0.5
0.4827586206896552
0.48148148148148145
0.48148148148148145
0.4666666666666667
0.4583333333333333
0.5
0.4666666666666667
0.5
0.48484848484848486
0.5161290322580645
0.4782608695652174
0.4583333333333333
0.4838709677419355
0.4642857142857143
0.4827586206896552
0.45454545454545453
0.5
0.5
0.5
0.48484848484848486
0.48
0.47368421052631576
0.47058823529411764
0.48148148148148145
0.4666666666666667
0.4838709677419355
0.5
0.5
0.4666666666666667
0.45454545454545453
0.47619047619047616
0.4782608695652174
0.5
0.48
0.5263157894736842
0.45454545454545453
0.4666666666666667
0.4838709677419355
0.48484848484848486
0.4782608695652174
0.5
0.48148148148148145
0.4583333333333333
0.46875
0.46153846153846156
0.4666666666666667
0.5
0.4857142857142857
0.47058823529411764
0.47058823529411764
0.5
0.4583333333333333
0.5172413793103449
0.4666666666666667
0.47619047619047616
0.4642857142857143
0.5
0.5185185185185185
0.4666666666666667
0.4838709677419355
0.5
0.46875
0.47058823529411764
0.4782608695652174
0.46875
0.5
0.4666666666666667
0.48
0.46875
0.5
0.4642857142857143
0.45454545454545453
0.5
0.48
0.4782608695652174
0.5
0.4666666666666667
0.4782608695652174
0.5
0.5
0.4827586206896552
0.46875
0.5
0.47058823529411764
0.48
0.4666666666666667
0.5
0.4782608695652174
0.5
0.47368421052631576
0.5
0.4642857142857143
0.5
0.5
0.47619047619047616
0.47368421052631576
0.47368421052631576
0.52
0.5
0.5333333333333333
0.4583333333333333
0.4838709677419355
0.4666666666666667
0.5
0.5
0.4583333333333333
0.4782608695652174
0.46875
0.5
0.4827586206896552
0.47619047619047616
0.47619047619047616
0.5454545454545454
0.47368421052631576
0.5714285714285714
0.5
0.47619047619047616
0.5263157894736842
0.5384615384615384
0.48
0.47058823529411764
0.5
0.5
0.5
0.5263157894736842
0.5238095238095238
0.5
0.5
0.5263157894736842
0.5384615384615384
0.5625
0.5
0.5263157894736842
0.4666666666666667
0.5
0.5
0.5263157894736842
0.5263157894736842
0.5263157894736842
0.5294117647058824
0.5555555555555556
0.52
0.5
0.5
0.5
0.5217391304347826
0.5333333333333333
0.5294117647058824
0.5333333333333333
0.5333333333333333
0.5263157894736842
0.5294117647058824
0.5263157894736842
0.5
0.5333333333333333
0.5454545454545454
0.5294117647058824
0.6666666666666666
0.5333333333333333
0.5384615384615384
0.5625
0.6
0.5833333333333334
0.5333333333333333
0.6
0.5789473684210527
0.5555555555555556
0.6
0.5625
0.5833333333333334
0.5882352941176471
0.6153846153846154
0.5
0.625
0.5833333333333334
0.5
0.5294117647058824
0.6363636363636364
0.5882352941176471
0.6363636363636364
0.6363636363636364
0.5625
0.6
0.6428571428571429
0.5833333333333334
0.6666666666666666
0.5454545454545454
0.6
0.6428571428571429
0.5625
0.6363636363636364
0.6428571428571429
0.6363636363636364
0.5333333333333333
0.6923076923076923
0.6153846153846154
0.6428571428571429
0.5833333333333334
0.5625
0.5384615384615384
0.5833333333333334
0.7
0.6428571428571429
0.6
0.6153846153846154
0.5714285714285714
0.5333333333333333
0.5625
0.7272727272727273
0.6428571428571429
0.6
0.5833333333333334
0.5714285714285714
0.6428571428571429
0.5833333333333334
0.6
0.5454545454545454
0.6
0.6666666666666666
0.6666666666666666
0.6
0.6666666666666666
0.6
0.6363636363636364
0.6428571428571429
0.5625
0.5625
0.6153846153846154
0.5833333333333334
0.6153846153846154
0.5714285714285714
0.6
0.5714285714285714
0.6428571428571429
0.6363636363636364
0.6153846153846154
0.6153846153846154
0.5833333333333334
0.5833333333333334
0.6428571428571429
0.6923076923076923
0.6363636363636364
0.6666666666666666
0.6666666666666666
0.6428571428571429
0.6666666666666666
0.5625
0.5384615384615384
0.6
0.625
0.7272727272727273
0.6666666666666666
0.6153846153846154
0.7
0.6
0.6363636363636364
0.7
0.5625
0.6153846153846154
0.6363636363636364
0.6153846153846154
0.6428571428571429
0.6153846153846154
0.6153846153846154
0.5714285714285714
0.6
0.7
0.7
0.6
0.6428571428571429
0.6153846153846154
0.6
0.6153846153846154
0.5714285714285714
0.6
0.6923076923076923
0.6153846153846154
0.6153846153846154
0.7272727272727273
0.7272727272727273
0.7
0.6666666666666666
0.5454545454545454
0.6428571428571429
0.7
0.6
0.6666666666666666
0.6
0.6363636363636364
0.5833333333333334
0.8
0.7777777777777778
0.6153846153846154
0.6666666666666666
0.9
0.6923076923076923
0.6153846153846154
0.7272727272727273
0.75
0.75
0.6666666666666666
0.5833333333333334
0.6153846153846154
0.6666666666666666
0.75
0.7272727272727273
0.7777777777777778
0.7272727272727273
0.7
0.6666666666666666
0.8181818181818182
0.7272727272727273
0.5384615384615384
0.7
0.8888888888888888
0.6
0.6666666666666666
0.7272727272727273
0.7
0.7777777777777778
0.7
0.75
0.8
0.7272727272727273
0.8181818181818182
0.6666666666666666
0.7272727272727273
0.7
0.7777777777777778
0.8
0.7
0.7777777777777778
0.7777777777777778
0.7777777777777778
0.7272727272727273
0.8
0.8
0.8333333333333334
0.6
0.7272727272727273
0.6666666666666666
0.7272727272727273
0.6428571428571429
0.7777777777777778
0.6923076923076923
0.8181818181818182
0.8888888888888888
1.0
0.7272727272727273
0.8
0.7272727272727273
0.8888888888888888
0.7272727272727273
0.9
0.7777777777777778
0.7777777777777778
0.6923076923076923
0.875
0.6666666666666666
0.8181818181818182
1.0
0.9
0.8888888888888888
0.8
0.9090909090909091
0.9
0.8181818181818182
1.0
0.7
1.0
0.8
0.875
0.9
0.9
0.9
0.875
0.9
0.8181818181818182
0.8888888888888888
0.7
0.875
1.0
0.8888888888888888
0.7692307692307693
1.0
0.9
1.0
0.8888888888888888
0.8888888888888888
0.9090909090909091
0.7777777777777778
0.9090909090909091
0.75
0.8888888888888888
0.9166666666666666
1.0
1.0
0.8888888888888888
1.0
1.0
1.0
0.9
0.8888888888888888
1.0
0.9
1.0
0.9
0.9
1.0
1.0
0.75
0.7777777777777778
0.9
0.8888888888888888
1.0
0.8888888888888888
0.8888888888888888
1.0
1.0
1.0
0.8888888888888888
1.0
0.8181818181818182
1.0
1.0
1.0
1.0
0.8
0.875
1.0
0.8888888888888888
1.0
0.9
0.8888888888888888
1.0
1.0
1.0
0.9
1.0
1.0
1.0
0.9
1.0
1.0
0.8888888888888888
0.9090909090909091
1.0
1.0
1.0
1.0
1.0
0.9
1.0
1.0
1.0
0.9
0.9
1.0
1.0
1.0
1.0
1.0
0.8888888888888888
1.0
0.9090909090909091
1.0
1.0
0.9
0.9
1.0
0.8888888888888888
1.0
1.0
1.0
1.0
1.0
0.8888888888888888
1.0
1.0
1.0
1.0
1.0
1.0
1.0
1.0
1.0
1.0
1.0
1.0
1.0
1.0
1.0
1.0
0.9090909090909091
0.8888888888888888
1.0
1.0
1.0
1.0
1.0
1.0
1.0
1.0
0.875
0.8888888888888888
1.0
1.0
1.0
1.0
1.0
1.0
0.9
1.0
1.0
1.0
1.0
1.0
1.0
1.0
1.0
1.0
1.0
1.0
1.0
1.0
1.0
1.0
1.0
1.0
0.8181818181818182
1.0
1.0
1.0
1.0
1.0
1.0
1.0
1.0
0.9
1.0
1.0
1.0
1.0
1.0
1.0
1.0
1.0
1.0
1.0
0.9
0.8888888888888888
1.0
1.0
1.0
1.0
1.0
1.0
1.0
1.0
1.0
1.0
1.0
1.0
1.0
1.0
1.0
1.0
1.0
1.0
0.8888888888888888
1.0
1.0
1.0
1.0
1.0
1.0
0.9
1.0
1.0
1.0
1.0
1.0
1.0
1.0
1.0
1.0
1.0
1.0
0.9
1.0
1.0
0.8888888888888888
1.0
1.0
0.9166666666666666
1.0
1.0
1.0
1.0
1.0
1.0
1.0
1.0
0.9
1.0
1.0
1.0
1.0
1.0
1.0
1.0
1.0
1.0
1.0
1.0
1.0
1.0
1.0
1.0
1.0
0.9090909090909091
1.0
1.0
1.0
1.0
1.0
1.0
1.0
1.0
1.0
1.0
1.0
1.0
1.0
1.0
1.0
1.0
1.0
1.0
1.0
1.0
1.0
1.0
1.0
1.0
1.0
1.0
1.0
1.0
1.0
1.0
1.0
1.0
1.0
1.0
1.0
1.0
1.0
1.0
1.0
1.0
1.0
1.0
1.0
1.0
1.0
1.0
1.0
1.0
1.0
1.0
1.0
1.0
1.0
1.0
1.0
1.0
