0.49666666666666665
0.5
0.49666666666666665
0.5033333333333333
0.5
0.5
0.5
0.5
0.5
0.5033333333333333
0.5
0.5
0.49666666666666665
0.5
0.5
0.5033333333333333
0.5
0.49333333333333335
0.42857142857142855
0.49666666666666665
0.49666666666666665
0.49666666666666665
0.5
0.5
0.5033333333333333
0.49666666666666665
0.5
0.5
0.4927536231884058
0.44
0.4959016393442623
0.4976303317535545
0.4930875576036866
0.4897959183673469
0.49261083743842365
0.4864864864864865
0.495
0.49473684210526314
0.5
0.4880952380952381
0.4482758620689655
0.49444444444444446
0.4888888888888889
0.4858757062146893
0.48554913294797686
0.45454545454545453
0.47368421052631576
0.487012987012987
0.4892086330935252
0.43333333333333335
0.49019607843137253
0.45454545454545453
0.49101796407185627
0.4888888888888889
0.47586206896551725
0.4846153846153846
0.5294117647058824
0.48507462686567165
0.48226950354609927
0.4857142857142857
0.49137931034482757
0.4715447154471545
0.4793388429752066
0.48936170212765956
0.4732824427480916
0.45454545454545453
0.4830508474576271
0.48760330578512395
0.47540983606557374
0.5
0.47580645161290325
0.472
0.4745762711864407
0.4608695652173913
0.46956521739130436
0.464
0.46923076923076923
0.46956521739130436
0.46956521739130436
0.4583333333333333
0.4594594594594595
0.46825396825396826
0.44
0.4827586206896552
0.47368421052631576
0.4634146341463415
0.46875
0.4603174603174603
0.46551724137931033
0.45689655172413796
0.46774193548387094
0.45132743362831856
0.4649122807017544
0.45614035087719296
0.4634146341463415
0.45871559633027525
0.453781512605042
0.472
0.45081967213114754
0.44642857142857145
0.4411764705882353
0.4424778761061947
0.46551724137931033
0.452991452991453
0.44545454545454544
0.44144144144144143
0.4491525423728814
0.44545454545454544
0.45217391304347826
0.44545454545454544
0.453781512605042
0.44954128440366975
0.4528301886792453
0.4482758620689655
0.452991452991453
0.44036697247706424
0.4628099173553719
0.4537037037037037
0.4411764705882353
0.45454545454545453
0.45535714285714285
0.44036697247706424
0.45689655172413796
0.45132743362831856
0.46017699115044247
0.4519230769230769
0.41935483870967744
0.4423076923076923
0.4444444444444444
0.42574257425742573
0.4485981308411215
0.4583333333333333
0.4326923076923077
0.4444444444444444
0.42424242424242425
0.42574257425742573
0.42990654205607476
0.41237113402061853
0.48484848484848486
0.4146341463414634
0.4380952380952381
0.43636363636363634
0.45161290322580644
0.43333333333333335
0.4444444444444444
0.42424242424242425
0.41836734693877553
0.42574257425742573
0.41935483870967744
0.42424242424242425
0.422680412371134
0.41935483870967744
0.4158415841584158
0.42857142857142855
0.42
0.41904761904761906
0.44
0.45454545454545453
0.4166666666666667
0.44
0.43902439024390244
0.4473684210526316
0.41935483870967744
0.4326923076923077
0.41935483870967744
0.42391304347826086
0.42424242424242425
0.41836734693877553
0.4215686274509804
0.45454545454545453
0.42574257425742573
0.48
0.42452830188679247
0.4166666666666667
0.41836734693877553
0.42391304347826086
0.4230769230769231
0.42105263157894735
0.4177215189873418
0.45161290322580644
0.43
0.4215686274509804
0.43119266055045874
0.4222222222222222
0.41836734693877553
0.41904761904761906
0.42
0.42857142857142855
0.42
0.4225352112676056
0.43010752688172044
0.43137254901960786
0.42696629213483145
0.4318181818181818
0.45161290322580644
0.43157894736842106
0.42391304347826086
0.41935483870967744
0.43820224719101125
0.44047619047619047
0.43478260869565216
0.422680412371134
0.43157894736842106
0.4177215189873418
0.4444444444444444
0.41975308641975306
0.4175824175824176
0.425
0.4222222222222222
0.42168674698795183
0.42168674698795183
0.4222222222222222
0.4375
0.42045454545454547
0.4264705882352941
0.42391304347826086
0.425
0.43333333333333335
0.43
0.4642857142857143
0.42592592592592593
0.42528735632183906
0.4406779661016949
0.43023255813953487
0.4444444444444444
0.43902439024390244
0.43037974683544306
0.41935483870967744
0.42574257425742573
0.42168674698795183
0.42857142857142855
0.43
0.42857142857142855
0.4166666666666667
0.4105263157894737
0.42857142857142855
0.4642857142857143
0.4166666666666667
0.42857142857142855
0.422680412371134
0.4117647058823529
0.42696629213483145
0.4375
0.41975308641975306
0.42045454545454547
0.42424242424242425
0.4329896907216495
0.43902439024390244
0.42857142857142855
0.40963855421686746
0.43243243243243246
0.425
0.41935483870967744
0.4230769230769231
0.43373493975903615
0.4222222222222222
0.4166666666666667
0.42424242424242425
0.42696629213483145
0.4489795918367347
0.4642857142857143
0.425
0.4262295081967213
0.42424242424242425
0.4482758620689655
0.43478260869565216
0.4473684210526316
0.4444444444444444
0.4339622641509434
0.43333333333333335
0.4489795918367347
0.44680851063829785
0.43333333333333335
0.4166666666666667
0.423728813559322
0.4358974358974359
0.46875
0.41975308641975306
0.41818181818181815
0.4523809523809524
0.44
0.45161290322580644
0.4375
0.4473684210526316
0.4444444444444444
0.42391304347826086
0.4444444444444444
0.4482758620689655
0.42857142857142855
0.42857142857142855
0.45714285714285713
0.4444444444444444
0.4090909090909091
0.4230769230769231
0.43333333333333335
0.4423076923076923
0.42857142857142855
0.4262295081967213
0.4262295081967213
0.41818181818181815
0.417910447761194
0.42105263157894735
0.43037974683544306
0.425531914893617
0.4375
0.43636363636363634
0.42696629213483145
0.43010752688172044
0.43103448275862066
0.4175824175824176
0.41509433962264153
0.425
0.4230769230769231
0.4189189189189189
0.43010752688172044
0.42857142857142855
0.42857142857142855
0.42857142857142855
0.42424242424242425
0.42105263157894735
0.42857142857142855
0.425531914893617
0.4268292682926829
0.4383561643835616
0.4423076923076923
0.4235294117647059
0.422680412371134
0.425
0.42168674698795183
0.43023255813953487
0.4230769230769231
0.43157894736842106
0.42696629213483145
0.43157894736842106
0.41304347826086957
0.4358974358974359
0.41379310344827586
0.4155844155844156
0.42857142857142855
0.43478260869565216
0.4367816091954023
0.4235294117647059
0.4222222222222222
0.43636363636363634
0.4406779661016949
0.43
0.4222222222222222
0.4215686274509804
0.4270833333333333
0.46875
0.42857142857142855
0.42
0.45454545454545453
0.43037974683544306
0.42528735632183906
0.4222222222222222
0.4166666666666667
0.4375
0.4418604651162791
0.4230769230769231
0.42424242424242425
0.46153846153846156
0.40860215053763443
0.42696629213483145
0.41414141414141414
0.425531914893617
0.42028985507246375
0.425531914893617
0.4111111111111111
0.4177215189873418
0.4473684210526316
0.422680412371134
0.4148936170212766
0.4482758620689655
0.40425531914893614
0.42574257425742573
0.42990654205607476
0.4444444444444444
0.42857142857142855
0.45454545454545453
0.4166666666666667
0.41414141414141414
0.43333333333333335
0.41836734693877553
0.48148148148148145
0.41935483870967744
0.4166666666666667
0.41836734693877553
0.42105263157894735
0.42105263157894735
0.4142857142857143
0.40860215053763443
0.4583333333333333
0.43478260869565216
0.4174757281553398
0.4411764705882353
0.42424242424242425
0.41237113402061853
0.41304347826086957
0.4148936170212766
0.41935483870967744
0.44
0.40860215053763443
0.4351851851851852
0.42990654205607476
0.41935483870967744
0.4215686274509804
0.42424242424242425
0.45454545454545453
0.4358974358974359
0.4339622641509434
0.4318181818181818
0.42857142857142855
0.43478260869565216
0.4270833333333333
0.43478260869565216
0.4473684210526316
0.43119266055045874
0.4166666666666667
0.4230769230769231
0.4336283185840708
0.4351851851851852
0.4230769230769231
0.4166666666666667
0.42718446601941745
0.42424242424242425
0.4175824175824176
0.4215686274509804
0.4444444444444444
0.4155844155844156
0.4444444444444444
0.43902439024390244
0.42857142857142855
0.43103448275862066
0.42105263157894735
0.45454545454545453
0.43243243243243246
0.425
0.43333333333333335
0.4642857142857143
0.45714285714285713
0.4358974358974359
0.45714285714285713
0.45454545454545453
0.43478260869565216
0.4444444444444444
0.42857142857142855
0.4444444444444444
0.43333333333333335
0.45714285714285713
0.4473684210526316
0.4444444444444444
0.43137254901960786
0.44
0.45
0.43333333333333335
0.4482758620689655
0.43636363636363634
0.4230769230769231
0.45714285714285713
0.4583333333333333
0.4583333333333333
0.4666666666666667
0.42424242424242425
0.4482758620689655
0.43902439024390244
0.42424242424242425
0.42857142857142855
0.45161290322580644
0.43902439024390244
0.46153846153846156
0.4358974358974359
0.4594594594594595
0.4375
0.43103448275862066
0.42424242424242425
0.4375
0.4375
0.4358974358974359
0.42857142857142855
0.4411764705882353
0.43243243243243246
0.4418604651162791
0.4375
0.42105263157894735
0.4594594594594595
0.4642857142857143
0.425531914893617
0.42424242424242425
0.43243243243243246
0.417910447761194
0.4523809523809524
0.42857142857142855
0.43636363636363634
0.42857142857142855
0.425
0.43902439024390244
0.4318181818181818
0.41304347826086957
0.4375
0.42857142857142855
0.42857142857142855
0.4375
0.4375
0.42424242424242425
0.44680851063829785
0.4375
0.42857142857142855
0.4358974358974359
0.41379310344827586
0.43478260869565216
0.4084507042253521
0.42
0.46875
0.41818181818181815
0.47619047619047616
0.42105263157894735
0.425
0.43243243243243246
0.4444444444444444
0.4583333333333333
0.4642857142857143
0.4444444444444444
0.4222222222222222
0.42105263157894735
0.43103448275862066
0.4375
0.4307692307692308
0.4166666666666667
0.4117647058823529
0.45454545454545453
0.4222222222222222
0.4411764705882353
0.4642857142857143
0.4358974358974359
0.4222222222222222
0.42105263157894735
0.4166666666666667
0.4444444444444444
0.4126984126984127
0.41237113402061853
0.42574257425742573
0.41414141414141414
0.46153846153846156
0.43010752688172044
0.4489795918367347
0.42391304347826086
0.42424242424242425
0.43137254901960786
0.42857142857142855
0.42
0.41935483870967744
0.4148936170212766
0.4174757281553398
0.4482758620689655
0.42857142857142855
0.422680412371134
0.42990654205607476
0.4166666666666667
0.43137254901960786
0.42990654205607476
0.43243243243243246
0.42105263157894735
0.4215686274509804
0.4392523364485981
0.4166666666666667
0.4175824175824176
0.4186046511627907
0.4444444444444444
0.42105263157894735
0.425
0.4358974358974359
0.43243243243243246
0.43478260869565216
0.42857142857142855
0.4358974358974359
0.4375
0.44
0.4411764705882353
0.4444444444444444
0.4375
0.42857142857142855
0.43902439024390244
0.43478260869565216
0.43636363636363634
0.45714285714285713
0.4411764705882353
0.4318181818181818
0.42424242424242425
0.4444444444444444
0.45
0.4339622641509434
0.43478260869565216
0.4444444444444444
0.4444444444444444
0.4358974358974359
0.4482758620689655
0.42424242424242425
0.43902439024390244
0.45161290322580644
0.4375
0.45454545454545453
0.43103448275862066
0.45
0.4473684210526316
0.4444444444444444
0.4411764705882353
0.43478260869565216
0.4418604651162791
0.4375
0.4642857142857143
0.43478260869565216
0.45454545454545453
0.44
0.43478260869565216
0.45161290322580644
0.4444444444444444
0.4827586206896552
0.4666666666666667
0.4482758620689655
0.4444444444444444
0.4583333333333333
0.43902439024390244
0.4482758620689655
0.47619047619047616
0.46153846153846156
0.4642857142857143
0.46153846153846156
0.45
0.4782608695652174
0.43333333333333335
0.48
0.45454545454545453
0.5
0.47619047619047616
0.45
0.45161290322580644
0.5
0.4583333333333333
0.4642857142857143
0.45
0.45454545454545453
0.45454545454545453
0.47368421052631576
0.45
0.45
0.4583333333333333
0.47368421052631576
0.5
0.45454545454545453
0.43478260869565216
0.48
0.47619047619047616
0.5
0.4782608695652174
0.5
0.47619047619047616
0.47619047619047616
0.48
0.4782608695652174
0.4782608695652174
0.5
0.4666666666666667
0.45
0.5
0.45454545454545453
0.5333333333333333
0.47058823529411764
0.47619047619047616
0.47368421052631576
0.5
0.5
0.4666666666666667
0.47058823529411764
0.48
0.47368421052631576
0.46153846153846156
0.47058823529411764
0.47619047619047616
0.5
0.47619047619047616
0.5
0.47368421052631576
0.47058823529411764
0.47058823529411764
0.5
0.4666666666666667
0.5
0.4583333333333333
0.5263157894736842
0.5263157894736842
0.5384615384615384
0.5333333333333333
0.47058823529411764
0.5
0.5
0.5
0.5
0.4666666666666667
0.5
0.5
0.5
0.47619047619047616
0.47619047619047616
0.47058823529411764
0.5263157894736842
0.4666666666666667
0.5294117647058824
0.5
0.5
0.47368421052631576
0.5333333333333333
0.5
0.5
0.5333333333333333
0.5
0.5
0.5
0.4666666666666667
0.5
0.5263157894736842
0.5384615384615384
0.5
0.5294117647058824
0.5384615384615384
0.5
0.5
0.5333333333333333
0.5
0.47619047619047616
0.5714285714285714
0.5
0.5
0.5384615384615384
0.5294117647058824
0.5833333333333334
0.5833333333333334
0.5333333333333333
0.5454545454545454
0.5
0.5
0.5
0.5294117647058824
0.5
0.45454545454545453
0.5
0.4666666666666667
0.5555555555555556
0.5
0.5
0.5
0.5
0.45454545454545453
0.5
0.4666666666666667
0.5
0.5294117647058824
0.5333333333333333
0.5
0.5384615384615384
0.4666666666666667
0.47368421052631576
0.46153846153846156
0.5
0.5
0.5384615384615384
0.5333333333333333
0.5
0.5
0.5294117647058824
0.5333333333333333
0.4666666666666667
0.5294117647058824
0.47619047619047616
0.5625
0.5294117647058824
0.5
0.5625
0.5
0.5
0.5
0.5
0.5
0.5333333333333333
0.5
0.5
0.5294117647058824
0.5882352941176471
0.5
0.5454545454545454
0.5384615384615384
0.5294117647058824
0.5714285714285714
0.5333333333333333
0.5384615384615384
0.5333333333333333
0.47058823529411764
0.47058823529411764
0.47058823529411764
0.5
0.5294117647058824
0.5238095238095238
0.5
0.5833333333333334
0.5263157894736842
0.5333333333333333
0.5
0.5
0.5
0.5294117647058824
0.5714285714285714
0.46153846153846156
0.5384615384615384
0.5384615384615384
0.46153846153846156
0.5384615384615384
0.5
0.5384615384615384
0.5
0.5
0.47368421052631576
0.5294117647058824
0.5294117647058824
0.5333333333333333
0.5
0.4444444444444444
0.5
0.5
0.4666666666666667
0.46153846153846156
0.5294117647058824
0.5
0.5333333333333333
0.5454545454545454
0.5
0.5
0.5625
0.5333333333333333
0.5384615384615384
0.5833333333333334
0.5
0.5294117647058824
0.6153846153846154
0.5263157894736842
0.4666666666666667
0.4666666666666667
0.47368421052631576
0.5
0.4444444444444444
0.5384615384615384
0.47368421052631576
0.5333333333333333
0.5
0.5
0.5384615384615384
0.5
0.5384615384615384
0.5
0.4666666666666667
0.4666666666666667
0.5
0.4666666666666667
0.5
0.5
0.47058823529411764
0.47058823529411764
0.5333333333333333
0.5
0.5
0.5
0.4666666666666667
0.5333333333333333
0.5384615384615384
0.5384615384615384
0.47058823529411764
0.5
0.5384615384615384
0.47619047619047616
0.5333333333333333
0.5333333333333333
0.5263157894736842
0.45454545454545453
0.5
0.5333333333333333
0.47619047619047616
0.5
0.5333333333333333
0.47058823529411764
0.5
0.5
0.5
0.5
0.5384615384615384
0.47368421052631576
0.5294117647058824
0.5
0.47058823529411764
0.5
0.47058823529411764
0.4375
0.5
0.47058823529411764
0.5384615384615384
0.5384615384615384
0.5
0.4666666666666667
0.5
0.5
0.5
0.5294117647058824
0.5
0.5
0.5333333333333333
0.5
0.5333333333333333
0.5333333333333333
0.47368421052631576
0.5
0.4444444444444444
0.47619047619047616
0.5
0.45
0.5
0.5
0.4782608695652174
0.5
0.5
0.47058823529411764
0.5263157894736842
0.5
0.5
0.5238095238095238
0.5333333333333333
0.46153846153846156
0.5
0.4666666666666667
0.5294117647058824
0.5333333333333333
0.47619047619047616
0.4666666666666667
0.47368421052631576
0.5294117647058824
0.47368421052631576
0.5
0.5
0.4583333333333333
0.5294117647058824
0.5333333333333333
0.5
0.45
0.5333333333333333
0.47619047619047616
0.5238095238095238
0.4666666666666667
0.4375
0.47058823529411764
0.4666666666666667
0.5
0.5
0.5
0.47058823529411764
0.5294117647058824
0.4666666666666667
0.4666666666666667
0.5
0.5
0.5
0.4782608695652174
0.5294117647058824
0.4666666666666667
0.5
0.45
0.5
0.5
0.47368421052631576
0.47368421052631576
0.5
0.47058823529411764
0.4782608695652174
0.5333333333333333
0.5
0.47058823529411764
0.5
0.5
0.4666666666666667
0.4375
0.47368421052631576
0.4666666666666667
0.5263157894736842
0.5
0.4666666666666667
0.5
0.5
0.5
0.4782608695652174
0.47368421052631576
0.5
0.5263157894736842
0.5333333333333333
0.5333333333333333
