0.4930555555555556
0.49795918367346936
0.4927536231884058
0.49222797927461137
0.4853801169590643
0.48717948717948717
0.48299319727891155
0.4774193548387097
0.48148148148148145
0.48091603053435117
0.4772727272727273
0.4715447154471545
0.47619047619047616
0.4696969696969697
0.46551724137931033
0.46774193548387094
0.46774193548387094
0.46774193548387094
0.4596774193548387
0.4583333333333333
0.44954128440366975
0.4608695652173913
0.4636363636363636
0.46017699115044247
0.4672131147540984
0.4594594594594595
0.4649122807017544
0.45871559633027525
0.4563106796116505
0.45535714285714285
0.4485981308411215
0.47058823529411764
0.45454545454545453
0.45098039215686275
0.44
0.5
0.4519230769230769
0.4380952380952381
0.45454545454545453
0.4230769230769231
0.44339622641509435
0.43564356435643564
0.44
0.44761904761904764
0.43564356435643564
0.44545454545454544
0.4423076923076923
0.4485981308411215
0.4485981308411215
0.4423076923076923
0.4423076923076923
0.44554455445544555
0.4485981308411215
0.4485981308411215
0.4424778761061947
0.453781512605042
0.43434343434343436
0.4434782608695652
0.44761904761904764
0.44545454545454544
0.45045045045045046
0.44642857142857145
0.4423076923076923
0.44642857142857145
0.44554455445544555
0.4485981308411215
0.4473684210526316
0.4329896907216495
0.43434343434343436
0.43434343434343436
0.44
0.4215686274509804
0.42857142857142855
0.42105263157894735
0.4368932038834951
0.43
0.42105263157894735
0.42424242424242425
0.41935483870967744
0.4215686274509804
0.4444444444444444
0.42105263157894735
0.4166666666666667
0.422680412371134
0.4175824175824176
0.4177215189873418
0.5
0.42857142857142855
0.4230769230769231
0.43478260869565216
0.42857142857142855
0.4444444444444444
0.40789473684210525
0.42168674698795183
0.42028985507246375
0.43478260869565216
0.4230769230769231
0.43333333333333335
0.4230769230769231
0.4155844155844156
0.4375
0.40540540540540543
0.48148148148148145
0.41379310344827586
0.43478260869565216
0.4307692307692308
0.45161290322580644
0.4230769230769231
0.44
0.42424242424242425
0.4482758620689655
0.46153846153846156
0.42528735632183906
0.4444444444444444
0.4444444444444444
0.43333333333333335
0.48
0.42857142857142855
0.4155844155844156
0.4235294117647059
0.4117647058823529
0.42424242424242425
0.4642857142857143
0.4166666666666667
0.41333333333333333
0.421875
0.4318181818181818
0.42528735632183906
0.425
0.42045454545454547
0.4189189189189189
0.41975308641975306
0.422680412371134
0.4318181818181818
0.43157894736842106
0.4166666666666667
0.4155844155844156
0.417910447761194
0.42168674698795183
0.4235294117647059
0.42857142857142855
0.43209876543209874
0.4225352112676056
0.42045454545454547
0.4268292682926829
0.4268292682926829
0.4305555555555556
0.45714285714285713
0.4155844155844156
0.4225352112676056
0.4246575342465753
0.42857142857142855
0.4307692307692308
0.421875
0.4246575342465753
0.4153846153846154
0.4268292682926829
0.42105263157894735
0.4142857142857143
0.42028985507246375
0.4126984126984127
0.4268292682926829
0.4189189189189189
0.4155844155844156
0.42857142857142855
0.42857142857142855
0.4411764705882353
0.43333333333333335
0.4090909090909091
0.4189189189189189
0.417910447761194
0.4266666666666667
0.4142857142857143
0.4642857142857143
0.42857142857142855
0.4266666666666667
0.4155844155844156
0.4230769230769231
0.45
0.42028985507246375
0.4262295081967213
0.425
0.41935483870967744
0.42
0.4166666666666667
0.4153846153846154
0.425
0.43902439024390244
0.425531914893617
0.4126984126984127
0.4225352112676056
0.4155844155844156
0.42592592592592593
0.425
0.44
0.4262295081967213
0.42028985507246375
0.4375
0.4146341463414634
0.41935483870967744
0.43333333333333335
0.4418604651162791
0.4222222222222222
0.42857142857142855
0.44
0.44
0.4358974358974359
0.42857142857142855
0.42028985507246375
0.42028985507246375
0.41333333333333333
0.4153846153846154
0.4266666666666667
0.45454545454545453
0.4222222222222222
0.4166666666666667
0.4189189189189189
0.42424242424242425
0.41025641025641024
0.42857142857142855
0.4117647058823529
0.421875
0.4230769230769231
0.41025641025641024
0.4057971014492754
0.4166666666666667
0.42168674698795183
0.4125
0.417910447761194
0.4177215189873418
0.4473684210526316
0.42028985507246375
0.40625
0.4125
0.4222222222222222
0.4318181818181818
0.4225352112676056
0.4186046511627907
0.4444444444444444
0.45161290322580644
0.42857142857142855
0.4142857142857143
0.4142857142857143
0.45454545454545453
0.4117647058823529
0.4482758620689655
0.45161290322580644
0.4155844155844156
0.45454545454545453
0.417910447761194
0.45454545454545453
0.4482758620689655
0.41304347826086957
0.4166666666666667
0.4444444444444444
0.4444444444444444
0.4186046511627907
0.46153846153846156
0.42105263157894735
0.4782608695652174
0.4358974358974359
0.4482758620689655
0.41818181818181815
0.4444444444444444
0.4268292682926829
0.43243243243243246
0.4186046511627907
0.4482758620689655
0.4230769230769231
0.41333333333333333
0.4186046511627907
0.43023255813953487
0.42857142857142855
0.43333333333333335
0.4155844155844156
0.4166666666666667
0.4126984126984127
0.43373493975903615
0.42391304347826086
0.42528735632183906
0.43157894736842106
0.42696629213483145
0.43333333333333335
0.42857142857142855
0.4235294117647059
0.42028985507246375
0.43037974683544306
0.4268292682926829
0.43023255813953487
0.44
0.42857142857142855
0.43529411764705883
0.43037974683544306
0.43661971830985913
0.4367816091954023
0.4264705882352941
0.4126984126984127
0.4155844155844156
0.4305555555555556
0.4307692307692308
0.423728813559322
0.42592592592592593
0.43137254901960786
0.4264705882352941
0.42857142857142855
0.4264705882352941
0.4166666666666667
0.42857142857142855
0.4307692307692308
0.42592592592592593
0.425
0.4358974358974359
0.4307692307692308
0.42105263157894735
0.42
0.43902439024390244
0.42592592592592593
0.41818181818181815
0.4444444444444444
0.43478260869565216
0.43902439024390244
0.43333333333333335
0.42857142857142855
0.4418604651162791
0.425531914893617
0.42105263157894735
0.4230769230769231
0.4411764705882353
0.4318181818181818
0.4222222222222222
0.43478260869565216
0.4358974358974359
0.4523809523809524
0.43333333333333335
0.41935483870967744
0.42857142857142855
0.42857142857142855
0.43333333333333335
0.4230769230769231
0.43137254901960786
0.43243243243243246
0.4375
0.4411764705882353
0.4358974358974359
0.45454545454545453
0.42857142857142855
0.42857142857142855
0.42857142857142855
0.45454545454545453
0.4444444444444444
0.42857142857142855
0.42424242424242425
0.43243243243243246
0.43243243243243246
0.4473684210526316
0.4473684210526316
0.45
0.4166666666666667
0.43478260869565216
0.42857142857142855
0.4186046511627907
0.4375
0.45454545454545453
0.43333333333333335
0.4318181818181818
0.41818181818181815
0.4230769230769231
0.41935483870967744
0.42857142857142855
0.42857142857142855
0.43478260869565216
0.42857142857142855
0.42
0.4444444444444444
0.47058823529411764
0.42857142857142855
0.43478260869565216
0.4358974358974359
0.45454545454545453
0.42424242424242425
0.4166666666666667
0.43243243243243246
0.47368421052631576
0.43478260869565216
0.43478260869565216
0.4583333333333333
0.45454545454545453
0.4444444444444444
0.4782608695652174
0.42857142857142855
0.47368421052631576
0.4782608695652174
0.4444444444444444
0.45
0.45454545454545453
0.47368421052631576
0.44
0.44
0.5263157894736842
0.42857142857142855
0.4583333333333333
0.47368421052631576
0.47619047619047616
0.4782608695652174
0.4444444444444444
0.47368421052631576
0.5
0.47368421052631576
0.47619047619047616
0.45
0.46153846153846156
0.4444444444444444
0.45454545454545453
0.5
0.5
0.47619047619047616
0.45
0.47619047619047616
0.5
0.5
0.5
0.4666666666666667
0.43478260869565216
0.5
0.47058823529411764
0.5
0.5
0.5
0.5263157894736842
0.47058823529411764
0.4666666666666667
0.45
0.5
0.5
0.4782608695652174
0.4666666666666667
0.47368421052631576
0.47619047619047616
0.5
0.5333333333333333
0.4375
0.47058823529411764
0.47058823529411764
0.47368421052631576
0.5333333333333333
0.5263157894736842
0.5
0.47619047619047616
0.5
0.5
0.5
0.5263157894736842
0.45
0.45
0.5294117647058824
0.5
0.5294117647058824
0.42857142857142855
0.5
0.47368421052631576
0.45
0.47058823529411764
0.45
0.5
0.47058823529411764
0.5333333333333333
0.47368421052631576
0.47619047619047616
0.47368421052631576
0.47368421052631576
0.5625
0.5
0.4666666666666667
0.5
0.5
0.4375
0.5
0.4375
0.47058823529411764
0.5
0.5333333333333333
0.47058823529411764
0.5
0.5
0.4666666666666667
0.47058823529411764
0.47619047619047616
0.47058823529411764
0.45454545454545453
0.5
0.5
0.5
0.5333333333333333
0.45454545454545453
0.4375
0.5
0.47058823529411764
0.4666666666666667
0.5
0.5384615384615384
0.4444444444444444
0.47368421052631576
0.47058823529411764
0.4444444444444444
0.4444444444444444
0.4666666666666667
0.5
0.46153846153846156
0.5384615384615384
0.5
0.4444444444444444
0.5
0.5
0.47058823529411764
0.5
0.5333333333333333
0.47368421052631576
0.5384615384615384
0.4375
0.5
0.5294117647058824
0.5
0.4444444444444444
0.47368421052631576
0.5
0.47058823529411764
0.5
0.5384615384615384
0.5
0.4444444444444444
0.4666666666666667
0.5333333333333333
0.5
0.45
0.5
0.5
0.5
0.47058823529411764
0.5
0.4666666666666667
0.47058823529411764
0.5
0.4666666666666667
0.46153846153846156
0.5
0.47058823529411764
0.47619047619047616
0.47058823529411764
0.4444444444444444
0.47058823529411764
0.5
0.5
0.5
0.5
0.5
0.46153846153846156
0.5
0.47368421052631576
0.47368421052631576
0.5
0.5
0.5833333333333334
0.47058823529411764
0.4666666666666667
0.5294117647058824
0.4666666666666667
0.5333333333333333
0.5
0.5333333333333333
0.5833333333333334
0.5
0.5
0.4666666666666667
0.5384615384615384
0.5833333333333334
0.5
0.5333333333333333
0.5
0.7
0.5
0.5333333333333333
0.5384615384615384
0.5
0.5333333333333333
0.5384615384615384
0.5454545454545454
0.5
0.5
0.5
0.6
0.5384615384615384
0.5384615384615384
0.5
0.5
0.5
0.5294117647058824
0.5833333333333334
0.5833333333333334
0.5384615384615384
0.5833333333333334
0.5714285714285714
0.5
0.5
0.5833333333333334
0.5
0.5
0.5384615384615384
0.5
0.5833333333333334
0.5714285714285714
0.5833333333333334
0.6
0.6363636363636364
0.5384615384615384
0.5333333333333333
0.6363636363636364
0.6153846153846154
0.5384615384615384
0.5833333333333334
0.5384615384615384
0.5833333333333334
0.5833333333333334
0.5
0.5
0.5833333333333334
0.5
0.5833333333333334
0.5833333333333334
0.5
0.5384615384615384
0.5454545454545454
0.5833333333333334
0.6
0.6153846153846154
0.5833333333333334
0.5833333333333334
0.6153846153846154
0.5833333333333334
0.5384615384615384
0.6153846153846154
0.5384615384615384
0.6
0.5833333333333334
0.5384615384615384
0.5333333333333333
0.5384615384615384
0.5714285714285714
0.5833333333333334
0.5333333333333333
0.7
0.5
0.5384615384615384
0.6363636363636364
0.5
0.5454545454545454
0.6
0.5454545454545454
0.6666666666666666
0.6
0.5333333333333333
0.6
0.5
0.6153846153846154
0.6363636363636364
0.5333333333333333
0.6153846153846154
0.6428571428571429
0.5833333333333334
0.6
0.6
0.5833333333333334
0.5833333333333334
0.7272727272727273
0.7
0.6
0.6
0.6363636363636364
0.5833333333333334
0.5
0.5833333333333334
0.5833333333333334
0.5833333333333334
0.6666666666666666
0.7
0.6
0.6363636363636364
0.6
0.7272727272727273
0.5833333333333334
0.5454545454545454
0.6153846153846154
0.6363636363636364
0.5714285714285714
0.5833333333333334
0.5833333333333334
0.6
0.6363636363636364
0.6153846153846154
0.6363636363636364
0.6363636363636364
0.6
0.5833333333333334
0.6
0.6153846153846154
0.8
0.5833333333333334
0.5454545454545454
0.5454545454545454
0.6363636363636364
0.6
0.5454545454545454
0.6
0.6363636363636364
0.5833333333333334
0.7272727272727273
0.6153846153846154
0.6363636363636364
0.6
0.5833333333333334
0.6363636363636364
0.7
0.6
0.6363636363636364
0.7
0.6363636363636364
0.6
0.6363636363636364
0.6
0.5833333333333334
0.6363636363636364
0.6666666666666666
0.6666666666666666
0.5454545454545454
0.5833333333333334
0.6666666666666666
0.6363636363636364
0.6363636363636364
0.5833333333333334
0.6363636363636364
0.6363636363636364
0.6
0.6666666666666666
0.7777777777777778
0.6666666666666666
0.7
0.6666666666666666
0.5454545454545454
0.6
0.8
0.6666666666666666
0.6666666666666666
0.6363636363636364
0.5454545454545454
0.6666666666666666
0.5833333333333334
0.6
0.7
0.7
0.6666666666666666
0.7
0.6363636363636364
0.7777777777777778
0.7777777777777778
0.6
0.5833333333333334
0.6666666666666666
0.5833333333333334
0.6
0.7777777777777778
0.6666666666666666
0.7777777777777778
0.7272727272727273
0.7272727272727273
0.7
0.7272727272727273
0.7
0.7272727272727273
0.7272727272727273
0.5454545454545454
0.6666666666666666
0.7
0.6363636363636364
0.6666666666666666
0.7777777777777778
0.6363636363636364
0.7777777777777778
0.6
0.7272727272727273
0.6363636363636364
0.875
0.7
0.7
0.6666666666666666
0.7777777777777778
0.6666666666666666
0.7777777777777778
0.6
0.7272727272727273
0.6
0.7777777777777778
0.7
0.7272727272727273
0.7
0.8
0.8888888888888888
0.7
0.7
0.7272727272727273
0.7
0.7
0.7272727272727273
0.6666666666666666
0.6363636363636364
0.7272727272727273
0.7272727272727273
0.8
0.6
0.8
0.7
0.7272727272727273
0.8
0.7
0.7
0.7777777777777778
0.7
0.8
0.6363636363636364
0.7272727272727273
0.7272727272727273
0.7777777777777778
0.7
0.7
0.7272727272727273
0.7272727272727273
0.8
0.8888888888888888
0.8
0.7777777777777778
0.7
0.6666666666666666
0.7272727272727273
0.7
0.7777777777777778
0.7
0.7
0.875
0.8
0.7777777777777778
0.7777777777777778
0.9
0.8
0.8181818181818182
0.7777777777777778
0.7777777777777778
0.7777777777777778
0.7777777777777778
0.7272727272727273
0.7777777777777778
1.0
0.7777777777777778
0.9
0.7272727272727273
0.7777777777777778
0.7777777777777778
0.7777777777777778
0.8181818181818182
0.7
0.7272727272727273
0.8
0.7777777777777778
0.8
0.8181818181818182
0.9
0.875
0.9090909090909091
0.8181818181818182
0.8
0.7
0.8
0.7777777777777778
1.0
0.9
0.9
0.8
1.0
0.9
0.7777777777777778
0.875
0.9
0.8888888888888888
0.9
0.8888888888888888
0.9
0.8888888888888888
0.9
0.9
0.8181818181818182
0.7777777777777778
0.8
1.0
0.9090909090909091
1.0
0.8
0.875
0.7777777777777778
0.8888888888888888
1.0
0.8888888888888888
0.9
1.0
1.0
0.9
1.0
1.0
0.8888888888888888
0.8888888888888888
1.0
0.9
0.8888888888888888
1.0
0.7777777777777778
1.0
1.0
0.8888888888888888
1.0
0.9
1.0
0.9
1.0
0.9
0.9
1.0
0.9
1.0
0.8888888888888888
1.0
1.0
1.0
1.0
0.9090909090909091
0.8888888888888888
1.0
0.9
0.8888888888888888
1.0
1.0
0.875
0.9
0.9
0.9090909090909091
1.0
1.0
0.8888888888888888
0.9
0.8888888888888888
1.0
1.0
1.0
0.875
0.9
1.0
0.9
1.0
0.9
1.0
1.0
1.0
0.9
0.9
1.0
1.0
0.9
0.8888888888888888
1.0
1.0
1.0
1.0
1.0
1.0
0.9
1.0
1.0
1.0
1.0
1.0
1.0
1.0
1.0
0.9
0.8888888888888888
0.8888888888888888
1.0
1.0
1.0
0.9
1.0
1.0
0.8888888888888888
0.9
1.0
