0.6875
0.7333333333333333
0.7692307692307693
0.4
0.7142857142857143
0.7272727272727273
0.7692307692307693
0.7333333333333333
0.7692307692307693
0.7272727272727273
0.6666666666666666
0.6875
0.9166666666666666
0.5555555555555556
0.8181818181818182
0.7368421052631579
0.6
0.7142857142857143
0.6666666666666666
0.7692307692307693
0.7692307692307693
0.9090909090909091
0.6551724137931034
0.6428571428571429
0.48
0.7272727272727273
0.5
0.5333333333333333
0.5333333333333333
0.5172413793103449
0.6206896551724138
0.4909090909090909
0.7
0.5833333333333334
0.7142857142857143
0.5
0.7142857142857143
0.4634146341463415
0.6111111111111112
0.2857142857142857
0.5185185185185185
0.4666666666666667
0.5384615384615384
0.4868421052631579
0.48936170212765956
0.5333333333333333
0.5148514851485149
0.54
0.5
0.47368421052631576
0.7
0.46153846153846156
0.48717948717948717
0.5081967213114754
0.6153846153846154
0.5416666666666666
0.5
0.5128205128205128
0.4230769230769231
0.5
0.5
0.5357142857142857
0.44
0.4727272727272727
0.5454545454545454
0.49019607843137253
0.5217391304347826
0.5111111111111111
0.49107142857142855
0.5161290322580645
0.48
0.52
0.4827586206896552
0.5
0.5
0.5294117647058824
0.5128205128205128
0.4883720930232558
0.43902439024390244
0.5098039215686274
0.4772727272727273
0.5217391304347826
0.5510204081632653
0.5
0.475
0.5
0.48148148148148145
0.4864864864864865
0.5
0.4523809523809524
0.49122807017543857
0.48148148148148145
0.5
0.5
0.48936170212765956
0.5081967213114754
0.49295774647887325
0.5
0.5116279069767442
0.44680851063829785
0.48717948717948717
0.5185185185185185
0.5373134328358209
0.5079365079365079
0.54
0.5263157894736842
0.4657534246575342
0.515625
0.5121951219512195
0.4796747967479675
0.44680851063829785
0.5555555555555556
0.5087719298245614
0.5294117647058824
0.5384615384615384
0.5
0.475
0.5340909090909091
0.4782608695652174
0.5245901639344263
0.54
0.4777777777777778
0.4666666666666667
0.5153846153846153
0.4838709677419355
0.5263157894736842
0.5179856115107914
0.5252525252525253
0.5434782608695652
0.47619047619047616
0.5196078431372549
0.5252525252525253
0.46835443037974683
0.48044692737430167
0.5268817204301075
0.5344827586206896
0.5350877192982456
0.45454545454545453
0.4888888888888889
0.5151515151515151
0.4696969696969697
0.45901639344262296
0.49295774647887325
0.48128342245989303
0.4567901234567901
0.4787234042553192
0.4901185770750988
0.5166051660516605
0.42028985507246375
0.49666666666666665
0.4860335195530726
0.4444444444444444
0.47586206896551725
0.5275590551181102
0.485
0.49666666666666665
0.509090909090909
0.47368421052631576
0.4866666666666667
0.5066666666666667
0.4870848708487085
0.5
0.5033333333333333
0.49280575539568344
0.5143884892086331
0.5033333333333333
0.5066666666666667
0.48223350253807107
0.5081081081081081
0.5108695652173914
0.47674418604651164
0.49333333333333335
0.4703196347031963
0.49666666666666665
0.49814126394052044
0.5055555555555555
0.4946236559139785
0.5051546391752577
0.5125
0.5069124423963134
0.49666666666666665
0.48717948717948717
0.48466257668711654
0.5037037037037037
0.49361702127659574
0.4782608695652174
0.49433962264150944
0.5055555555555555
0.5066666666666667
0.47572815533980584
0.4826086956521739
0.49416342412451364
0.47474747474747475
0.48221343873517786
0.5108695652173914
0.475
0.4789915966386555
0.5060240963855421
0.5036764705882353
0.47619047619047616
0.5
0.49382716049382713
0.5
0.4819277108433735
0.5112359550561798
0.4594594594594595
0.48792270531400966
0.5065502183406113
0.49333333333333335
0.5135135135135135
0.4888888888888889
0.4977578475336323
0.5
0.5128205128205128
0.4811320754716981
0.4878048780487805
0.4533333333333333
0.47317073170731705
0.4801980198019802
0.4840182648401826
0.49404761904761907
0.48502994011976047
0.5034965034965035
0.4939759036144578
0.46153846153846156
0.5036496350364964
0.4876847290640394
0.49473684210526314
0.47643979057591623
0.47844827586206895
0.47692307692307695
0.47
0.49504950495049505
0.46808510638297873
0.4784688995215311
0.4818181818181818
0.4803921568627451
0.4696969696969697
0.485
0.4731182795698925
0.49065420560747663
0.48717948717948717
0.48058252427184467
0.4766355140186916
0.48186528497409326
0.4895397489539749
0.5
0.48695652173913045
0.48034934497816595
0.4981684981684982
0.4788732394366197
0.4925925925925926
0.49029126213592233
0.48739495798319327
0.5067567567567568
0.49333333333333335
0.5
0.4881516587677725
0.5066666666666667
0.49333333333333335
0.49666666666666665
0.49333333333333335
0.49666666666666665
0.49333333333333335
0.49666666666666665
0.5033333333333333
0.4980544747081712
0.49333333333333335
0.49666666666666665
0.49333333333333335
0.51
0.49295774647887325
0.49666666666666665
0.49206349206349204
0.5
0.5033333333333333
0.5
0.5
0.4866666666666667
0.4866666666666667
0.49333333333333335
0.5066666666666667
0.4931506849315068
0.49333333333333335
0.5033333333333333
0.5
0.5
0.51
0.5033333333333333
0.51
0.5
0.5033333333333333
0.51
0.5
0.5105633802816901
0.5033333333333333
0.5033112582781457
0.5033333333333333
0.5
0.5033333333333333
0.5033333333333333
0.5033333333333333
0.5
0.4793388429752066
0.49469964664310956
0.5
0.49666666666666665
0.5133333333333333
0.5118110236220472
0.5066666666666667
0.49666666666666665
0.4935064935064935
0.49333333333333335
0.4869109947643979
0.49666666666666665
0.5041666666666667
0.49333333333333335
0.5037037037037037
0.5066666666666667
0.51
0.48743718592964824
0.5
0.4957627118644068
0.4866666666666667
0.5
0.5028571428571429
0.49333333333333335
0.47126436781609193
0.5
0.46938775510204084
0.48598130841121495
0.49666666666666665
0.5
0.4983277591973244
0.5
0.4978540772532189
0.48223350253807107
0.4935064935064935
0.47738693467336685
0.47619047619047616
0.4956521739130435
0.4777777777777778
0.481651376146789
0.4883720930232558
0.4742268041237113
0.48484848484848486
0.4838709677419355
0.483695652173913
0.48322147651006714
0.48704663212435234
0.48044692737430167
0.49640287769784175
0.49242424242424243
0.4755244755244755
0.4864864864864865
0.489010989010989
0.48412698412698413
0.4645669291338583
0.4806201550387597
0.4642857142857143
0.4728682170542636
0.46017699115044247
0.4563106796116505
0.4772727272727273
0.4594594594594595
0.4759036144578313
0.4672897196261682
0.47580645161290325
0.4649122807017544
0.4863013698630137
0.4745762711864407
0.47058823529411764
0.475
0.4765625
0.46774193548387094
0.4778761061946903
0.4689655172413793
0.4825174825174825
0.4892086330935252
0.4791666666666667
0.496551724137931
0.4878048780487805
0.4793388429752066
0.478494623655914
0.48031496062992124
0.4861111111111111
0.4759036144578313
0.48299319727891155
0.47701149425287354
0.48
0.48299319727891155
0.4764705882352941
0.48258706467661694
0.49640287769784175
0.48520710059171596
0.4875
0.4692737430167598
0.483695652173913
0.49382716049382713
0.41935483870967744
0.4819277108433735
0.48148148148148145
0.49032258064516127
0.4879518072289157
0.48872180451127817
0.47560975609756095
0.4827586206896552
0.4875
0.4444444444444444
0.48201438848920863
0.47244094488188976
0.47863247863247865
0.4745762711864407
0.4672131147540984
0.4649122807017544
0.46938775510204084
0.4636363636363636
0.45614035087719296
0.45045045045045046
0.4387755102040816
0.46774193548387094
0.4424778761061947
0.45098039215686275
0.46218487394957986
0.45454545454545453
0.46153846153846156
0.4423076923076923
0.4444444444444444
0.4392523364485981
0.4392523364485981
0.4444444444444444
0.452991452991453
0.4444444444444444
0.4166666666666667
0.44545454545454544
0.44642857142857145
0.44537815126050423
0.42990654205607476
0.43137254901960786
0.4423076923076923
0.4423076923076923
0.4351851851851852
0.46511627906976744
0.43902439024390244
0.4230769230769231
0.43636363636363634
0.4444444444444444
0.43137254901960786
0.4528301886792453
0.43478260869565216
0.43902439024390244
0.4166666666666667
0.41414141414141414
0.4423076923076923
0.4523809523809524
0.42857142857142855
0.4358974358974359
0.43478260869565216
0.43243243243243246
0.42727272727272725
0.425531914893617
0.42718446601941745
0.4523809523809524
0.4482758620689655
0.43478260869565216
0.45454545454545453
0.42
0.41836734693877553
0.4418604651162791
0.4666666666666667
0.42105263157894735
0.47368421052631576
0.4342105263157895
0.44680851063829785
0.4326923076923077
0.4444444444444444
0.4583333333333333
0.4423076923076923
0.43243243243243246
0.45652173913043476
0.4105263157894737
0.422680412371134
0.42105263157894735
0.4174757281553398
0.4583333333333333
0.4583333333333333
0.4358974358974359
0.42857142857142855
0.43548387096774194
0.42727272727272725
0.42592592592592593
0.4666666666666667
0.4583333333333333
0.45714285714285713
0.42857142857142855
0.4174757281553398
0.42857142857142855
0.41
0.4230769230769231
0.41836734693877553
0.42857142857142855
0.4205607476635514
0.4489795918367347
0.42391304347826086
0.45098039215686275
0.41836734693877553
0.4411764705882353
0.43333333333333335
0.43243243243243246
0.4260869565217391
0.41379310344827586
0.42857142857142855
0.42452830188679247
0.43636363636363634
0.40425531914893614
0.4426229508196721
0.42574257425742573
0.42727272727272725
0.43478260869565216
0.4270833333333333
0.42592592592592593
0.42718446601941745
0.4368932038834951
0.43478260869565216
0.4326923076923077
0.44086021505376344
0.41414141414141414
0.44
0.42857142857142855
0.4329896907216495
0.4406779661016949
0.4426229508196721
0.4344262295081967
0.4462809917355372
0.43
0.4444444444444444
0.43902439024390244
0.42592592592592593
0.43333333333333335
0.4339622641509434
0.42727272727272725
0.43902439024390244
0.41237113402061853
0.43119266055045874
0.4215686274509804
0.42574257425742573
0.4375
0.42857142857142855
0.43564356435643564
0.43548387096774194
0.43529411764705883
0.4426229508196721
0.44144144144144143
0.43859649122807015
0.43902439024390244
0.43859649122807015
0.44755244755244755
0.43859649122807015
0.43859649122807015
0.44285714285714284
0.4375
0.4247787610619469
0.4435483870967742
0.4434782608695652
0.44642857142857145
0.4507042253521127
0.44696969696969696
0.4365079365079365
0.448
0.46060606060606063
0.46153846153846156
0.44525547445255476
0.4369747899159664
0.44166666666666665
0.4358974358974359
0.4298245614035088
0.4513888888888889
0.4513888888888889
0.46511627906976744
0.44696969696969696
0.43902439024390244
0.4444444444444444
0.4557823129251701
0.45038167938931295
0.43902439024390244
0.44642857142857145
0.4424778761061947
0.4406779661016949
0.44545454545454544
0.4426229508196721
0.448
0.4444444444444444
0.453125
0.4368932038834951
0.44274809160305345
0.45454545454545453
0.4435483870967742
0.4596774193548387
0.45161290322580644
0.45544554455445546
0.44285714285714284
0.4552238805970149
0.4523809523809524
0.4573643410852713
0.44545454545454544
0.44545454545454544
0.4434782608695652
0.448
0.45394736842105265
0.44537815126050423
0.44696969696969696
0.4608695652173913
0.45794392523364486
0.46
0.46258503401360546
0.4485294117647059
0.45132743362831856
0.47126436781609193
0.463855421686747
0.44761904761904764
0.4444444444444444
0.463855421686747
0.4730290456431535
0.46
0.4605263157894737
0.4675324675324675
0.4767025089605735
0.5328947368421053
0.47317073170731705
0.4811715481171548
0.5333333333333333
0.5329341317365269
0.536723163841808
0.5416666666666666
0.532051282051282
0.5255102040816326
0.5275229357798165
0.536723163841808
0.5461538461538461
0.5282051282051282
0.5555555555555556
0.5486111111111112
0.5486111111111112
0.5291005291005291
0.5433070866141733
0.5297297297297298
0.5321637426900585
0.5348837209302325
0.5286624203821656
0.5308641975308642
0.5357142857142857
0.5033333333333333
0.5301204819277109
0.5166666666666667
0.5133333333333333
0.5291005291005291
0.5269461077844312
0.5186915887850467
0.5301204819277109
0.5294117647058824
0.5263157894736842
0.5298507462686567
0.5290322580645161
0.5280898876404494
0.5247524752475248
0.5033333333333333
0.5233160621761658
0.5248868778280543
0.5271739130434783
0.5228426395939086
0.4870848708487085
0.49333333333333335
0.5166666666666667
0.5193798449612403
0.5276073619631901
0.519650655021834
0.5247524752475248
0.5138888888888888
0.5303867403314917
0.5269709543568465
0.5265700483091788
0.5266272189349113
0.54375
0.5344827586206896
0.5432098765432098
0.5301204819277109
0.54375
0.5291479820627802
0.5357142857142857
0.5396825396825397
0.5389221556886228
0.5133333333333333
0.5454545454545454
0.5337837837837838
0.526829268292683
0.527363184079602
0.526829268292683
0.5217391304347826
0.5345911949685535
0.47317073170731705
0.49
0.524390243902439
0.51
0.47674418604651164
0.5210084033613446
0.4790874524714829
0.48028673835125446
0.5
0.5173745173745173
0.48091603053435117
0.4759825327510917
0.4775510204081633
0.4780701754385965
0.47668393782383417
0.4756756756756757
0.47752808988764045
0.48161764705882354
0.48034934497816595
0.49
0.47641509433962265
0.4818181818181818
0.48134328358208955
0.4867924528301887
0.4811715481171548
0.4845814977973568
0.4748603351955307
0.48760330578512395
0.48846153846153845
0.4796380090497738
0.4864864864864865
0.48
0.4835680751173709
0.4890829694323144
0.48739495798319327
0.49666666666666665
0.4897959183673469
0.4911660777385159
0.49333333333333335
0.47738693467336685
0.49
0.4865771812080537
0.49666666666666665
0.49333333333333335
0.4880546075085324
0.49666666666666665
0.49333333333333335
0.49
0.5
0.5
0.49666666666666665
0.49666666666666665
0.5033333333333333
0.5033333333333333
0.5033333333333333
0.49666666666666665
0.5033333333333333
0.5033333333333333
0.5
0.5
0.5066666666666667
0.5033333333333333
0.49666666666666665
0.5
0.5
0.5
0.49666666666666665
0.49333333333333335
0.49333333333333335
0.49666666666666665
0.5
0.5
0.49333333333333335
0.49666666666666665
0.49666666666666665
0.49666666666666665
0.49333333333333335
0.49
0.4909090909090909
0.49666666666666665
0.49615384615384617
0.49333333333333335
0.49063670411985016
0.49328859060402686
0.49333333333333335
0.49666666666666665
0.5
0.49333333333333335
0.5
0.5
0.49666666666666665
0.49666666666666665
0.5033333333333333
0.5
0.49666666666666665
0.5033333333333333
0.5033333333333333
0.5033333333333333
0.5033333333333333
0.5
0.5033333333333333
0.5033333333333333
0.5
0.5033333333333333
0.49666666666666665
0.5
0.49666666666666665
0.49666666666666665
0.5
0.5
0.5033333333333333
0.49666666666666665
0.5033333333333333
0.49666666666666665
0.49666666666666665
0.5033333333333333
0.5033333333333333
0.49666666666666665
0.49333333333333335
0.5033333333333333
0.49666666666666665
0.5
0.49666666666666665
0.5
0.5033333333333333
0.5033333333333333
0.49666666666666665
0.49666666666666665
0.5066666666666667
0.5
0.49666666666666665
0.49666666666666665
0.49666666666666665
0.5066666666666667
0.5033333333333333
0.49333333333333335
0.5
0.49333333333333335
0.5033333333333333
0.49333333333333335
0.49333333333333335
0.51
0.49666666666666665
0.5066666666666667
0.49
0.5
0.49635036496350365
0.4963235294117647
0.4866666666666667
0.49666666666666665
0.5133333333333333
0.49666666666666665
0.5033333333333333
0.49666666666666665
0.5033333333333333
0.49666666666666665
0.5066666666666667
0.5033333333333333
0.5033333333333333
0.51
0.5034013605442177
0.49333333333333335
0.4978540772532189
0.49666666666666665
0.5033333333333333
0.5033333333333333
0.49666666666666665
0.5
0.5
0.5033333333333333
0.51
0.49666666666666665
0.5035460992907801
0.5066666666666667
0.5033333333333333
0.5
0.5
0.49666666666666665
0.49666666666666665
0.5033333333333333
0.49
0.49666666666666665
0.49333333333333335
0.5
0.49333333333333335
0.49666666666666665
0.5
0.5033333333333333
0.49666666666666665
0.5033333333333333
0.5
0.49666666666666665
0.5
0.49666666666666665
0.5
0.5033333333333333
0.5
0.5033333333333333
0.5066666666666667
0.5119047619047619
0.5144230769230769
0.5141509433962265
0.5118483412322274
0.5187165775401069
0.5185185185185185
0.5063291139240507
0.5119047619047619
0.53
0.5172413793103449
0.5172413793103449
0.5138888888888888
0.5225225225225225
0.5147058823529411
0.5149253731343284
0.5208333333333334
0.5299145299145299
0.525
0.5225225225225225
0.515625
0.5258620689655172
0.5217391304347826
0.5161290322580645
0.5118110236220472
0.5166666666666667
0.5416666666666666
0.5196850393700787
0.5333333333333333
0.5244755244755245
0.52
0.5284552845528455
0.5161290322580645
0.5138888888888888
0.5214285714285715
0.5641025641025641
0.5185185185185185
0.5202702702702703
0.528169014084507
0.5118110236220472
0.525974025974026
0.5157232704402516
0.5165562913907285
0.5157232704402516
0.5149700598802395
0.5197368421052632
0.5217391304347826
0.5229885057471264
0.5178571428571429
0.5222929936305732
0.5217391304347826
0.5212121212121212
0.5283018867924528
0.5182926829268293
0.5208333333333334
0.5133333333333333
0.5128205128205128
0.5139664804469274
0.5159574468085106
0.5202312138728323
0.519774011299435
0.5238095238095238
0.5263157894736842
0.5227272727272727
0.5245901639344263
0.52
0.5257142857142857
0.5240641711229946
0.5106382978723404
0.5164835164835165
0.5191256830601093
0.5093457943925234
0.5099009900990099
0.515625
0.5165876777251185
0.507177033492823
0.5056603773584906
0.5078740157480315
0.5097276264591439
0.5141700404858299
0.5081967213114754
0.5076335877862596
0.5056603773584906
0.5
0.5071942446043165
0.5081967213114754
0.5057034220532319
0.5077519379844961
0.5110294117647058
0.5181159420289855
0.5111111111111111
0.5066666666666667
0.5056603773584906
0.5126353790613718
0.5091575091575091
0.5050847457627119
0.5033333333333333
0.5
0.49666666666666665
0.5
0.4959349593495935
0.5023923444976076
0.5033333333333333
