0.47368421052631576
0.47058823529411764
0.5
0.5
0.4859154929577465
0.4666666666666667
0.45454545454545453
0.5
0.4444444444444444
0.4666666666666667
0.4230769230769231
0.44
0.487012987012987
0.4838709677419355
0.49044585987261147
0.48502994011976047
0.48502994011976047
0.4971751412429379
0.49444444444444446
0.4945054945054945
0.489010989010989
0.49222797927461137
0.49171270718232046
0.4946236559139785
0.49101796407185627
0.4918918918918919
0.4583333333333333
0.4915254237288136
0.49382716049382713
0.4941860465116279
0.4900662251655629
0.4935897435897436
0.4966887417218543
0.4930555555555556
0.48507462686567165
0.48717948717948717
0.48120300751879697
0.48120300751879697
0.48936170212765956
0.48175182481751827
0.4793388429752066
0.4765625
0.4796747967479675
0.47619047619047616
0.47058823529411764
0.47619047619047616
0.4666666666666667
0.47540983606557374
0.46218487394957986
0.4672131147540984
0.46551724137931033
0.47244094488188976
0.46825396825396826
0.4690265486725664
0.4661016949152542
0.4634146341463415
0.46956521739130436
0.46956521739130436
0.46218487394957986
0.4672131147540984
0.46153846153846156
0.46551724137931033
0.46956521739130436
0.46226415094339623
0.46825396825396826
0.46774193548387094
0.47619047619047616
0.4715447154471545
0.46774193548387094
0.47244094488188976
0.46825396825396826
0.46218487394957986
0.4715447154471545
0.4732824427480916
0.4661016949152542
0.4715447154471545
0.46825396825396826
0.4728682170542636
0.472
0.4608695652173913
0.4715447154471545
0.4649122807017544
0.47244094488188976
0.4666666666666667
0.48148148148148145
0.4661016949152542
0.4740740740740741
0.472
0.4634146341463415
0.4789915966386555
0.4732824427480916
0.4728682170542636
0.472
0.4732824427480916
0.47058823529411764
0.4701492537313433
0.4765625
0.46774193548387094
0.4772727272727273
0.47692307692307695
0.48120300751879697
0.4772727272727273
0.47244094488188976
0.4791666666666667
0.48120300751879697
0.4857142857142857
0.4788732394366197
0.48201438848920863
0.4797297297297297
0.4857142857142857
0.4797297297297297
0.48344370860927155
0.4852941176470588
0.48201438848920863
0.4825174825174825
0.4732824427480916
0.4861111111111111
0.4791666666666667
0.48322147651006714
0.4748201438848921
0.4772727272727273
0.4765625
0.47619047619047616
0.475177304964539
0.4785714285714286
0.4782608695652174
0.4866666666666667
0.4785714285714286
0.4825174825174825
0.4873417721518987
0.48717948717948717
0.4875
0.4838709677419355
0.48823529411764705
0.49019607843137253
0.4918918918918919
0.4972677595628415
0.49411764705882355
0.49246231155778897
0.4918918918918919
0.4954128440366973
0.4951923076923077
0.49261083743842365
0.5
0.49387755102040815
0.49603174603174605
0.49624060150375937
0.4965277777777778
0.5
0.5
0.49666666666666665
0.5
0.5
0.5
0.5
0.5
0.49666666666666665
0.5
0.5
0.5
0.5
0.5
0.5
0.5
0.5
0.5
0.5
0.5
0.5
0.5
0.49666666666666665
0.5
0.5
0.5
0.5
0.5
0.5
0.5
0.5
0.5033333333333333
0.5
0.5
0.5
0.5
0.5
0.5033333333333333
0.5
0.49666666666666665
0.5
0.5
0.5
0.5
0.5
0.5
0.5
0.5
0.5
0.5
0.5
0.5
0.5
0.5
0.5
0.5
0.5033333333333333
0.5
0.5
0.5
0.5
0.5033333333333333
0.5
0.5
0.5
0.5
0.5
0.5
0.5
0.5
0.5
0.5
0.5
0.5
0.5
0.5
0.5
0.5
0.5
0.5
0.5
0.5
0.5
0.5
0.5
0.5
0.5
0.5
0.5
0.5
0.5
0.5
0.5
0.5
0.5
0.5033333333333333
0.5
0.5033333333333333
0.5
0.5
0.5023923444976076
0.5029585798816568
0.5061728395061729
0.5103448275862069
0.5088757396449705
0.518796992481203
0.5196850393700787
0.5136986301369864
0.518796992481203
0.5241935483870968
0.5220588235294118
0.5271317829457365
0.5284552845528455
0.5309734513274337
0.5317460317460317
0.532258064516129
0.5365853658536586
0.543859649122807
0.5354330708661418
0.5431034482758621
0.5405405405405406
0.5423728813559322
0.5391304347826087
0.5454545454545454
0.5478260869565217
0.5478260869565217
0.544
0.543859649122807
0.5471698113207547
0.5454545454545454
0.5431034482758621
0.5470085470085471
0.5486725663716814
0.5486725663716814
0.5514018691588785
0.5631067961165048
0.56
0.5566037735849056
0.5566037735849056
0.5545454545454546
0.5625
0.57
0.5612244897959183
0.5631067961165048
0.5673076923076923
0.57
0.5769230769230769
0.5643564356435643
0.5714285714285714
0.5773195876288659
0.5675675675675675
0.5660377358490566
0.5816326530612245
0.574468085106383
0.5869565217391305
0.5789473684210527
0.5729166666666666
0.5833333333333334
0.5588235294117647
0.5789473684210527
0.5869565217391305
0.5714285714285714
0.5625
0.5789473684210527
0.5869565217391305
0.5681818181818182
0.5955056179775281
0.5728155339805825
0.5833333333333334
0.58
0.5789473684210527
0.5789473684210527
0.5714285714285714
0.5742574257425742
0.57
0.5824175824175825
0.5643564356435643
0.5789473684210527
0.5757575757575758
0.57
0.5769230769230769
0.5789473684210527
0.5784313725490197
0.5806451612903226
0.5729166666666666
0.5816326530612245
0.5784313725490197
0.5666666666666667
0.5784313725490197
0.5588235294117647
0.58
0.5851063829787234
0.5851063829787234
0.5816326530612245
0.575
0.5841584158415841
0.5581395348837209
0.5816326530612245
0.5876288659793815
0.5757575757575758
0.5789473684210527
0.5784313725490197
0.5789473684210527
0.5526315789473685
0.5757575757575758
0.58
0.5851063829787234
0.5631067961165048
0.5773195876288659
0.5729166666666666
0.5784313725490197
0.5673076923076923
0.5740740740740741
0.57
0.5754716981132075
0.5585585585585585
0.5742574257425742
0.5686274509803921
0.5789473684210527
0.5619047619047619
0.5673076923076923
0.5742574257425742
0.57
0.5769230769230769
0.57
0.5742574257425742
0.57
0.5673076923076923
0.5648148148148148
0.5686274509803921
0.5660377358490566
0.5686274509803921
0.57
0.5670103092783505
0.5648148148148148
0.5714285714285714
0.5714285714285714
0.58
0.5688073394495413
0.5648148148148148
0.5684210526315789
0.5686274509803921
0.5714285714285714
0.5728155339805825
0.5769230769230769
0.5773195876288659
0.5648148148148148
0.5686274509803921
0.5648148148148148
0.5607476635514018
0.5656565656565656
0.5619047619047619
0.5673076923076923
0.5576923076923077
0.5686274509803921
0.56
0.5636363636363636
0.5631067961165048
0.5660377358490566
0.5631067961165048
0.5585585585585585
0.5576923076923077
0.5742574257425742
0.5686274509803921
0.5636363636363636
0.5684210526315789
0.5526315789473685
0.5607476635514018
0.5686274509803921
0.5575221238938053
0.5596330275229358
0.5670103092783505
0.5686274509803921
0.5585585585585585
0.5619047619047619
0.5588235294117647
0.5607476635514018
0.5636363636363636
0.5596330275229358
0.5686274509803921
0.5660377358490566
0.5660377358490566
0.5631067961165048
0.57
0.5673076923076923
0.5619047619047619
0.5816326530612245
0.5688073394495413
0.5686274509803921
0.5636363636363636
0.5714285714285714
0.5728155339805825
0.5784313725490197
0.5727272727272728
0.5643564356435643
0.5769230769230769
0.5714285714285714
0.5714285714285714
0.5816326530612245
0.5728155339805825
0.5757575757575758
0.5754716981132075
0.57
0.5816326530612245
0.5700934579439252
0.5754716981132075
0.5700934579439252
0.5806451612903226
0.5742574257425742
0.5784313725490197
0.5869565217391305
0.5757575757575758
0.5816326530612245
0.5784313725490197
0.5728155339805825
0.5728155339805825
0.5784313725490197
0.5757575757575758
0.5714285714285714
0.5851063829787234
0.5876288659793815
0.5876288659793815
0.5757575757575758
0.58
0.5757575757575758
0.5806451612903226
0.5806451612903226
0.5742574257425742
0.5760869565217391
0.5714285714285714
0.5816326530612245
0.5869565217391305
0.5833333333333334
0.5714285714285714
0.5913978494623656
0.5833333333333334
0.5757575757575758
0.5773195876288659
0.5652173913043478
0.5851063829787234
0.5675675675675675
0.5876288659793815
0.5894736842105263
0.5773195876288659
0.5754716981132075
0.5825242718446602
0.5858585858585859
0.5869565217391305
0.5858585858585859
0.5728155339805825
0.5816326530612245
0.58
0.5789473684210527
0.5714285714285714
0.5728155339805825
0.5714285714285714
0.5729166666666666
0.5789473684210527
0.5754716981132075
0.5714285714285714
0.57
0.5686274509803921
0.5631067961165048
0.5816326530612245
0.5656565656565656
0.5660377358490566
0.5757575757575758
0.5686274509803921
0.5607476635514018
0.5636363636363636
0.5729166666666666
0.57
0.5714285714285714
0.5728155339805825
0.5686274509803921
0.57
0.57
0.57
0.5648148148148148
0.5631067961165048
0.5643564356435643
0.5728155339805825
0.574468085106383
0.5728155339805825
0.5769230769230769
0.5754716981132075
0.5686274509803921
0.5714285714285714
0.5686274509803921
0.5714285714285714
0.5816326530612245
0.5789473684210527
0.58
0.5686274509803921
0.5816326530612245
0.5555555555555556
0.5700934579439252
0.5729166666666666
0.5700934579439252
0.5773195876288659
0.5688073394495413
0.5686274509803921
0.5754716981132075
0.5789473684210527
0.57
0.5686274509803921
0.57
0.5754716981132075
0.5742574257425742
0.58
0.5816326530612245
0.5789473684210527
0.5714285714285714
0.5625
0.5688073394495413
0.57
0.5728155339805825
0.5688073394495413
0.5757575757575758
0.5754716981132075
0.5614035087719298
0.5728155339805825
0.5625
0.5714285714285714
0.57
0.57
0.5636363636363636
0.5643564356435643
0.5670103092783505
0.5660377358490566
0.5714285714285714
0.5670103092783505
0.5625
0.5648148148148148
0.5585585585585585
0.5619047619047619
0.5619047619047619
0.5757575757575758
0.5619047619047619
0.5585585585585585
0.5585585585585585
0.5714285714285714
0.5742574257425742
0.5729166666666666
0.5663716814159292
0.5619047619047619
0.5728155339805825
0.5851063829787234
0.5728155339805825
0.5660377358490566
0.5729166666666666
0.5806451612903226
0.57
0.5851063829787234
0.5789473684210527
0.5686274509803921
0.5757575757575758
0.5714285714285714
0.5728155339805825
0.5833333333333334
0.5673076923076923
0.5833333333333334
0.574468085106383
0.5729166666666666
0.5673076923076923
0.57
0.5833333333333334
0.5806451612903226
0.5825242718446602
0.574468085106383
0.574468085106383
0.5729166666666666
0.5841584158415841
0.5784313725490197
0.580952380952381
0.5728155339805825
0.5714285714285714
0.5714285714285714
0.5789473684210527
0.5784313725490197
0.5773195876288659
0.5714285714285714
0.5700934579439252
0.5784313725490197
0.5824175824175825
0.5833333333333334
0.57
0.5784313725490197
0.58
0.5773195876288659
0.5742574257425742
0.5789473684210527
0.5742574257425742
0.5833333333333334
0.5806451612903226
0.5851063829787234
0.5806451612903226
0.5714285714285714
0.5816326530612245
0.5806451612903226
0.5728155339805825
0.5757575757575758
0.5754716981132075
0.5816326530612245
0.58
0.5625
0.5784313725490197
0.5757575757575758
0.5816326530612245
0.5853658536585366
0.5728155339805825
0.58
0.5876288659793815
0.5833333333333334
0.5784313725490197
0.58
0.58
0.5806451612903226
0.5784313725490197
0.5714285714285714
0.5742574257425742
0.5773195876288659
0.57
0.5686274509803921
0.5585585585585585
0.5714285714285714
0.5686274509803921
0.5673076923076923
0.5757575757575758
0.5660377358490566
0.5686274509803921
0.5555555555555556
0.5585585585585585
0.5607476635514018
0.5517241379310345
0.56
0.5619047619047619
0.5545454545454546
0.5596330275229358
0.5588235294117647
0.5575221238938053
0.5607476635514018
0.5576923076923077
0.5588235294117647
0.56
0.5588235294117647
0.5607476635514018
0.5607476635514018
0.5585585585585585
0.57
0.5607476635514018
0.5728155339805825
0.5688073394495413
0.5656565656565656
0.5607476635514018
0.5789473684210527
0.5673076923076923
0.5757575757575758
0.5757575757575758
0.5686274509803921
0.5729166666666666
0.5742574257425742
0.5631067961165048
0.5714285714285714
0.5673076923076923
0.57
0.5833333333333334
0.5714285714285714
0.5673076923076923
0.5625
0.5742574257425742
0.5619047619047619
0.5700934579439252
0.5625
0.5619047619047619
0.5614035087719298
0.5636363636363636
0.5585585585585585
0.5656565656565656
0.5607476635514018
0.5585585585585585
0.5517241379310345
0.5495495495495496
0.5631067961165048
0.5462962962962963
0.5504587155963303
0.5535714285714286
0.5478260869565217
0.5504587155963303
0.5462184873949579
0.5495495495495496
0.5486725663716814
0.5431034482758621
0.5495495495495496
0.5423728813559322
0.5446428571428571
0.532258064516129
0.5409836065573771
0.5348837209302325
0.5338983050847458
0.536
0.5338345864661654
0.5333333333333333
0.532258064516129
0.528
0.5307692307692308
0.528
0.5255474452554745
0.5333333333333333
0.5289256198347108
0.5271317829457365
0.53125
0.5214285714285715
0.5241935483870968
0.5259259259259259
0.5259259259259259
0.5220588235294118
0.5196850393700787
0.528
0.5217391304347826
0.5190839694656488
0.5220588235294118
0.5255474452554745
0.5174825174825175
0.5142857142857142
0.5217391304347826
0.5202702702702703
0.5185185185185185
0.5177304964539007
0.5185185185185185
0.5167785234899329
0.5144927536231884
0.5170068027210885
0.5131578947368421
0.5174825174825175
0.5208333333333334
0.5170068027210885
0.5174825174825175
0.5142857142857142
0.5234375
0.5208333333333334
0.5303030303030303
0.5275590551181102
0.5267175572519084
0.5271317829457365
0.5365853658536586
0.5298507462686567
0.5398230088495575
0.5378151260504201
0.5409836065573771
0.5470085470085471
0.5371900826446281
0.5462184873949579
0.5545454545454546
0.5454545454545454
0.5486725663716814
0.5535714285714286
0.5535714285714286
0.5576923076923077
0.5526315789473685
0.5462184873949579
0.5566037735849056
0.5566037735849056
0.5545454545454546
0.5470085470085471
0.5585585585585585
0.5523809523809524
0.5504587155963303
0.5526315789473685
0.5470085470085471
0.5478260869565217
0.5454545454545454
0.5478260869565217
0.5478260869565217
0.5504587155963303
0.5526315789473685
0.5514018691588785
0.5486725663716814
0.5495495495495496
0.5545454545454546
0.5504587155963303
0.5495495495495496
0.5423728813559322
0.5462184873949579
0.5454545454545454
0.5523809523809524
0.5478260869565217
0.5416666666666666
0.5454545454545454
0.5462184873949579
0.5504587155963303
0.5508474576271186
0.5423728813559322
0.5462184873949579
0.5517241379310345
0.5454545454545454
0.5545454545454546
0.5454545454545454
0.5504587155963303
0.5596330275229358
0.5535714285714286
0.5566037735849056
0.5545454545454546
0.5508474576271186
0.5454545454545454
0.5596330275229358
0.5409836065573771
0.5486725663716814
0.5470085470085471
0.5508474576271186
0.5470085470085471
0.5508474576271186
0.5462184873949579
0.5470085470085471
0.5462184873949579
0.5486725663716814
0.544
0.5409836065573771
0.5470085470085471
0.544
0.5371900826446281
0.5486725663716814
0.543859649122807
0.5486725663716814
0.5454545454545454
0.5462184873949579
0.5433070866141733
0.5409836065573771
0.55
0.5470085470085471
0.5508474576271186
0.5495495495495496
0.5546218487394958
0.5416666666666666
0.5478260869565217
0.5535714285714286
0.5535714285714286
0.5545454545454546
0.5545454545454546
0.5555555555555556
0.5575221238938053
0.5660377358490566
0.5648148148148148
0.5625
0.5688073394495413
0.5585585585585585
0.5673076923076923
0.5575221238938053
0.5619047619047619
0.5673076923076923
0.5636363636363636
0.5648148148148148
0.5648148148148148
0.5686274509803921
0.5688073394495413
0.5663716814159292
0.5636363636363636
0.5728155339805825
0.5700934579439252
0.5614035087719298
0.5740740740740741
0.5652173913043478
0.5614035087719298
0.5614035087719298
0.5663716814159292
0.5663716814159292
0.5607476635514018
0.5652173913043478
0.5714285714285714
0.5686274509803921
0.5528455284552846
0.5575221238938053
0.5526315789473685
0.5564516129032258
0.5585585585585585
0.5596330275229358
0.5526315789473685
0.5517241379310345
0.5486725663716814
0.5447154471544715
0.5433070866141733
0.5470085470085471
0.5470085470085471
0.5423728813559322
0.5433070866141733
0.5416666666666666
0.5423728813559322
0.5384615384615384
0.5373134328358209
0.5384615384615384
0.5426356589147286
0.5454545454545454
0.5416666666666666
0.5343511450381679
0.5390625
0.5403225806451613
0.5426356589147286
0.5390625
0.5328467153284672
0.5328467153284672
0.5409836065573771
0.5423728813559322
0.5384615384615384
0.5371900826446281
0.5384615384615384
0.5367647058823529
0.5555555555555556
0.5470085470085471
0.5348837209302325
0.5517241379310345
0.5470085470085471
0.5517241379310345
0.5546218487394958
0.5526315789473685
0.5504587155963303
0.5483870967741935
0.5555555555555556
0.5660377358490566
0.5625
0.5585585585585585
0.5686274509803921
0.5641025641025641
0.5583333333333333
0.5686274509803921
0.5714285714285714
0.5728155339805825
0.5603448275862069
0.5686274509803921
0.5675675675675675
0.5675675675675675
0.5614035087719298
0.5728155339805825
0.5663716814159292
0.5648148148148148
0.5663716814159292
0.58
0.5728155339805825
0.5700934579439252
0.5700934579439252
0.5641025641025641
0.5728155339805825
0.5740740740740741
0.5673076923076923
0.5596330275229358
0.5619047619047619
0.5575221238938053
0.5607476635514018
0.5614035087719298
0.5555555555555556
0.5535714285714286
0.5546218487394958
0.5565217391304348
