0.5306122448979592
0.5714285714285714
0.6363636363636364
0.7333333333333333
0.5
0.5
0.6666666666666666
0.5555555555555556
0.6666666666666666
0.6071428571428571
0.75
0.5454545454545454
0.5217391304347826
0.6666666666666666
0.53125
0.5483870967741935
0.5833333333333334
0.5185185185185185
0.6428571428571429
0.5
0.5555555555555556
0.5294117647058824
0.5294117647058824
0.5652173913043478
0.5161290322580645
0.6
0.5625
0.5833333333333334
0.6111111111111112
0.3076923076923077
0.5714285714285714
0.625
0.5625
0.5535714285714286
0.4
0.6363636363636364
0.4666666666666667
0.6428571428571429
0.6666666666666666
0.6428571428571429
0.5909090909090909
0.4482758620689655
0.5161290322580645
0.5454545454545454
0.4642857142857143
0.5454545454545454
0.5882352941176471
0.48148148148148145
0.5423728813559322
0.4838709677419355
0.5925925925925926
0.5882352941176471
0.5882352941176471
0.4900662251655629
0.5
0.5
0.5423728813559322
0.5238095238095238
0.5483870967741935
0.5
0.5
0.5
0.5094339622641509
0.5208333333333334
0.5
0.4857142857142857
0.4838709677419355
0.5121951219512195
0.47619047619047616
0.48
0.5076923076923077
0.4444444444444444
0.5490196078431373
0.5294117647058824
0.5360824742268041
0.4626865671641791
0.5471698113207547
0.4659090909090909
0.46153846153846156
0.4745762711864407
0.4473684210526316
0.5393258426966292
0.48760330578512395
0.4772727272727273
0.4787234042553192
0.49056603773584906
0.47435897435897434
0.4807692307692308
0.5135135135135135
0.48148148148148145
0.5128205128205128
0.4797687861271676
0.4891304347826087
0.5504587155963303
0.5364238410596026
0.525
0.5174129353233831
0.45121951219512196
0.4603174603174603
0.4945054945054945
0.48497854077253216
0.480225988700565
0.4690721649484536
0.48026315789473684
0.4574468085106383
0.4880952380952381
0.45132743362831856
0.4716981132075472
0.42857142857142855
0.46
0.4714285714285714
0.4634146341463415
0.47368421052631576
0.4358974358974359
0.48
0.46
0.4909090909090909
0.4675324675324675
0.43478260869565216
0.45161290322580644
0.48936170212765956
0.4727272727272727
0.46153846153846156
0.4528301886792453
0.4642857142857143
0.52
0.4594594594594595
0.52
0.46218487394957986
0.4722222222222222
0.45454545454545453
0.4745762711864407
0.4864864864864865
0.4666666666666667
0.48
0.48333333333333334
0.49666666666666665
0.4673913043478261
0.505338078291815
0.4818181818181818
0.5063291139240507
0.508695652173913
0.5092250922509225
0.5
0.4866666666666667
0.49333333333333335
0.4791666666666667
0.5287356321839081
0.5102040816326531
0.5
0.5
0.5
0.4918032786885246
0.5
0.5
0.4785714285714286
0.49666666666666665
0.51
0.49261083743842365
0.51
0.48616600790513836
0.48484848484848486
0.47863247863247865
0.49666666666666665
0.4897260273972603
0.4782608695652174
0.49110320284697506
0.4811715481171548
0.49666666666666665
0.48484848484848486
0.49214659685863876
0.4827586206896552
0.4827586206896552
0.49
0.4810810810810811
0.49070631970260226
0.45454545454545453
0.48704663212435234
0.4864864864864865
0.49333333333333335
0.48205128205128206
0.48333333333333334
0.48880597014925375
0.49666666666666665
0.48828125
0.48514851485148514
0.49666666666666665
0.48638132295719844
0.5
0.49
0.5066666666666667
0.5220125786163522
0.49333333333333335
0.5
0.5033333333333333
0.4866666666666667
0.5033333333333333
0.49
0.5033333333333333
0.5033333333333333
0.5
0.49666666666666665
0.49666666666666665
0.5
0.4725274725274725
0.4855769230769231
0.4895833333333333
0.4931506849315068
0.49333333333333335
0.49166666666666664
0.4857142857142857
0.48582995951417
0.489247311827957
0.48868778280542985
0.49162011173184356
0.4797979797979798
0.48026315789473684
0.4819277108433735
0.48295454545454547
0.4852941176470588
0.4745762711864407
0.48427672955974843
0.4941860465116279
0.48704663212435234
0.49162011173184356
0.4811320754716981
0.47767857142857145
0.4883720930232558
0.47560975609756095
0.4842105263157895
0.48148148148148145
0.48695652173913045
0.4851063829787234
0.4792626728110599
0.4878048780487805
0.4418604651162791
0.483695652173913
0.4978165938864629
0.49038461538461536
0.4846938775510204
0.46464646464646464
0.485
0.4909090909090909
0.48
0.49074074074074076
0.4951923076923077
0.4846153846153846
0.4854368932038835
0.4846938775510204
0.4888888888888889
0.4864864864864865
0.4807692307692308
0.45454545454545453
0.4975845410628019
0.4835164835164835
0.4842105263157895
0.4858757062146893
0.4918918918918919
0.4858757062146893
0.48484848484848486
0.4896907216494845
0.49029126213592233
0.4909090909090909
0.484472049689441
0.4900990099009901
0.483695652173913
0.48863636363636365
0.48704663212435234
0.46774193548387094
0.4880382775119617
0.4936708860759494
0.48663101604278075
0.4835680751173709
0.4879518072289157
0.4756756756756757
0.4829059829059829
0.4868421052631579
0.4881516587677725
0.48372093023255813
0.4956896551724138
0.4856115107913669
0.4908256880733945
0.49333333333333335
0.4975845410628019
0.49333333333333335
0.49666666666666665
0.5
0.5
0.49666666666666665
0.5
0.49666666666666665
0.5
0.5
0.49666666666666665
0.5066666666666667
0.5
0.5
0.5
0.5033333333333333
0.49666666666666665
0.5066666666666667
0.5
0.5
0.5
0.49333333333333335
0.5033333333333333
0.49333333333333335
0.49666666666666665
0.5
0.5
0.5
0.49666666666666665
0.49666666666666665
0.5
0.5033333333333333
0.49666666666666665
0.5033333333333333
0.5
0.5
0.5
0.5033333333333333
0.5
0.5066666666666667
0.5
0.5
0.5
0.5
0.49666666666666665
0.5
0.5
0.5
0.5
0.49666666666666665
0.5
0.49666666666666665
0.49666666666666665
0.5
0.5
0.5
0.5
0.5033333333333333
0.5
0.5033333333333333
0.49666666666666665
0.49666666666666665
0.49666666666666665
0.5
0.49666666666666665
0.5033333333333333
0.5033333333333333
0.51
0.49666666666666665
0.49666666666666665
0.49666666666666665
0.5033333333333333
0.49333333333333335
0.49666666666666665
0.49666666666666665
0.49666666666666665
0.5
0.5
0.49333333333333335
0.49333333333333335
0.49666666666666665
0.49666666666666665
0.49333333333333335
0.5033333333333333
0.4939759036144578
0.49333333333333335
0.5
0.5060240963855421
0.5033333333333333
0.5
0.51
0.49333333333333335
0.5077519379844961
0.5066666666666667
0.51
0.4961832061068702
0.5
0.5033333333333333
0.5
0.5033333333333333
0.49666666666666665
0.49666666666666665
0.5066666666666667
0.5051903114186851
0.49327354260089684
0.51
0.51
0.5033333333333333
0.49356223175965663
0.5129151291512916
0.5033333333333333
0.4954954954954955
0.5033333333333333
0.5066666666666667
0.5066666666666667
0.48863636363636365
0.5084175084175084
0.49333333333333335
0.5
0.49666666666666665
0.5166666666666667
0.5033333333333333
0.51
0.5071942446043165
0.5
0.49333333333333335
0.5066666666666667
0.5033333333333333
0.5033333333333333
0.49666666666666665
0.4975124378109453
0.49666666666666665
0.5066666666666667
0.5066666666666667
0.5
0.49666666666666665
0.5
0.49
0.49666666666666665
0.49173553719008267
0.5033333333333333
0.5
0.5
0.5033333333333333
0.5
0.49666666666666665
0.5
0.49666666666666665
0.5033333333333333
0.5
0.5066666666666667
0.5033333333333333
0.49666666666666665
0.5066666666666667
0.5033333333333333
0.5033333333333333
0.5
0.5066666666666667
0.5066666666666667
0.49333333333333335
0.5
0.49666666666666665
0.5033333333333333
0.5066666666666667
0.5
0.49
0.5
0.5
0.5
0.5033333333333333
0.5
0.5066666666666667
0.5033333333333333
0.5
0.49666666666666665
0.5033333333333333
0.5
0.49666666666666665
0.5
0.5
0.49333333333333335
0.5033333333333333
0.5
0.5033333333333333
0.5033333333333333
0.5033333333333333
0.5033333333333333
0.5033333333333333
0.49666666666666665
0.5
0.49666666666666665
0.49666666666666665
0.49666666666666665
0.49666666666666665
0.5033333333333333
0.5033333333333333
0.49666666666666665
0.5033333333333333
0.49666666666666665
0.5
0.5
0.5
0.5033333333333333
0.5
0.5
0.5
0.5
0.5
0.5066666666666667
0.5
0.5
0.5066666666666667
0.5033333333333333
0.49666666666666665
0.5
0.5
0.49333333333333335
0.5
0.5066666666666667
0.49666666666666665
0.49333333333333335
0.5
0.5033333333333333
0.49666666666666665
0.5033333333333333
0.49
0.5
0.5
0.49666666666666665
0.5
0.5033333333333333
0.5
0.49666666666666665
0.5033333333333333
0.5
0.5066666666666667
0.5
0.49666666666666665
0.49333333333333335
0.5
0.49666666666666665
0.5033333333333333
0.5
0.5
0.49666666666666665
0.5
0.5033333333333333
0.5033333333333333
0.5
0.5
0.5033333333333333
0.49666666666666665
0.49666666666666665
0.5033333333333333
0.49666666666666665
0.49333333333333335
0.5
0.49666666666666665
0.49333333333333335
0.5
0.49333333333333335
0.5
0.5
0.49666666666666665
0.49333333333333335
0.5066666666666667
0.5
0.5
0.5
0.5
0.49666666666666665
0.5033333333333333
0.5
0.5
0.5033333333333333
0.49666666666666665
0.5
0.49666666666666665
0.5
0.49666666666666665
0.5
0.49666666666666665
0.5033333333333333
0.49666666666666665
0.5
0.49666666666666665
0.49333333333333335
0.5
0.49333333333333335
0.5
0.49666666666666665
0.49666666666666665
0.49
0.5
0.49666666666666665
0.5
0.49666666666666665
0.49666666666666665
0.5033333333333333
0.5
0.49666666666666665
0.5
0.49666666666666665
0.49666666666666665
0.5033333333333333
0.49666666666666665
0.5
0.49666666666666665
0.5
0.5033333333333333
0.5
0.5033333333333333
0.5033333333333333
0.49666666666666665
0.49666666666666665
0.5
0.5033333333333333
0.5033333333333333
0.5
0.5
0.5033333333333333
0.5
0.5066666666666667
0.5033333333333333
0.5033333333333333
0.5
0.5033333333333333
0.5
0.49666666666666665
0.5033333333333333
0.49666666666666665
0.5033333333333333
0.5033333333333333
0.5033333333333333
0.5
0.5
0.5
0.5
0.5
0.5
0.5
0.5
0.49666666666666665
0.5
0.5
0.49666666666666665
0.5
0.49666666666666665
0.5
0.5
0.49666666666666665
0.5033333333333333
0.5
0.5
0.5
0.5
0.5
0.5
0.5
0.5033333333333333
0.5
0.5
0.5033333333333333
0.5
0.5033333333333333
0.5033333333333333
0.49666666666666665
0.5033333333333333
0.5033333333333333
0.5
0.5
0.5033333333333333
0.5
0.5033333333333333
0.5
0.5
0.5033333333333333
0.5
0.5
0.49666666666666665
0.5
0.49666666666666665
0.5
0.5033333333333333
0.5033333333333333
0.49666666666666665
0.5
0.5
0.5
0.5
0.5
0.5
0.5
0.5033333333333333
0.5
0.49666666666666665
0.5
0.5
0.49666666666666665
0.49333333333333335
0.5
0.5
0.49666666666666665
0.49666666666666665
0.49666666666666665
0.5
0.5
0.49666666666666665
0.49666666666666665
0.5
0.5
0.5033333333333333
0.49666666666666665
0.5
0.49333333333333335
0.5
0.49666666666666665
0.5033333333333333
0.5
0.49666666666666665
0.5
0.5
0.5
0.5
0.5033333333333333
0.5
0.49333333333333335
0.49666666666666665
0.49666666666666665
0.49666666666666665
0.5
0.5
0.5033333333333333
0.49666666666666665
0.5
0.5
0.5
0.5
0.5
0.5033333333333333
0.49333333333333335
0.49333333333333335
0.49666666666666665
0.5033333333333333
0.5
0.49666666666666665
0.5
0.49333333333333335
0.49666666666666665
0.5033333333333333
0.5033333333333333
0.49666666666666665
0.49333333333333335
0.49666666666666665
0.5
0.49666666666666665
0.5
0.5
0.49666666666666665
0.49666666666666665
0.5033333333333333
0.5
0.5
0.49333333333333335
0.5
0.5
0.5
0.5
0.49666666666666665
0.49666666666666665
0.5
0.5033333333333333
0.5
0.49333333333333335
0.5
0.49333333333333335
0.49666666666666665
0.49666666666666665
0.49666666666666665
0.5
0.49333333333333335
0.5
0.5033333333333333
0.5
0.49666666666666665
0.49666666666666665
0.49666666666666665
0.5033333333333333
0.5033333333333333
0.5
0.5
0.5033333333333333
0.5033333333333333
0.5033333333333333
0.49333333333333335
0.5
0.5033333333333333
0.5
0.49666666666666665
0.5
0.49666666666666665
0.5033333333333333
0.5
0.49666666666666665
0.5
0.49666666666666665
0.5
0.5
0.5
0.5
0.49333333333333335
0.49666666666666665
0.5
0.5
0.5
0.51
0.49666666666666665
0.5033333333333333
0.49666666666666665
0.5066666666666667
0.5
0.5033333333333333
0.5
0.49666666666666665
0.49666666666666665
0.5066666666666667
0.49666666666666665
0.5033333333333333
0.49666666666666665
0.5
0.49666666666666665
0.49666666666666665
0.5
0.5033333333333333
0.5066666666666667
0.5066666666666667
0.5043859649122807
0.5033333333333333
0.5
0.5066666666666667
0.49666666666666665
0.5033333333333333
0.5
0.49333333333333335
0.5033333333333333
0.5033333333333333
0.49666666666666665
0.5032679738562091
0.5059288537549407
0.5
0.5144927536231884
0.5
0.5
0.49333333333333335
0.5033333333333333
0.49666666666666665
0.49732620320855614
0.5033333333333333
0.49572649572649574
0.49666666666666665
0.5
0.5
0.49666666666666665
0.49666666666666665
0.49666666666666665
0.49666666666666665
0.5
0.5
0.5033333333333333
0.5033333333333333
0.5034965034965035
0.5033333333333333
0.49333333333333335
0.49666666666666665
0.4953271028037383
0.5
0.49666666666666665
0.5033333333333333
0.4972067039106145
0.5063291139240507
0.5214285714285715
0.5033333333333333
0.5
0.49333333333333335
0.49666666666666665
0.49666666666666665
0.49666666666666665
0.49333333333333335
0.49666666666666665
0.49557522123893805
0.5
0.5033333333333333
0.5066666666666667
0.5
0.5
0.5033333333333333
0.5033333333333333
0.5
0.5066666666666667
0.49666666666666665
0.498220640569395
0.5
0.5073529411764706
0.49666666666666665
0.49666666666666665
0.5066666666666667
0.5
0.5066666666666667
0.5033333333333333
0.49666666666666665
0.5
0.5
0.5490196078431373
0.5033333333333333
0.5
0.5
0.5384615384615384
0.5
0.49666666666666665
0.5
0.49666666666666665
0.5
0.49666666666666665
0.5033333333333333
0.5
0.5033333333333333
0.5033333333333333
0.5
0.5
0.5
0.5033333333333333
0.5066666666666667
0.5
0.5
0.49666666666666665
0.49333333333333335
0.5
0.5033333333333333
0.49666666666666665
0.5066666666666667
0.5
0.49666666666666665
0.5033333333333333
0.5
0.49666666666666665
0.5033333333333333
0.5033333333333333
0.5
0.49666666666666665
0.5
0.5066666666666667
0.5033333333333333
0.49333333333333335
0.5066666666666667
0.49666666666666665
0.5
0.48044692737430167
0.5033333333333333
0.5066666666666667
0.49333333333333335
0.5033333333333333
0.5
0.49666666666666665
0.49333333333333335
0.49666666666666665
0.5033333333333333
0.5
0.49666666666666665
0.5033333333333333
0.5
0.5
0.5066666666666667
0.49666666666666665
0.5066666666666667
0.49333333333333335
0.5033333333333333
0.5
0.5033333333333333
0.5033333333333333
0.5
0.5
0.5
0.5
0.5066666666666667
0.49666666666666665
0.5033333333333333
0.5033333333333333
0.5033333333333333
0.5
0.5
0.5033333333333333
0.5
0.5
0.5
0.5066666666666667
0.5031446540880503
0.5066666666666667
0.49666666666666665
0.5
0.5033333333333333
0.49333333333333335
0.5
0.5
0.5033333333333333
0.5
0.5033333333333333
0.51
0.5
0.5033333333333333
0.5
0.5
0.5
0.5033333333333333
0.49333333333333335
0.5
0.5033333333333333
0.5033333333333333
