0.2727272727272727
0.4583333333333333
0.45
0.375
0.4166666666666667
0.4838709677419355
0.46153846153846156
0.45
0.25
0.3076923076923077
0.3333333333333333
0.21428571428571427
0.5116279069767442
0.45454545454545453
0.5161290322580645
0.5714285714285714
0.4117647058823529
0.47368421052631576
0.35714285714285715
0.5
0.38461538461538464
0.4230769230769231
0.5357142857142857
0.47619047619047616
0.6
0.4090909090909091
0.5263157894736842
0.5555555555555556
0.5
0.5
0.5142857142857142
0.5263157894736842
0.5
0.46808510638297873
0.5
0.48148148148148145
0.5131578947368421
0.48484848484848486
0.49382716049382713
0.5223880597014925
0.4819277108433735
0.5263157894736842
0.5172413793103449
0.5238095238095238
0.5238095238095238
0.5054945054945055
0.47368421052631576
0.5277777777777778
0.5526315789473685
0.5263157894736842
0.5172413793103449
0.5172413793103449
0.4714285714285714
0.5142857142857142
0.515625
0.5283018867924528
0.5064935064935064
0.5
0.5
0.52
0.5217391304347826
0.5230769230769231
0.5384615384615384
0.5128205128205128
0.525
0.4666666666666667
0.5
0.47058823529411764
0.5238095238095238
0.48148148148148145
0.5283018867924528
0.5125
0.5
0.5185185185185185
0.5142857142857142
0.5208333333333334
0.5151515151515151
0.5166666666666667
0.5106382978723404
0.525
0.5087719298245614
0.5161290322580645
0.509090909090909
0.5283018867924528
0.5
0.5147058823529411
0.5
0.5217391304347826
0.53125
0.5185185185185185
0.4864864864864865
0.5490196078431373
0.4722222222222222
0.5344827586206896
0.5116279069767442
0.47058823529411764
0.5384615384615384
0.5
0.5288461538461539
0.5294117647058824
0.45714285714285713
0.45614035087719296
0.5142857142857142
0.4782608695652174
0.5185185185185185
0.53125
0.47368421052631576
0.46296296296296297
0.46153846153846156
0.5416666666666666
0.48623853211009177
0.4727272727272727
0.5254237288135594
0.45161290322580644
0.49122807017543857
0.48717948717948717
0.46551724137931033
0.46938775510204084
0.47619047619047616
0.4666666666666667
0.543859649122807
0.5535714285714286
0.5192307692307693
0.4794520547945205
0.46296296296296297
0.5342465753424658
0.45098039215686275
0.514792899408284
0.5205479452054794
0.4523809523809524
0.48
0.4666666666666667
0.45454545454545453
0.4634146341463415
0.4714285714285714
0.4696969696969697
0.48214285714285715
0.4675324675324675
0.46153846153846156
0.5357142857142857
0.48598130841121495
0.47191011235955055
0.4523809523809524
0.48214285714285715
0.4854368932038835
0.484375
0.4817073170731707
0.5189873417721519
0.5454545454545454
0.4583333333333333
0.53125
0.5098039215686274
0.5434782608695652
0.5348837209302325
0.5333333333333333
0.5263157894736842
0.5161290322580645
0.5263157894736842
0.5116279069767442
0.55
0.5192307692307693
0.5185185185185185
0.47368421052631576
0.48
0.5185185185185185
0.48936170212765956
0.509090909090909
0.55
0.5294117647058824
0.5333333333333333
0.5294117647058824
0.5151515151515151
0.5384615384615384
0.5319148936170213
0.5409836065573771
0.52
0.5641025641025641
0.5370370370370371
0.5151515151515151
0.5333333333333333
0.5283018867924528
0.55
0.5384615384615384
0.56
0.5208333333333334
0.5340909090909091
0.5344827586206896
0.5666666666666667
0.5263157894736842
0.5333333333333333
0.559322033898305
0.5393939393939394
0.5108695652173914
0.5316455696202531
0.5286624203821656
0.5182481751824818
0.5416666666666666
0.4420289855072464
0.5173913043478261
0.5588235294117647
0.5414012738853503
0.4929078014184397
0.49624060150375937
0.5
0.4911242603550296
0.46078431372549017
0.4550561797752809
0.5099009900990099
0.4418604651162791
0.5130111524163569
0.47643979057591623
0.4630541871921182
0.4697986577181208
0.48466257668711654
0.45614035087719296
0.45121951219512196
0.46368715083798884
0.4491525423728814
0.46875
0.4409448818897638
0.4583333333333333
0.45714285714285713
0.46
0.48
0.5537190082644629
0.4774774774774775
0.47368421052631576
0.4765957446808511
0.45751633986928103
0.5517241379310345
0.5284552845528455
0.5568181818181818
0.5240963855421686
0.5470085470085471
0.5421686746987951
0.5314685314685315
0.5403225806451613
0.47555555555555556
0.5384615384615384
0.5290697674418605
0.5510204081632653
0.525
0.5416666666666666
0.543859649122807
0.527363184079602
0.5462184873949579
0.4796747967479675
0.5240641711229946
0.54
0.478494623655914
0.5186915887850467
0.5277777777777778
0.4485294117647059
0.46296296296296297
0.46621621621621623
0.43157894736842106
0.4784172661870504
0.4527027027027027
0.4444444444444444
0.4601226993865031
0.4744897959183674
0.45588235294117646
0.4491525423728814
0.4573643410852713
0.4742857142857143
0.4779874213836478
0.4552238805970149
0.4785714285714286
0.4491525423728814
0.4609375
0.4785276073619632
0.477124183006536
0.4462809917355372
0.45045045045045046
0.4784688995215311
0.4648648648648649
0.4583333333333333
0.47150259067357514
0.45038167938931295
0.4631578947368421
0.4666666666666667
0.46296296296296297
0.47398843930635837
0.4621212121212121
0.45588235294117646
0.46308724832214765
0.46258503401360546
0.47572815533980584
0.4716981132075472
0.484304932735426
0.46875
0.4796380090497738
0.5
0.48360655737704916
0.4819277108433735
0.5065502183406113
0.5
0.5155038759689923
0.5084033613445378
0.5133928571428571
0.5255813953488372
0.5260416666666666
0.5212355212355212
0.5483870967741935
0.5367647058823529
0.5431034482758621
0.5448717948717948
0.5655737704918032
0.5403726708074534
0.5384615384615384
0.5614035087719298
0.5478260869565217
0.5568181818181818
0.5714285714285714
0.559322033898305
0.5573770491803278
0.547945205479452
0.5740740740740741
0.5578947368421052
0.5495495495495496
0.5575221238938053
0.5575221238938053
0.5491803278688525
0.5596330275229358
0.5663716814159292
0.5555555555555556
0.5660377358490566
0.5491803278688525
0.5573770491803278
0.5454545454545454
0.5619834710743802
0.5636363636363636
0.5369127516778524
0.5409836065573771
0.5545454545454546
0.5343511450381679
0.5596330275229358
0.544
0.5546218487394958
0.5461538461538461
0.5544554455445545
0.559322033898305
0.5590551181102362
0.5384615384615384
0.5625
0.5555555555555556
0.5700934579439252
0.5507246376811594
0.5471698113207547
0.5596330275229358
0.546875
0.5371900826446281
0.5523809523809524
0.5742574257425742
0.53125
0.5575221238938053
0.5454545454545454
0.5348837209302325
0.5566037735849056
0.5378787878787878
0.5231788079470199
0.5138888888888888
0.5423728813559322
0.5384615384615384
0.5076923076923077
0.5391304347826087
0.5190839694656488
0.5230769230769231
0.5214285714285715
0.5038759689922481
0.5151515151515151
0.5271317829457365
0.5398230088495575
0.5241935483870968
0.5555555555555556
0.5357142857142857
0.5163934426229508
0.5378151260504201
0.52
0.5284552845528455
0.528
0.5327102803738317
0.5220588235294118
0.5102040816326531
0.5212121212121212
0.5246913580246914
0.5189873417721519
0.5232558139534884
0.5176470588235295
0.5204081632653061
0.518324607329843
0.5238095238095238
0.5123152709359606
0.5185185185185185
0.5157232704402516
0.5247524752475248
0.53
0.5141242937853108
0.4968152866242038
0.5151515151515151
0.5217391304347826
0.52
0.5263157894736842
0.544
0.5190839694656488
0.5523809523809524
0.5631067961165048
0.5413533834586466
0.5447154471544715
0.5535714285714286
0.5636363636363636
0.5510204081632653
0.5833333333333334
0.5523809523809524
0.5742574257425742
0.5825242718446602
0.5689655172413793
0.5769230769230769
0.5454545454545454
0.5833333333333334
0.5742574257425742
0.5603448275862069
0.5675675675675675
0.5784313725490197
0.5660377358490566
0.5663716814159292
0.57
0.5614035087719298
0.5666666666666667
0.5660377358490566
0.5739130434782609
0.5700934579439252
0.5666666666666667
0.5614035087719298
0.5409836065573771
0.5714285714285714
0.5609756097560976
0.553030303030303
0.5675675675675675
0.5590551181102362
0.5428571428571428
0.5517241379310345
0.5511811023622047
0.559322033898305
0.5488721804511278
0.5573770491803278
0.55
0.5354330708661418
0.5426356589147286
0.5307692307692308
0.559322033898305
0.5483870967741935
0.5371900826446281
0.5596330275229358
0.5275590551181102
0.5352112676056338
0.5398230088495575
0.536
0.5413533834586466
0.5352112676056338
0.5491803278688525
0.536
0.5428571428571428
0.5390625
0.5607476635514018
0.5508474576271186
0.5378151260504201
0.5565217391304348
0.5378151260504201
0.5478260869565217
0.5338983050847458
0.5446428571428571
0.5526315789473685
0.5526315789473685
0.5545454545454546
0.5478260869565217
0.55
0.5526315789473685
0.5523809523809524
0.5565217391304348
0.5495495495495496
0.55
0.544
0.55
0.5537190082644629
0.5555555555555556
0.5491803278688525
0.5564516129032258
0.5528455284552846
0.5517241379310345
0.5607476635514018
0.5486725663716814
0.5508474576271186
0.5454545454545454
0.5483870967741935
0.5565217391304348
0.5364238410596026
0.5428571428571428
0.5384615384615384
0.535031847133758
0.5323741007194245
0.5298013245033113
0.5324675324675324
0.52
0.5207373271889401
0.5228426395939086
0.517948717948718
0.5132743362831859
0.5125448028673835
0.5148936170212766
0.518348623853211
0.51
0.49666666666666665
0.5111111111111111
0.5066666666666667
0.5066666666666667
0.5119453924914675
0.5
0.5166666666666667
0.5
0.5066666666666667
0.5033333333333333
0.5137931034482759
0.5173913043478261
0.48771929824561405
0.5223880597014925
0.5033333333333333
0.5213675213675214
0.49666666666666665
0.51
0.5240641711229946
0.51
0.5
0.48068669527896996
0.48128342245989303
0.4827586206896552
0.4866666666666667
0.47783251231527096
0.4811715481171548
0.46875
0.46564885496183206
0.47337278106508873
0.47093023255813954
0.4748603351955307
0.4657534246575342
0.47093023255813954
0.4621212121212121
0.45714285714285713
0.46511627906976744
0.4492753623188406
0.4632352941176471
0.4406779661016949
0.45588235294117646
0.44776119402985076
0.45132743362831856
0.44166666666666665
0.4375
0.45038167938931295
0.45806451612903226
0.45569620253164556
0.4358974358974359
0.43902439024390244
0.4591194968553459
0.44881889763779526
0.4496124031007752
0.45454545454545453
0.4380165289256198
0.44525547445255476
0.45
0.45384615384615384
0.4461538461538462
0.4485294117647059
0.45394736842105265
0.4492753623188406
0.4375
0.4444444444444444
0.46551724137931033
0.44525547445255476
0.44881889763779526
0.45652173913043476
0.4358974358974359
0.4482758620689655
0.45038167938931295
0.461038961038961
0.4492753623188406
0.4552238805970149
0.4523809523809524
0.45588235294117646
0.4520547945205479
0.4605263157894737
0.46357615894039733
0.4620253164556962
0.4625
0.47530864197530864
0.46258503401360546
0.4678362573099415
0.47685185185185186
0.4786729857819905
0.4744186046511628
0.47305389221556887
0.4744186046511628
0.47653429602888087
0.4790697674418605
0.4756756756756757
0.46496815286624205
0.48412698412698413
0.4722222222222222
0.5033333333333333
0.4727272727272727
0.47126436781609193
0.47715736040609136
0.4779116465863454
0.4829059829059829
0.4826388888888889
0.48
0.4690721649484536
0.5185185185185185
0.5166051660516605
0.48120300751879697
0.5177865612648221
0.49666666666666665
0.5229681978798587
0.47761194029850745
0.5213675213675214
0.5224489795918368
0.47580645161290325
0.5
0.5138339920948617
0.5245098039215687
0.5277777777777778
0.5230125523012552
0.5260115606936416
0.5251141552511416
0.5308641975308642
0.5222222222222223
0.535483870967742
0.5319148936170213
0.5271739130434783
0.5294117647058824
0.5379310344827586
0.5401459854014599
0.529126213592233
0.5351351351351351
0.5384615384615384
0.5297619047619048
0.5341614906832298
0.5394736842105263
0.544
0.5384615384615384
0.5345911949685535
0.5461538461538461
0.5390070921985816
0.5461538461538461
0.5408805031446541
0.5467625899280576
0.5384615384615384
0.5422535211267606
0.5526315789473685
0.5389221556886228
0.5433070866141733
0.5535714285714286
0.5394736842105263
0.54375
0.549618320610687
0.5476190476190477
0.5508474576271186
0.5503875968992248
0.5337423312883436
0.5403225806451613
0.5474452554744526
0.5603448275862069
0.5369127516778524
0.5434782608695652
0.5369127516778524
0.552
0.5547445255474452
0.5547445255474452
0.5675675675675675
0.5575221238938053
0.5655737704918032
0.5476190476190477
0.5567010309278351
0.5603448275862069
0.5576923076923077
0.5636363636363636
0.5486111111111112
0.5681818181818182
0.5537190082644629
0.5491803278688525
0.5686274509803921
0.5619047619047619
0.5714285714285714
0.55
0.56
0.5636363636363636
0.5607476635514018
0.5631067961165048
0.5533980582524272
0.5461538461538461
0.5619047619047619
0.5663716814159292
0.5686274509803921
0.5537190082644629
0.5641025641025641
0.5673076923076923
0.5568181818181818
0.5673076923076923
0.5631067961165048
0.5619834710743802
0.5773195876288659
0.5555555555555556
0.5714285714285714
0.5660377358490566
0.5617977528089888
0.5575221238938053
0.5727272727272728
0.5588235294117647
0.5535714285714286
0.5625
0.5714285714285714
0.5614035087719298
0.5656565656565656
0.5825242718446602
0.5697674418604651
0.5774647887323944
0.5816326530612245
0.56
0.5730337078651685
0.5866666666666667
0.5774647887323944
0.5806451612903226
0.5633802816901409
0.5614035087719298
0.5844155844155844
0.58
0.56
0.5631067961165048
0.5625
0.5789473684210527
0.5647058823529412
0.5783132530120482
0.5747126436781609
0.5641025641025641
0.5656565656565656
0.5643564356435643
0.5700934579439252
0.5714285714285714
0.5757575757575758
0.5675675675675675
0.559322033898305
0.5714285714285714
0.5700934579439252
0.5631067961165048
0.5648148148148148
0.5514018691588785
0.5603448275862069
0.5673076923076923
0.5555555555555556
0.5636363636363636
0.5517241379310345
0.5431034482758621
0.5535714285714286
0.5528455284552846
0.5576923076923077
0.5462184873949579
0.5483870967741935
0.5447154471544715
0.5588235294117647
0.5545454545454546
0.5491803278688525
0.5343511450381679
0.5555555555555556
0.5517241379310345
0.5555555555555556
0.5514018691588785
0.5714285714285714
0.5365853658536586
0.5480769230769231
0.5454545454545454
0.5486725663716814
0.5454545454545454
0.5416666666666666
0.5523809523809524
0.5471698113207547
0.5431034482758621
0.5447154471544715
0.5416666666666666
0.5446428571428571
0.5377358490566038
0.5343511450381679
0.5327868852459017
0.5317460317460317
0.5284552845528455
0.5403225806451613
0.5405405405405406
0.5396825396825397
0.5371900826446281
0.5462962962962963
0.5354330708661418
0.5396825396825397
0.5555555555555556
0.5416666666666666
0.5504587155963303
0.5384615384615384
0.5573770491803278
0.5486725663716814
0.5511811023622047
0.5446428571428571
0.5371900826446281
0.5517241379310345
0.5486725663716814
0.5535714285714286
0.5447154471544715
0.543859649122807
0.5476190476190477
0.5384615384615384
0.5462184873949579
0.5495495495495496
0.5447154471544715
0.5537190082644629
0.55
0.5470085470085471
0.5526315789473685
0.5416666666666666
0.5483870967741935
0.5607476635514018
0.5564516129032258
0.5426356589147286
0.55
0.5470085470085471
0.5511811023622047
0.5454545454545454
0.5614035087719298
0.5478260869565217
0.5378787878787878
0.5486725663716814
0.544
0.55
0.5348837209302325
0.5545454545454546
0.5471698113207547
0.55
0.5350877192982456
0.528
0.5423728813559322
0.5384615384615384
0.538961038961039
0.543859649122807
0.5454545454545454
0.5398230088495575
0.5390625
0.5409836065573771
0.5307692307692308
0.5317460317460317
0.5324675324675324
0.5478260869565217
0.5354330708661418
0.5378151260504201
0.5343511450381679
0.5323741007194245
0.5390070921985816
0.5446428571428571
0.5327868852459017
0.5267175572519084
0.5371900826446281
0.5362318840579711
0.5401459854014599
0.5298507462686567
0.53125
0.5431034482758621
0.5317460317460317
0.5413533834586466
0.5365853658536586
0.5319148936170213
0.5350877192982456
0.53125
0.5255474452554745
0.5354330708661418
0.539568345323741
0.528
0.5348837209302325
0.5303030303030303
0.5244755244755245
0.5378787878787878
0.5211267605633803
0.5347222222222222
0.5294117647058824
0.5225806451612903
0.53125
0.525974025974026
0.5284090909090909
0.526595744680851
0.5253164556962026
0.5325443786982249
0.5266272189349113
0.5296803652968036
0.5245098039215687
0.5185185185185185
0.5254237288135594
0.5114155251141552
0.5176470588235295
0.5211864406779662
0.5125
0.5110132158590308
0.5119047619047619
0.5112781954887218
0.5122950819672131
0.5115384615384615
0.51
0.5033333333333333
0.5033333333333333
0.5
0.49666666666666665
0.5
0.5
0.5
0.5
0.49666666666666665
0.5
0.49666666666666665
0.49
0.5
0.5033333333333333
0.5033333333333333
0.49666666666666665
0.5
0.5033333333333333
0.5033333333333333
0.5066666666666667
0.5
0.5033333333333333
0.49666666666666665
0.5
0.5
0.5
0.5033333333333333
0.5
0.5066666666666667
0.5
0.5066666666666667
0.5
0.49666666666666665
0.5033333333333333
0.51
0.5
0.5066666666666667
0.5033333333333333
0.5
0.5033333333333333
0.49666666666666665
0.5033333333333333
0.5033333333333333
0.5
0.5033333333333333
0.49666666666666665
0.51
0.49666666666666665
0.51
0.5103092783505154
0.5
0.4928571428571429
0.5033333333333333
0.5033333333333333
0.5033333333333333
0.4931506849315068
0.49586776859504134
0.5066666666666667
0.5
0.5033333333333333
0.5066666666666667
0.5
0.5033333333333333
0.49666666666666665
0.4981949458483754
0.5033333333333333
0.5068493150684932
0.5066666666666667
0.4940239043824701
0.5037037037037037
0.49666666666666665
0.5066666666666667
0.5
0.49666666666666665
0.5
0.51
0.5033333333333333
0.5060728744939271
0.5
0.5
0.5133333333333333
0.49333333333333335
0.5028901734104047
0.49777777777777776
0.5
0.5033333333333333
0.5
0.5
0.51
0.49666666666666665
0.5
