0.5245901639344263
0.4666666666666667
0.2
0.42424242424242425
0.21428571428571427
0.25
0.4166666666666667
0.5476190476190477
0.5128205128205128
0.2
0.4722222222222222
0.6
0.43478260869565216
0.4117647058823529
0.5333333333333333
0.48484848484848486
0.4375
0.4418604651162791
0.46153846153846156
0.48484848484848486
0.5
0.4857142857142857
0.4
0.46153846153846156
0.5135135135135135
0.5
0.5294117647058824
0.5238095238095238
0.4666666666666667
0.36363636363636365
0.5319148936170213
0.48672566371681414
0.52
0.5
0.475
0.5172413793103449
0.5
0.5263157894736842
0.5333333333333333
0.5
0.5263157894736842
0.5
0.4931506849315068
0.5384615384615384
0.5151515151515151
0.4666666666666667
0.5142857142857142
0.5428571428571428
0.5
0.4716981132075472
0.4722222222222222
0.48717948717948717
0.4883720930232558
0.52
0.4931506849315068
0.48175182481751827
0.4444444444444444
0.4411764705882353
0.5119047619047619
0.43859649122807015
0.5
0.5384615384615384
0.4634146341463415
0.5
0.4807692307692308
0.5128205128205128
0.47540983606557374
0.5370370370370371
0.4838709677419355
0.5352112676056338
0.5161290322580645
0.5263157894736842
0.525
0.5166666666666667
0.4444444444444444
0.5178571428571429
0.5087719298245614
0.4794520547945205
0.5245901639344263
0.5272727272727272
0.4838709677419355
0.463768115942029
0.4838709677419355
0.4666666666666667
0.5
0.5238095238095238
0.4791666666666667
0.5
0.4782608695652174
0.5185185185185185
0.524390243902439
0.4696969696969697
0.47619047619047616
0.4634146341463415
0.5
0.4857142857142857
0.4878048780487805
0.4918032786885246
0.47674418604651164
0.5
0.4888888888888889
0.49056603773584906
0.5274725274725275
0.47619047619047616
0.5316455696202531
0.4594594594594595
0.5121951219512195
0.45454545454545453
0.45161290322580644
0.5362318840579711
0.5535714285714286
0.5230769230769231
0.52
0.5373134328358209
0.5192307692307693
0.5
0.5084745762711864
0.5102040816326531
0.5294117647058824
0.5238095238095238
0.5132743362831859
0.4857142857142857
0.5454545454545454
0.5116279069767442
0.4793388429752066
0.5555555555555556
0.48031496062992124
0.463768115942029
0.5434782608695652
0.5070422535211268
0.5
0.4528301886792453
0.5471698113207547
0.5333333333333333
0.4819277108433735
0.4791666666666667
0.4752475247524752
0.4772727272727273
0.5096153846153846
0.5315315315315315
0.4675324675324675
0.45714285714285713
0.4752475247524752
0.48333333333333334
0.5421686746987951
0.48
0.4666666666666667
0.4803921568627451
0.475
0.4714285714285714
0.45652173913043476
0.4819277108433735
0.5333333333333333
0.46987951807228917
0.5229357798165137
0.5287356321839081
0.46774193548387094
0.559322033898305
0.532608695652174
0.5526315789473685
0.5517241379310345
0.5454545454545454
0.5394736842105263
0.5370370370370371
0.5252525252525253
0.5294117647058824
0.5277777777777778
0.5294117647058824
0.5507246376811594
0.5357142857142857
0.5116279069767442
0.5384615384615384
0.5304347826086957
0.543859649122807
0.5384615384615384
0.5333333333333333
0.4649122807017544
0.4829059829059829
0.5208333333333334
0.46794871794871795
0.5604395604395604
0.5405405405405406
0.5319148936170213
0.4375
0.4528301886792453
0.5315315315315315
0.45098039215686275
0.4639175257731959
0.4715909090909091
0.45977011494252873
0.4576271186440678
0.4576271186440678
0.4375
0.4424778761061947
0.5319148936170213
0.4444444444444444
0.46511627906976744
0.4714285714285714
0.5033333333333333
0.4460431654676259
0.4866666666666667
0.47586206896551725
0.5409836065573771
0.5255474452554745
0.5565217391304348
0.5391304347826087
0.5454545454545454
0.52
0.5737704918032787
0.559322033898305
0.5614035087719298
0.5565217391304348
0.5333333333333333
0.5657894736842105
0.5491803278688525
0.549618320610687
0.5232558139534884
0.5138888888888888
0.5416666666666666
0.524822695035461
0.5131578947368421
0.5136986301369864
0.5270935960591133
0.5064102564102564
0.509090909090909
0.5153374233128835
0.5130890052356021
0.5100401606425703
0.5157894736842106
0.5240174672489083
0.5217391304347826
0.5036764705882353
0.5152838427947598
0.5
0.505
0.5
0.51
0.5
0.489010989010989
0.4940239043824701
0.5051903114186851
0.48872180451127817
0.4954545454545455
0.48214285714285715
0.49666666666666665
0.5019762845849802
0.503030303030303
0.5
0.5
0.4962962962962963
0.48
0.51
0.5093457943925234
0.5111111111111111
0.5
0.49612403100775193
0.546875
0.5
0.4927536231884058
0.5159574468085106
0.5137254901960784
0.5308641975308642
0.5103734439834025
0.5274261603375527
0.53
0.5251396648044693
0.4972677595628415
0.5342465753424658
0.5337423312883436
0.510752688172043
0.5517241379310345
0.5098039215686274
0.5229885057471264
0.5235849056603774
0.5118110236220472
0.5135135135135135
0.5165876777251185
0.5138121546961326
0.5154185022026432
0.5172413793103449
0.5194174757281553
0.5169491525423728
0.518324607329843
0.5092592592592593
0.5054347826086957
0.5208333333333334
0.5126903553299492
0.5188679245283019
0.5168539325842697
0.5142857142857142
0.5247524752475248
0.515
0.5283018867924528
0.5301204819277109
0.5037037037037037
0.5170731707317073
0.514792899408284
0.5094339622641509
0.5209302325581395
0.5188679245283019
0.5191489361702127
0.5194174757281553
0.5
0.5092936802973977
0.5057915057915058
0.5066666666666667
0.5066666666666667
0.5057034220532319
0.5033333333333333
0.5033333333333333
0.5066666666666667
0.49333333333333335
0.49666666666666665
0.5033333333333333
0.5066666666666667
0.5
0.4983277591973244
0.5
0.5
0.5
0.49666666666666665
0.5033333333333333
0.5033333333333333
0.5
0.5
0.49666666666666665
0.49666666666666665
0.49666666666666665
0.49666666666666665
0.49666666666666665
0.5033333333333333
0.49333333333333335
0.49666666666666665
0.494949494949495
0.49823321554770317
0.49666666666666665
0.49333333333333335
0.4897959183673469
0.4891304347826087
0.49382716049382713
0.49295774647887325
0.4883720930232558
0.4742268041237113
0.4854368932038835
0.4860335195530726
0.47953216374269003
0.47540983606557374
0.47435897435897434
0.4797687861271676
0.47398843930635837
0.47674418604651164
0.46794871794871795
0.46258503401360546
0.4713375796178344
0.46308724832214765
0.46794871794871795
0.46206896551724136
0.4666666666666667
0.4666666666666667
0.46206896551724136
0.46153846153846156
0.4621212121212121
0.456
0.46511627906976744
0.46099290780141844
0.4632352941176471
0.4675324675324675
0.460431654676259
0.46540880503144655
0.4628099173553719
0.45454545454545453
0.47398843930635837
0.4666666666666667
0.4580152671755725
0.46808510638297873
0.460431654676259
0.46206896551724136
0.4695121951219512
0.4657534246575342
0.45454545454545453
0.47023809523809523
0.4591194968553459
0.46206896551724136
0.47474747474747475
0.47641509433962265
0.4744186046511628
0.47596153846153844
0.4692737430167598
0.4796380090497738
0.4774774774774775
0.4851063829787234
0.4830917874396135
0.48226950354609927
0.49
0.5
0.4834710743801653
0.5066666666666667
0.49666666666666665
0.49666666666666665
0.49333333333333335
0.5033333333333333
0.49666666666666665
0.5
0.5
0.49666666666666665
0.5
0.5033333333333333
0.5066666666666667
0.5033333333333333
0.51
0.5033333333333333
0.5110294117647058
0.5066666666666667
0.5088967971530249
0.5066666666666667
0.5
0.5066666666666667
0.5066666666666667
0.5066666666666667
0.5
0.5073529411764706
0.49666666666666665
0.5033333333333333
0.5033333333333333
0.5033333333333333
0.5033333333333333
0.5
0.49666666666666665
0.49666666666666665
0.49666666666666665
0.49666666666666665
0.5033333333333333
0.49333333333333335
0.49333333333333335
0.49
0.49666666666666665
0.49333333333333335
0.49333333333333335
0.49236641221374045
0.49333333333333335
0.49333333333333335
0.49333333333333335
0.5
0.49
0.49666666666666665
0.49333333333333335
0.5
0.49666666666666665
0.49666666666666665
0.5
0.5
0.49333333333333335
0.49666666666666665
0.5
0.5066666666666667
0.49666666666666665
0.49666666666666665
0.5033333333333333
0.49666666666666665
0.5033333333333333
0.49666666666666665
0.49333333333333335
0.49666666666666665
0.5033333333333333
0.49666666666666665
0.49666666666666665
0.5033333333333333
0.5
0.49333333333333335
0.49333333333333335
0.49666666666666665
0.5
0.49666666666666665
0.49666666666666665
0.49333333333333335
0.49666666666666665
0.49666666666666665
0.5
0.5
0.5066666666666667
0.49333333333333335
0.5
0.5
0.5
0.5
0.5
0.5
0.49666666666666665
0.49666666666666665
0.5
0.5
0.49333333333333335
0.49666666666666665
0.49666666666666665
0.49666666666666665
0.5
0.5
0.49333333333333335
0.5033333333333333
0.5033333333333333
0.5
0.49666666666666665
0.5
0.5
0.5
0.49666666666666665
0.5033333333333333
0.49666666666666665
0.5033333333333333
0.5
0.5033333333333333
0.5
0.5
0.4981684981684982
0.5
0.5066666666666667
0.5
0.49407114624505927
0.49666666666666665
0.5
0.5066666666666667
0.49
0.49666666666666665
0.5059523809523809
0.5
0.4823529411764706
0.5
0.4980392156862745
0.5
0.4953271028037383
0.4959349593495935
0.5027932960893855
0.5066666666666667
0.5
0.4835164835164835
0.5033333333333333
0.5033333333333333
0.47959183673469385
0.5
0.5055555555555555
0.5
0.4778761061946903
0.49612403100775193
0.4845814977973568
0.4858490566037736
0.5
0.48623853211009177
0.49372384937238495
0.48258706467661694
0.4921875
0.49236641221374045
0.4864864864864865
0.49145299145299143
0.4928571428571429
0.47058823529411764
0.5
0.49333333333333335
0.49333333333333335
0.49
0.47619047619047616
0.49333333333333335
0.5033557046979866
0.49333333333333335
0.49809885931558934
0.5
0.5033333333333333
0.5033333333333333
0.49746192893401014
0.49333333333333335
0.49
0.49
0.4927536231884058
0.49333333333333335
0.47368421052631576
0.49171270718232046
0.4787234042553192
0.5033333333333333
0.48986486486486486
0.4954545454545455
0.49047619047619045
0.49666666666666665
0.49333333333333335
0.47474747474747475
0.49
0.5
0.5
0.5032679738562091
0.49333333333333335
0.49666666666666665
0.5
0.5
0.5066666666666667
0.4731182795698925
0.49666666666666665
0.49666666666666665
0.49333333333333335
0.5
0.5033333333333333
0.49666666666666665
0.5
0.49666666666666665
0.49333333333333335
0.4956521739130435
0.5033333333333333
0.4968944099378882
0.49321266968325794
0.48372093023255813
0.4965034965034965
0.49624060150375937
0.4925373134328358
0.5033333333333333
0.4778761061946903
0.5
0.5
0.4983277591973244
0.4835164835164835
0.5
0.49666666666666665
0.4939759036144578
0.5033333333333333
0.5033333333333333
0.49333333333333335
0.4954545454545455
0.5066666666666667
0.5033333333333333
0.49666666666666665
0.5
0.49666666666666665
0.49700598802395207
0.4866666666666667
0.489010989010989
0.49
0.49666666666666665
0.49666666666666665
0.49333333333333335
0.49666666666666665
0.4965986394557823
0.49333333333333335
0.5
0.49666666666666665
0.49333333333333335
0.49
0.5033333333333333
0.47435897435897434
0.5033333333333333
0.49142857142857144
0.4931972789115646
0.49666666666666665
0.49
0.49473684210526314
0.49666666666666665
0.484375
0.49
0.4929078014184397
0.5
0.49666666666666665
0.49333333333333335
0.49666666666666665
0.4896551724137931
0.49333333333333335
0.49666666666666665
0.5
0.49666666666666665
0.5
0.5
0.49
0.49333333333333335
0.49666666666666665
0.49666666666666665
0.4810126582278481
0.5
0.5
0.49666666666666665
0.5
0.5
0.49666666666666665
0.49333333333333335
0.49666666666666665
0.49666666666666665
0.5
0.49140893470790376
0.5
0.5
0.49666666666666665
0.49666666666666665
0.49666666666666665
0.49333333333333335
0.49
0.5033333333333333
0.49666666666666665
0.49666666666666665
0.49666666666666665
0.49666666666666665
0.49333333333333335
0.5
0.49333333333333335
0.5066666666666667
0.49333333333333335
0.5
0.49666666666666665
0.5
0.49666666666666665
0.49666666666666665
0.5
0.5033333333333333
0.49666666666666665
0.5
0.49666666666666665
0.5
0.49666666666666665
0.49666666666666665
0.49666666666666665
0.49666666666666665
0.49666666666666665
0.5
0.49
0.5
0.5
0.49
0.49666666666666665
0.5
0.5
0.49333333333333335
0.49666666666666665
0.49666666666666665
0.49666666666666665
0.49666666666666665
0.49666666666666665
0.49666666666666665
0.5
0.5
0.49333333333333335
0.5
0.5033333333333333
0.49666666666666665
0.49333333333333335
0.5033333333333333
0.5
0.49333333333333335
0.5
0.5033333333333333
0.49666666666666665
0.49333333333333335
0.5
0.5
0.5
0.5
0.49666666666666665
0.49666666666666665
0.49666666666666665
0.5
0.5
0.49666666666666665
0.5
0.5
0.5
0.49666666666666665
0.49666666666666665
0.49333333333333335
0.49666666666666665
0.5
0.49666666666666665
0.5033333333333333
0.49666666666666665
0.5033333333333333
0.49666666666666665
0.5
0.49666666666666665
0.5
0.5033333333333333
0.5066666666666667
0.5
0.49666666666666665
0.5
0.5033333333333333
0.5033333333333333
0.49333333333333335
0.49666666666666665
0.49666666666666665
0.5
0.49666666666666665
0.5066666666666667
0.5
0.4973821989528796
0.49666666666666665
0.49666666666666665
0.5033333333333333
0.49666666666666665
0.5
0.5
0.5
0.5033333333333333
0.5
0.5
0.49666666666666665
0.49666666666666665
0.51
0.5033333333333333
0.5
0.5033333333333333
0.5033333333333333
0.5033333333333333
0.5033333333333333
0.49666666666666665
0.5
0.5033333333333333
0.5033333333333333
0.5
0.5
0.5
0.5033333333333333
0.5033333333333333
0.49666666666666665
0.5
0.5033333333333333
0.49666666666666665
0.49
0.5033333333333333
0.5
0.49666666666666665
0.49666666666666665
0.5033333333333333
0.49666666666666665
0.49666666666666665
0.5
0.5033333333333333
0.5
0.5
0.49666666666666665
0.5033333333333333
0.5
0.5033333333333333
0.5
0.5
0.5033333333333333
0.5033333333333333
0.5
0.5033333333333333
0.5
0.5
0.49666666666666665
0.5066666666666667
0.5033333333333333
0.5033333333333333
0.5066666666666667
0.5033333333333333
0.5033333333333333
0.5033333333333333
0.5033333333333333
0.49666666666666665
0.5066666666666667
0.5066666666666667
0.5
0.5033333333333333
0.5033333333333333
0.5102739726027398
0.5092250922509225
0.5057915057915058
0.5136363636363637
0.5099009900990099
0.5148514851485149
0.5095238095238095
0.5129533678756477
0.5135135135135135
0.5180722891566265
0.5185185185185185
0.5209580838323353
0.5161290322580645
0.5133333333333333
0.5073529411764706
0.5213675213675214
0.5193798449612403
0.5223880597014925
0.5147058823529411
0.5217391304347826
0.5284552845528455
0.5277777777777778
0.5151515151515151
0.5526315789473685
0.5163934426229508
0.5174825174825175
0.5231788079470199
0.52
0.5217391304347826
0.5225806451612903
0.5277777777777778
0.524822695035461
0.5214723926380368
0.5064935064935064
0.5140845070422535
0.5185185185185185
0.5135135135135135
0.5197368421052632
0.5189873417721519
0.5136986301369864
0.5177304964539007
0.5214723926380368
0.5172413793103449
0.5231788079470199
0.5192307692307693
0.5094339622641509
0.5177304964539007
0.5174825174825175
0.5167785234899329
0.5153374233128835
0.5098039215686274
0.5187165775401069
0.5246913580246914
0.5133333333333333
0.5178571428571429
0.5207100591715976
0.5195530726256983
0.5149700598802395
0.519774011299435
0.519774011299435
0.5168539325842697
0.5128205128205128
0.514792899408284
0.5174418604651163
0.5076142131979695
0.5157894736842106
0.515625
0.5153061224489796
0.507537688442211
0.5172413793103449
0.5138888888888888
0.515625
0.5112359550561798
0.5172413793103449
0.5193370165745856
0.5125628140703518
0.5164835164835165
0.5159574468085106
0.5227272727272727
0.5202312138728323
0.5185185185185185
0.514792899408284
0.515625
0.5243243243243243
0.5159574468085106
0.5202312138728323
0.524390243902439
0.519774011299435
0.5260115606936416
0.5217391304347826
0.5193370165745856
0.5227272727272727
0.5136612021857924
0.5164835164835165
0.5193370165745856
0.5114942528735632
0.517948717948718
0.5126903553299492
0.5162790697674419
0.5119617224880383
0.51
0.5165876777251185
0.5208333333333334
0.5147058823529411
0.5099009900990099
0.5104602510460251
0.5158371040723982
0.5152838427947598
0.5116279069767442
0.5167464114832536
0.5155555555555555
0.5088495575221239
0.5129310344827587
0.5121951219512195
0.5129533678756477
0.5153061224489796
0.5088495575221239
0.5141509433962265
0.5063829787234042
0.5107296137339056
0.5061224489795918
0.509090909090909
0.5063291139240507
0.5119047619047619
0.5085470085470085
0.5041322314049587
0.5106382978723404
0.5057471264367817
0.5110132158590308
0.5069124423963134
0.508
0.504424778761062
0.5112781954887218
0.5044642857142857
0.5109170305676856
0.5122950819672131
0.5064377682403434
0.5125
0.5062240663900415
0.5071090047393365
0.5082644628099173
0.5040322580645161
0.5147679324894515
0.5056179775280899
0.5081967213114754
