0.5
0.49333333333333335
0.5
0.49666666666666665
0.5033333333333333
0.5
0.5
0.49666666666666665
0.5
0.5
0.5
0.5033333333333333
0.49333333333333335
0.5
0.5
0.5033333333333333
0.5
0.5033333333333333
0.49666666666666665
0.49666666666666665
0.5
0.5
0.49666666666666665
0.5
0.49666666666666665
0.49333333333333335
0.4981949458483754
0.4943820224719101
0.4899598393574297
0.49812734082397003
0.4980392156862745
0.49019607843137253
0.49056603773584906
0.49019607843137253
0.4864864864864865
0.4913294797687861
0.4838709677419355
0.4895833333333333
0.484472049689441
0.4810126582278481
0.48466257668711654
0.4797687861271676
0.4768211920529801
0.4807692307692308
0.4791666666666667
0.4779874213836478
0.4791666666666667
0.48201438848920863
0.4666666666666667
0.464
0.4672131147540984
0.475177304964539
0.46825396825396826
0.4676258992805755
0.46825396825396826
0.4609375
0.477124183006536
0.45528455284552843
0.46808510638297873
0.46511627906976744
0.46511627906976744
0.463768115942029
0.4583333333333333
0.4594594594594595
0.4632352941176471
0.4485981308411215
0.4583333333333333
0.4462809917355372
0.44642857142857145
0.45454545454545453
0.45454545454545453
0.4453125
0.4375
0.453781512605042
0.448
0.4444444444444444
0.45081967213114754
0.44339622641509435
0.4380165289256198
0.4336283185840708
0.44144144144144143
0.44036697247706424
0.43119266055045874
0.43103448275862066
0.4351851851851852
0.4435483870967742
0.4336283185840708
0.41904761904761906
0.4369747899159664
0.422680412371134
0.4411764705882353
0.4369747899159664
0.43478260869565216
0.4431818181818182
0.43529411764705883
0.43137254901960786
0.4024390243902439
0.4460431654676259
0.4270833333333333
0.44086021505376344
0.43434343434343436
0.44545454545454544
0.43037974683544306
0.4322033898305085
0.4431818181818182
0.43333333333333335
0.4406779661016949
0.42424242424242425
0.425531914893617
0.4318181818181818
0.4270833333333333
0.45454545454545453
0.43023255813953487
0.43010752688172044
0.42857142857142855
0.4444444444444444
0.4426229508196721
0.45614035087719296
0.43956043956043955
0.4342105263157895
0.4444444444444444
0.42696629213483145
0.43373493975903615
0.4268292682926829
0.4423076923076923
0.42696629213483145
0.4583333333333333
0.43373493975903615
0.44285714285714284
0.45054945054945056
0.45901639344262296
0.43478260869565216
0.4375
0.45
0.4268292682926829
0.4339622641509434
0.44086021505376344
0.45121951219512196
0.43902439024390244
0.43037974683544306
0.42857142857142855
0.42857142857142855
0.43859649122807015
0.4342105263157895
0.4375
0.423728813559322
0.4326923076923077
0.4444444444444444
0.43529411764705883
0.45
0.4444444444444444
0.4387755102040816
0.44594594594594594
0.44
0.4358974358974359
0.43859649122807015
0.43478260869565216
0.43661971830985913
0.4411764705882353
0.44
0.44047619047619047
0.4186046511627907
0.4406779661016949
0.44047619047619047
0.4387755102040816
0.43902439024390244
0.4473684210526316
0.4329896907216495
0.4444444444444444
0.4411764705882353
0.4268292682926829
0.425
0.4367816091954023
0.4421052631578947
0.4367816091954023
0.4380952380952381
0.42528735632183906
0.4426229508196721
0.4507042253521127
0.4393939393939394
0.42857142857142855
0.43103448275862066
0.43529411764705883
0.425
0.4578313253012048
0.4489795918367347
0.4189189189189189
0.43157894736842106
0.42857142857142855
0.45054945054945056
0.44776119402985076
0.4411764705882353
0.43661971830985913
0.42592592592592593
0.4430379746835443
0.4507042253521127
0.43478260869565216
0.4375
0.43209876543209874
0.4491525423728814
0.43478260869565216
0.43283582089552236
0.4418604651162791
0.4523809523809524
0.43283582089552236
0.43548387096774194
0.43478260869565216
0.46551724137931033
0.4225352112676056
0.43478260869565216
0.4375
0.4507042253521127
0.4387755102040816
0.4383561643835616
0.4479166666666667
0.4342105263157895
0.44086021505376344
0.44776119402985076
0.45121951219512196
0.43820224719101125
0.43661971830985913
0.4444444444444444
0.44285714285714284
0.4392523364485981
0.4444444444444444
0.4375
0.4444444444444444
0.4424778761061947
0.45121951219512196
0.4489795918367347
0.43548387096774194
0.43902439024390244
0.43661971830985913
0.4431818181818182
0.43956043956043955
0.43023255813953487
0.4430379746835443
0.4358974358974359
0.417910447761194
0.4523809523809524
0.45454545454545453
0.4657534246575342
0.45
0.43103448275862066
0.4482758620689655
0.4507042253521127
0.43283582089552236
0.4426229508196721
0.44155844155844154
0.44047619047619047
0.4358974358974359
0.45054945054945056
0.43333333333333335
0.4367816091954023
0.43902439024390244
0.4444444444444444
0.44680851063829785
0.4489795918367347
0.4444444444444444
0.4444444444444444
0.4430379746835443
0.4576271186440678
0.4375
0.44339622641509435
0.4423076923076923
0.43373493975903615
0.45454545454545453
0.4383561643835616
0.44680851063829785
0.43661971830985913
0.43283582089552236
0.4375
0.43037974683544306
0.43956043956043955
0.46153846153846156
0.44285714285714284
0.44545454545454544
0.45454545454545453
0.42857142857142855
0.44594594594594594
0.4444444444444444
0.42028985507246375
0.4393939393939394
0.4387755102040816
0.45454545454545453
0.4482758620689655
0.43373493975903615
0.4418604651162791
0.43023255813953487
0.44776119402985076
0.44594594594594594
0.43548387096774194
0.449438202247191
0.43209876543209874
0.4444444444444444
0.4387755102040816
0.4431818181818182
0.44565217391304346
0.42105263157894735
0.4380952380952381
0.4367816091954023
0.44660194174757284
0.4431818181818182
0.4444444444444444
0.4383561643835616
0.42857142857142855
0.4411764705882353
0.4431818181818182
0.43529411764705883
0.4411764705882353
0.4342105263157895
0.449438202247191
0.4339622641509434
0.43902439024390244
0.43859649122807015
0.4235294117647059
0.44565217391304346
0.43333333333333335
0.42696629213483145
0.425
0.43333333333333335
0.43373493975903615
0.43283582089552236
0.4411764705882353
0.4444444444444444
0.43373493975903615
0.4482758620689655
0.44086021505376344
0.4523809523809524
0.43859649122807015
0.4426229508196721
0.4264705882352941
0.4411764705882353
0.44565217391304346
0.42857142857142855
0.45714285714285713
0.4431818181818182
0.4342105263157895
0.4489795918367347
0.43137254901960786
0.4406779661016949
0.4594594594594595
0.4406779661016949
0.43902439024390244
0.44776119402985076
0.44776119402985076
0.4536082474226804
0.44
0.44871794871794873
0.42592592592592593
0.43478260869565216
0.4222222222222222
0.43859649122807015
0.4461538461538462
0.44642857142857145
0.4375
0.4444444444444444
0.45614035087719296
0.43661971830985913
0.421875
0.4262295081967213
0.4358974358974359
0.4339622641509434
0.42857142857142855
0.43548387096774194
0.45098039215686275
0.4444444444444444
0.43333333333333335
0.4482758620689655
0.45652173913043476
0.4375
0.45098039215686275
0.45454545454545453
0.45454545454545453
0.4666666666666667
0.42857142857142855
0.4339622641509434
0.45454545454545453
0.4444444444444444
0.425531914893617
0.4489795918367347
0.4533333333333333
0.45454545454545453
0.45454545454545453
0.42857142857142855
0.4406779661016949
0.4528301886792453
0.4423076923076923
0.4482758620689655
0.4406779661016949
0.425
0.45098039215686275
0.45454545454545453
0.4230769230769231
0.425531914893617
0.4444444444444444
0.4473684210526316
0.44642857142857145
0.4444444444444444
0.43478260869565216
0.4426229508196721
0.4430379746835443
0.4523809523809524
0.42857142857142855
0.44776119402985076
0.45
0.44642857142857145
0.4533333333333333
0.4473684210526316
0.43529411764705883
0.44642857142857145
0.4528301886792453
0.43478260869565216
0.4507042253521127
0.44
0.4423076923076923
0.43478260869565216
0.44155844155844154
0.4375
0.4358974358974359
0.43859649122807015
0.43010752688172044
0.4268292682926829
0.46
0.45614035087719296
0.4461538461538462
0.4375
0.45098039215686275
0.42105263157894735
0.44776119402985076
0.4383561643835616
0.43333333333333335
0.43103448275862066
0.43902439024390244
0.4375
0.4305555555555556
0.4266666666666667
0.4520547945205479
0.43859649122807015
0.44155844155844154
0.4482758620689655
0.43333333333333335
0.43661971830985913
0.4430379746835443
0.44871794871794873
0.44155844155844154
0.4418604651162791
0.43859649122807015
0.4520547945205479
0.423728813559322
0.4594594594594595
0.425531914893617
0.4603174603174603
