0.41379310344827586
0.6111111111111112
0.5333333333333333
0.5217391304347826
0.3125
0.5714285714285714
0.6875
0.5531914893617021
0.4722222222222222
0.42857142857142855
0.5925925925925926
0.3333333333333333
0.4878048780487805
0.7272727272727273
0.4444444444444444
0.4090909090909091
0.5172413793103449
0.4827586206896552
0.5454545454545454
0.4666666666666667
0.5789473684210527
0.5263157894736842
0.5185185185185185
0.5714285714285714
0.4166666666666667
0.45
0.5185185185185185
0.5
0.6428571428571429
0.5
0.6428571428571429
0.48484848484848486
0.5454545454545454
0.38461538461538464
0.5625
0.6428571428571429
0.5172413793103449
0.5416666666666666
0.55
0.6
0.5714285714285714
0.6153846153846154
0.5185185185185185
0.5714285714285714
0.5454545454545454
0.49019607843137253
0.5882352941176471
0.65
0.6
0.5217391304347826
0.625
0.6153846153846154
0.5161290322580645
0.5789473684210527
0.6190476190476191
0.5652173913043478
0.5714285714285714
0.5714285714285714
0.55
0.5454545454545454
0.5
0.5454545454545454
0.7272727272727273
0.5185185185185185
0.4594594594594595
0.5510204081632653
0.5882352941176471
0.47058823529411764
0.5454545454545454
0.4482758620689655
0.5294117647058824
0.7272727272727273
0.7058823529411765
0.5806451612903226
0.5142857142857142
0.5833333333333334
0.53125
0.6666666666666666
0.5
0.5087719298245614
0.7272727272727273
0.47058823529411764
0.6
0.5769230769230769
0.4642857142857143
0.5555555555555556
0.4772727272727273
0.7692307692307693
0.6
0.5517241379310345
0.5454545454545454
0.5116279069767442
0.5
0.4722222222222222
0.5714285714285714
0.5161290322580645
0.5217391304347826
0.5333333333333333
0.5
0.6666666666666666
0.6153846153846154
0.5833333333333334
0.5283018867924528
0.5121951219512195
0.5185185185185185
0.48
0.5714285714285714
0.6
0.5384615384615384
0.5217391304347826
0.5357142857142857
0.52
0.5319148936170213
0.48936170212765956
0.5416666666666666
0.5625
0.47368421052631576
0.4953271028037383
0.5142857142857142
0.5076923076923077
0.55
0.47058823529411764
0.5070422535211268
0.5147058823529411
0.5
0.5625
0.5185185185185185
0.49673202614379086
0.5070422535211268
0.5227272727272727
0.4881889763779528
0.48717948717948717
0.5370370370370371
0.46296296296296297
0.5
0.4852941176470588
0.5
0.4523809523809524
0.5465116279069767
0.4659090909090909
0.5241379310344828
0.4528301886792453
0.4782608695652174
0.46296296296296297
0.47368421052631576
0.4722222222222222
0.53125
0.4634146341463415
0.5
0.5185185185185185
0.4482758620689655
0.4528301886792453
0.5217391304347826
0.46551724137931033
0.4666666666666667
0.49166666666666664
0.4716981132075472
0.4888888888888889
0.4892086330935252
0.4666666666666667
0.43137254901960786
0.4533333333333333
0.47058823529411764
0.4716981132075472
0.4883720930232558
0.45588235294117646
0.4888888888888889
0.4609375
0.5652173913043478
0.4838709677419355
0.5212355212355212
0.47058823529411764
0.4666666666666667
0.48760330578512395
0.5054945054945055
0.46
0.5714285714285714
0.47101449275362317
0.5033333333333333
0.4453125
0.5254237288135594
0.46405228758169936
0.4867924528301887
0.475
0.5
0.4423076923076923
0.470873786407767
0.4900990099009901
0.4739583333333333
0.47058823529411764
0.44715447154471544
0.48333333333333334
0.4672131147540984
0.4866666666666667
0.4838709677419355
0.46774193548387094
0.4647887323943662
0.4573643410852713
0.4895833333333333
0.4888888888888889
0.456
0.474025974025974
0.4642857142857143
0.45081967213114754
0.45323741007194246
0.4666666666666667
0.4696969696969697
0.4838709677419355
0.48360655737704916
0.4411764705882353
0.452991452991453
0.4621212121212121
0.4351851851851852
0.42857142857142855
0.456
0.45081967213114754
0.42857142857142855
0.47058823529411764
0.46853146853146854
0.4823529411764706
0.46496815286624205
0.4375
0.47305389221556887
0.46308724832214765
0.4716981132075472
0.4583333333333333
0.46551724137931033
0.47337278106508873
0.4503311258278146
0.45454545454545453
0.45255474452554745
0.4485294117647059
0.46987951807228917
0.5120274914089347
0.4411764705882353
0.4507042253521127
0.4485981308411215
0.4729064039408867
0.4745762711864407
0.4225352112676056
0.47651006711409394
0.43529411764705883
0.46078431372549017
0.4652777777777778
0.460431654676259
0.4533333333333333
0.42857142857142855
0.4631578947368421
0.4574468085106383
0.44036697247706424
0.4482758620689655
0.4810126582278481
0.4479166666666667
0.45454545454545453
0.4727272727272727
0.4657534246575342
0.4588235294117647
0.4444444444444444
0.46835443037974683
0.46551724137931033
0.464
0.46808510638297873
0.4492753623188406
0.46956521739130436
0.4583333333333333
0.4628099173553719
0.44660194174757284
0.45054945054945056
0.4715447154471545
0.45714285714285713
0.4519230769230769
0.4380952380952381
0.472636815920398
0.4666666666666667
0.4563106796116505
0.4689655172413793
0.43859649122807015
0.43956043956043955
0.45
0.4392523364485981
0.45454545454545453
0.46601941747572817
0.45871559633027525
0.4482758620689655
0.44761904761904764
0.48484848484848486
0.4782608695652174
0.46788990825688076
0.44871794871794873
0.45977011494252873
0.45614035087719296
0.4482758620689655
0.4583333333333333
0.45794392523364486
0.45323741007194246
0.4566929133858268
0.4482758620689655
0.43956043956043955
0.47368421052631576
0.4819277108433735
0.45098039215686275
0.46060606060606063
0.46825396825396826
0.45045045045045046
0.4431818181818182
0.48484848484848486
0.4632352941176471
0.44954128440366975
0.4339622641509434
0.46296296296296297
0.46601941747572817
0.4621212121212121
0.5
0.4696969696969697
0.4305555555555556
0.4715909090909091
0.4496124031007752
0.4351851851851852
0.47596153846153844
0.4609375
0.4523809523809524
0.4482758620689655
0.4496124031007752
0.47058823529411764
0.4424778761061947
0.4556213017751479
0.4520547945205479
0.4697986577181208
0.4367816091954023
0.45528455284552843
0.4578313253012048
0.44755244755244755
0.45794392523364486
0.46534653465346537
0.45161290322580644
0.4594594594594595
0.42857142857142855
0.46808510638297873
0.45454545454545453
0.46153846153846156
0.42424242424242425
0.45
0.4659090909090909
0.453125
0.4574468085106383
0.46153846153846156
0.4605263157894737
0.4578313253012048
0.4423076923076923
0.44155844155844154
0.43373493975903615
0.45454545454545453
0.45454545454545453
0.45054945054945056
0.45454545454545453
0.4659090909090909
0.44
0.45977011494252873
0.4625
0.46078431372549017
0.4594594594594595
0.4186046511627907
0.45454545454545453
0.4642857142857143
0.4673913043478261
0.4431818181818182
0.46774193548387094
0.45714285714285713
0.4727272727272727
0.453781512605042
0.4426229508196721
0.4649122807017544
0.4519230769230769
0.44871794871794873
0.4574468085106383
0.4642857142857143
0.5238095238095238
0.47191011235955055
0.4578313253012048
0.46153846153846156
0.4528301886792453
0.46153846153846156
0.4626865671641791
0.4700854700854701
0.45544554455445546
0.45161290322580644
0.45454545454545453
0.4507042253521127
0.4722222222222222
0.4421052631578947
0.4387755102040816
0.4625
0.4594594594594595
0.4423076923076923
0.45977011494252873
0.4426229508196721
0.4715447154471545
0.44
0.46
0.45348837209302323
0.4426229508196721
0.4649122807017544
0.45977011494252873
0.4492753623188406
0.4583333333333333
0.4507042253521127
0.4457831325301205
0.4492753623188406
0.4482758620689655
0.45454545454545453
0.45918367346938777
0.45614035087719296
0.4675324675324675
0.47435897435897434
0.4625
0.45132743362831856
0.4444444444444444
0.453125
0.4732142857142857
0.4444444444444444
0.4533333333333333
0.4492753623188406
0.45614035087719296
0.4666666666666667
0.43333333333333335
0.45588235294117646
0.449438202247191
0.47191011235955055
0.45454545454545453
0.46153846153846156
0.45454545454545453
0.4470588235294118
0.45454545454545453
0.46464646464646464
0.44
0.45454545454545453
0.45614035087719296
0.4588235294117647
0.463768115942029
0.4473684210526316
0.45714285714285713
0.43661971830985913
0.4461538461538462
0.4659090909090909
0.4752475247524752
0.4444444444444444
0.4482758620689655
0.4482758620689655
0.4642857142857143
0.4583333333333333
0.4642857142857143
0.44776119402985076
0.45454545454545453
0.4423076923076923
0.48214285714285715
0.43243243243243246
0.4791666666666667
0.45
0.45161290322580644
0.4647887323943662
0.4482758620689655
0.4444444444444444
0.4418604651162791
0.4375
0.45454545454545453
0.47692307692307695
0.4533333333333333
0.4461538461538462
0.45454545454545453
0.4782608695652174
0.47560975609756095
0.46153846153846156
0.4642857142857143
0.46551724137931033
0.45614035087719296
0.46296296296296297
0.46
0.43636363636363634
0.45
0.47368421052631576
0.45098039215686275
0.46153846153846156
0.4489795918367347
0.4411764705882353
0.45454545454545453
0.4583333333333333
0.45
0.4423076923076923
0.4411764705882353
0.45901639344262296
0.4666666666666667
0.4444444444444444
0.45161290322580644
0.44
0.45454545454545453
0.4444444444444444
0.4423076923076923
0.46153846153846156
0.4444444444444444
0.45
0.46
0.45098039215686275
0.47761194029850745
0.45
0.4489795918367347
0.4642857142857143
0.4426229508196721
0.4603174603174603
0.46153846153846156
0.4583333333333333
0.4603174603174603
0.45161290322580644
0.4489795918367347
0.46153846153846156
0.47368421052631576
0.47368421052631576
0.45454545454545453
0.4642857142857143
0.46551724137931033
0.45
0.46551724137931033
0.4423076923076923
0.46835443037974683
0.4444444444444444
0.4528301886792453
0.4583333333333333
0.4594594594594595
0.45901639344262296
0.49019607843137253
0.46153846153846156
0.47761194029850745
0.45454545454545453
0.43333333333333335
0.45588235294117646
0.4418604651162791
0.46153846153846156
0.46808510638297873
0.4666666666666667
0.45454545454545453
0.4411764705882353
0.4482758620689655
0.44
0.4444444444444444
0.46774193548387094
0.4482758620689655
0.45977011494252873
0.46511627906976744
0.46153846153846156
0.4406779661016949
0.47540983606557374
0.45454545454545453
0.45901639344262296
0.4642857142857143
0.4716981132075472
0.46551724137931033
0.4492753623188406
0.46774193548387094
0.47368421052631576
0.46511627906976744
0.47368421052631576
0.46
0.45614035087719296
0.4492753623188406
0.4470588235294118
0.45652173913043476
0.47435897435897434
0.4230769230769231
0.4745762711864407
0.4857142857142857
0.46
0.46774193548387094
0.4393939393939394
0.46938775510204084
0.4430379746835443
0.45454545454545453
0.4666666666666667
0.4444444444444444
0.47619047619047616
0.47368421052631576
0.45614035087719296
0.463768115942029
0.47540983606557374
0.47058823529411764
0.45454545454545453
0.4807692307692308
0.4444444444444444
0.4523809523809524
0.45161290322580644
0.45454545454545453
0.43902439024390244
0.45652173913043476
0.4418604651162791
0.45454545454545453
0.45555555555555555
0.4520547945205479
0.4426229508196721
0.46511627906976744
0.4578313253012048
0.453125
0.44642857142857145
0.45098039215686275
0.43636363636363634
0.4393939393939394
0.4339622641509434
0.4473684210526316
0.4523809523809524
0.4631578947368421
0.46153846153846156
0.4583333333333333
0.46078431372549017
0.45714285714285713
0.45652173913043476
0.44594594594594594
0.44594594594594594
0.45614035087719296
0.45121951219512196
0.46808510638297873
0.4473684210526316
0.45454545454545453
0.4533333333333333
0.45454545454545453
0.45588235294117646
0.44642857142857145
0.46153846153846156
0.4605263157894737
0.45
0.45714285714285713
0.45588235294117646
0.4642857142857143
0.4375
0.43103448275862066
0.43478260869565216
0.4528301886792453
0.46808510638297873
0.4523809523809524
0.45
0.4393939393939394
0.43333333333333335
0.43209876543209874
0.45121951219512196
0.46987951807228917
0.45714285714285713
0.4406779661016949
0.46875
0.44047619047619047
0.43037974683544306
0.43661971830985913
0.43902439024390244
0.4431818181818182
0.4473684210526316
0.43209876543209874
0.425531914893617
0.45161290322580644
0.45263157894736844
0.45161290322580644
0.4639175257731959
0.4393939393939394
0.43609022556390975
0.4576271186440678
0.45081967213114754
0.4634146341463415
0.45038167938931295
0.45
0.4411764705882353
0.45517241379310347
0.46206896551724136
0.45
0.45132743362831856
0.48484848484848486
0.42424242424242425
0.45774647887323944
0.4563758389261745
0.4336283185840708
0.4444444444444444
0.43119266055045874
0.41836734693877553
0.4406779661016949
0.4496124031007752
0.44680851063829785
0.46153846153846156
0.4606741573033708
0.4457831325301205
0.45098039215686275
0.4444444444444444
0.4155844155844156
0.46153846153846156
0.45454545454545453
0.45263157894736844
0.45098039215686275
0.45528455284552843
0.4489795918367347
0.43617021276595747
0.44881889763779526
0.4393939393939394
0.4375
0.4507042253521127
0.45
0.45045045045045046
0.43902439024390244
0.4461538461538462
0.43137254901960786
0.4375
0.44954128440366975
0.43243243243243246
0.46534653465346537
0.43373493975903615
0.45263157894736844
0.46226415094339623
0.4387755102040816
0.46
0.4444444444444444
0.46153846153846156
0.452991452991453
0.4457831325301205
0.44871794871794873
0.46938775510204084
0.45544554455445546
0.46296296296296297
0.45161290322580644
0.4791666666666667
0.44
0.45
0.4430379746835443
0.4576271186440678
0.4444444444444444
0.4473684210526316
0.4537037037037037
0.44715447154471544
0.4470588235294118
0.44
0.46017699115044247
0.4528301886792453
0.4536082474226804
0.46808510638297873
0.449438202247191
0.45323741007194246
0.42857142857142855
0.45263157894736844
0.4318181818181818
0.45871559633027525
0.4423076923076923
0.4492753623188406
0.4482758620689655
0.4444444444444444
0.42528735632183906
0.44329896907216493
0.45132743362831856
0.45454545454545453
0.45569620253164556
0.45714285714285713
0.4270833333333333
0.43283582089552236
0.4393939393939394
0.44871794871794873
0.45098039215686275
0.4444444444444444
0.43859649122807015
0.46
0.45348837209302323
0.44776119402985076
0.4714285714285714
0.4426229508196721
0.4519230769230769
0.423728813559322
0.4492753623188406
0.4444444444444444
0.45454545454545453
0.4691358024691358
0.47619047619047616
0.4444444444444444
0.4411764705882353
0.4418604651162791
0.43283582089552236
0.43373493975903615
0.4696969696969697
0.4339622641509434
0.4605263157894737
0.46
0.43478260869565216
0.44155844155844154
0.4666666666666667
0.46875
0.45714285714285713
0.45
0.43333333333333335
0.43243243243243246
0.45098039215686275
0.46153846153846156
0.45614035087719296
0.4457831325301205
0.44776119402985076
0.4418604651162791
0.4528301886792453
0.43103448275862066
0.4482758620689655
0.44285714285714284
0.43037974683544306
0.45098039215686275
0.42857142857142855
0.43859649122807015
0.46153846153846156
0.42857142857142855
0.4482758620689655
0.4375
0.4375
0.46153846153846156
0.4489795918367347
0.4523809523809524
0.46296296296296297
0.4375
0.4594594594594595
0.44871794871794873
0.45588235294117646
0.4444444444444444
0.4583333333333333
0.43956043956043955
0.4583333333333333
0.46
0.47619047619047616
0.4418604651162791
0.44
0.4594594594594595
0.4722222222222222
0.45614035087719296
0.45098039215686275
0.43478260869565216
0.4857142857142857
0.4473684210526316
0.43137254901960786
0.42857142857142855
0.4782608695652174
0.44
0.43103448275862066
0.44285714285714284
0.48148148148148145
0.4473684210526316
0.45714285714285713
0.4489795918367347
0.4423076923076923
0.4423076923076923
0.41509433962264153
0.44660194174757284
0.43956043956043955
0.4878048780487805
0.4418604651162791
0.4339622641509434
0.42857142857142855
0.43243243243243246
0.43243243243243246
0.42857142857142855
0.4782608695652174
0.45161290322580644
0.45161290322580644
0.42857142857142855
0.43243243243243246
0.4375
0.45132743362831856
0.4326923076923077
0.43902439024390244
0.45323741007194246
0.4431818181818182
0.43137254901960786
0.4453125
0.46153846153846156
0.4666666666666667
0.4411764705882353
0.4326923076923077
0.44166666666666665
0.4351851851851852
0.45255474452554745
0.43243243243243246
0.44537815126050423
0.44166666666666665
0.4523809523809524
0.45112781954887216
0.4230769230769231
0.4594594594594595
0.4444444444444444
0.44715447154471544
0.45038167938931295
0.42718446601941745
0.44537815126050423
0.47058823529411764
0.4528301886792453
0.4576271186440678
0.45
0.4461538461538462
0.43636363636363634
0.4380165289256198
0.4444444444444444
0.45614035087719296
0.45098039215686275
0.4462809917355372
0.44554455445544555
0.46774193548387094
0.4583333333333333
0.4411764705882353
0.4434782608695652
0.425
0.456
0.4444444444444444
0.45454545454545453
0.45161290322580644
0.45132743362831856
0.43333333333333335
0.45255474452554745
0.45045045045045046
0.4496124031007752
0.45098039215686275
0.47
0.45098039215686275
0.4482758620689655
0.44545454545454544
0.4489795918367347
0.4351851851851852
0.45454545454545453
0.4583333333333333
0.4380165289256198
0.46551724137931033
0.4507042253521127
0.4421052631578947
0.43564356435643564
0.4596774193548387
0.4489795918367347
0.44565217391304346
0.4473684210526316
0.43157894736842106
0.4482758620689655
0.4528301886792453
0.45054945054945056
0.43636363636363634
0.4533333333333333
0.45132743362831856
0.43434343434343436
0.4411764705882353
0.4358974358974359
0.4383561643835616
0.4519230769230769
0.4444444444444444
0.4470588235294118
0.4457831325301205
0.43617021276595747
0.45161290322580644
0.4578313253012048
0.4462809917355372
0.45
0.4411764705882353
0.4375
0.4392523364485981
0.45977011494252873
0.42857142857142855
0.43859649122807015
0.42718446601941745
0.4666666666666667
0.4491525423728814
0.43859649122807015
0.4383561643835616
0.46875
0.43859649122807015
0.4262295081967213
0.45161290322580644
0.4473684210526316
0.44680851063829785
0.45454545454545453
0.46511627906976744
0.43010752688172044
0.4444444444444444
0.4675324675324675
0.4888888888888889
0.43902439024390244
0.45454545454545453
0.4594594594594595
0.44776119402985076
0.43103448275862066
0.44155844155844154
0.4583333333333333
0.4329896907216495
0.42857142857142855
0.45454545454545453
0.4426229508196721
0.45454545454545453
0.42391304347826086
0.4576271186440678
0.5142857142857142
0.44594594594594594
0.4375
0.4666666666666667
0.4444444444444444
0.4482758620689655
0.45454545454545453
0.4375
0.43137254901960786
0.46153846153846156
0.43902439024390244
0.43157894736842106
0.45454545454545453
0.4634146341463415
0.44
0.4421052631578947
0.4318181818181818
