0.43478260869565216
0.45161290322580644
0.6111111111111112
0.631578947368421
0.2857142857142857
0.53125
0.4
0.5
0.5142857142857142
0.5454545454545454
0.5
0.3333333333333333
0.4375
0.4117647058823529
0.4473684210526316
0.4117647058823529
0.5833333333333334
0.5142857142857142
0.5333333333333333
0.6
0.5714285714285714
0.5217391304347826
0.5454545454545454
0.4090909090909091
0.3333333333333333
0.5106382978723404
0.4782608695652174
0.375
0.48031496062992124
0.42857142857142855
0.4827586206896552
0.5217391304347826
0.4166666666666667
0.6363636363636364
0.45
0.47368421052631576
0.5151515151515151
0.5882352941176471
0.46296296296296297
0.5
0.5263157894736842
0.46153846153846156
0.5416666666666666
0.52
0.5185185185185185
0.5194805194805194
0.4897959183673469
0.5
0.47058823529411764
0.5135135135135135
0.47368421052631576
0.5
0.47619047619047616
0.5087719298245614
0.5
0.4666666666666667
0.4583333333333333
0.5
0.5
0.4666666666666667
0.45588235294117646
0.46551724137931033
0.5333333333333333
0.5263157894736842
0.475
0.5308641975308642
0.5
0.4634146341463415
0.5294117647058824
0.45454545454545453
0.5483870967741935
0.5151515151515151
0.532258064516129
0.5
0.46774193548387094
0.5111111111111111
0.5
0.4722222222222222
0.5
0.4666666666666667
0.5526315789473685
0.5238095238095238
0.44642857142857145
0.5483870967741935
0.4915254237288136
0.5128205128205128
0.46464646464646464
0.4782608695652174
0.4925373134328358
0.4880952380952381
0.5365853658536586
0.5256410256410257
0.5
0.5533980582524272
0.5138888888888888
0.4748201438848921
0.47191011235955055
0.5222222222222223
0.5
0.43023255813953487
0.5301204819277109
0.5507246376811594
0.4453125
0.5375
0.45
0.521505376344086
0.44642857142857145
0.4626865671641791
0.5214285714285715
0.4519230769230769
0.4696969696969697
0.5041322314049587
0.44715447154471544
0.43478260869565216
0.46706586826347307
0.4383561643835616
0.4383561643835616
0.4666666666666667
0.49572649572649574
0.4482758620689655
0.45454545454545453
0.4375
0.4380165289256198
0.45098039215686275
0.4368932038834951
0.5149253731343284
0.43137254901960786
0.5203252032520326
0.45038167938931295
0.4732824427480916
0.50625
0.5063829787234042
0.5036496350364964
0.48514851485148514
0.5095785440613027
0.47368421052631576
0.5047619047619047
0.518918918918919
0.5066666666666667
0.48823529411764705
0.48066298342541436
0.5037593984962406
0.494949494949495
0.48484848484848486
0.49
0.51010101010101
0.4825174825174825
0.5089605734767025
0.5071428571428571
0.49333333333333335
0.48148148148148145
0.48333333333333334
0.5023474178403756
0.49032258064516127
0.4846153846153846
0.49333333333333335
0.5
0.5098039215686274
0.49
0.4855072463768116
0.4672897196261682
0.5089820359281437
0.5
0.5
0.49666666666666665
0.49444444444444446
0.49
0.4755244755244755
0.5
0.5
0.48226950354609927
0.4979253112033195
0.5
0.49666666666666665
0.4929078014184397
0.49666666666666665
0.49666666666666665
0.49377593360995853
0.49
0.49333333333333335
0.5066666666666667
0.5033333333333333
0.51
0.49333333333333335
0.49333333333333335
0.5033333333333333
0.5
0.5033333333333333
0.5033333333333333
0.5033333333333333
0.49666666666666665
0.48863636363636365
0.5
0.5104166666666666
0.5112781954887218
0.49333333333333335
0.5033333333333333
0.49666666666666665
0.5033333333333333
0.5
0.5
0.5
0.5033333333333333
0.49666666666666665
0.49666666666666665
0.49666666666666665
0.5
0.5033333333333333
0.49666666666666665
0.5
0.5033333333333333
0.5092936802973977
0.5094339622641509
0.5220125786163522
0.5086705202312138
0.5047619047619047
0.5027322404371585
0.509090909090909
0.5159235668789809
0.50920245398773
0.525
0.5112781954887218
0.5054945054945055
0.5081081081081081
0.5083798882681564
0.510989010989011
0.5146443514644351
0.5054945054945055
0.509090909090909
0.5079365079365079
0.510548523206751
0.5033333333333333
0.5100401606425703
0.508
0.5114503816793893
0.5051546391752577
0.5056603773584906
0.5165289256198347
0.5119617224880383
0.5155555555555555
0.5058139534883721
0.5135135135135135
0.5126582278481012
0.5105263157894737
0.5096153846153846
0.511520737327189
0.5151515151515151
0.5108695652173914
0.5084745762711864
0.5076923076923077
0.5129310344827587
0.5095238095238095
0.5135135135135135
0.5119047619047619
0.5097087378640777
0.5079365079365079
0.5202702702702703
0.5074626865671642
0.5070422535211268
0.5084745762711864
0.5084745762711864
0.5100671140939598
0.5063291139240507
0.5081081081081081
0.5111111111111111
0.5166666666666667
0.507177033492823
0.5064935064935064
0.5099009900990099
0.5079365079365079
0.503448275862069
0.5017921146953405
0.51
0.5
0.49666666666666665
0.49666666666666665
0.49333333333333335
0.49666666666666665
0.49333333333333335
0.49666666666666665
0.5
0.5
0.5033333333333333
0.49666666666666665
0.5066666666666667
0.5
0.49666666666666665
0.49333333333333335
0.5033333333333333
0.5
0.49
0.5
0.5
0.49666666666666665
0.5066666666666667
0.5033333333333333
0.5
0.5
0.49321266968325794
0.5
0.5
0.49666666666666665
0.5
0.51
0.5033333333333333
0.5066666666666667
0.5066666666666667
0.5
0.5
0.51
0.51
0.49333333333333335
0.49666666666666665
0.5
0.49666666666666665
0.5
0.49666666666666665
0.51
0.5066666666666667
0.5033333333333333
0.5088757396449705
0.4943820224719101
0.5033333333333333
0.5033333333333333
0.5
0.5033333333333333
0.5
0.49666666666666665
0.4827586206896552
0.5066666666666667
0.5
0.5
0.4983164983164983
0.496551724137931
0.5033333333333333
0.4959349593495935
0.5033333333333333
0.5072463768115942
0.5
0.4866666666666667
0.5
0.4866666666666667
0.49624060150375937
0.5033333333333333
0.5066666666666667
0.4866666666666667
0.5
0.5066666666666667
0.49333333333333335
0.49800796812749004
0.49666666666666665
0.49333333333333335
0.49333333333333335
0.5
0.49666666666666665
0.5033333333333333
0.5
0.5023923444976076
0.49666666666666665
0.5033333333333333
0.5078534031413613
0.49469964664310956
0.5066666666666667
0.49666666666666665
0.49666666666666665
0.4909090909090909
0.5066666666666667
0.49333333333333335
0.5033333333333333
0.5
0.49333333333333335
0.5033333333333333
0.5
0.51
0.5
0.49666666666666665
0.5071090047393365
0.49666666666666665
0.4727272727272727
0.5033333333333333
0.5
0.5
0.49666666666666665
0.5033333333333333
0.5066666666666667
0.5066666666666667
0.5
0.5133333333333333
0.5117647058823529
0.51
0.5
0.49372384937238495
0.5
0.5017301038062284
0.5
0.5
0.5
0.5033333333333333
0.5
0.5066666666666667
0.5045871559633027
0.49666666666666665
0.5
0.51
0.49666666666666665
0.49333333333333335
0.5
0.51
0.49333333333333335
0.5066666666666667
0.5
0.5033333333333333
0.4936708860759494
0.5033333333333333
0.4918032786885246
0.5066666666666667
0.5157232704402516
0.5066666666666667
0.5066666666666667
0.48863636363636365
0.5066666666666667
0.5066666666666667
0.5
0.5033333333333333
0.5033333333333333
0.494949494949495
0.5066666666666667
0.5
0.5033333333333333
0.4878048780487805
0.5063829787234042
0.5
0.5033333333333333
0.5033333333333333
0.5050505050505051
0.5066666666666667
0.4954954954954955
0.4981549815498155
0.5033333333333333
0.49666666666666665
0.5033333333333333
0.5033333333333333
0.49411764705882355
0.5066666666666667
0.5
0.5033333333333333
0.5033333333333333
0.49473684210526314
0.49666666666666665
0.5066666666666667
0.5033333333333333
0.5
0.5
0.49666666666666665
0.5
0.5033333333333333
0.49666666666666665
0.5066666666666667
0.49333333333333335
0.49666666666666665
0.5066666666666667
0.5024390243902439
0.5
0.5033333333333333
0.5033333333333333
0.49666666666666665
0.5
0.5
0.49666666666666665
0.49666666666666665
0.5
0.5033333333333333
0.49666666666666665
0.5033333333333333
0.5033333333333333
0.5
0.5033333333333333
0.4964788732394366
0.5033333333333333
0.49333333333333335
0.5066666666666667
0.5
0.5066666666666667
0.5066666666666667
0.5033333333333333
0.5
0.5066666666666667
0.5066666666666667
0.5033333333333333
0.5033333333333333
0.5033333333333333
0.5033333333333333
0.5033333333333333
0.5
0.5
0.5066666666666667
0.51
0.51
0.5033333333333333
0.5
0.49333333333333335
0.5066666666666667
0.49666666666666665
0.51
0.5
0.5066666666666667
0.5033333333333333
0.5
0.5033333333333333
0.5066666666666667
0.5066666666666667
0.5066666666666667
0.5
0.5066666666666667
0.5066666666666667
0.5066666666666667
0.5033333333333333
0.5033333333333333
0.5066666666666667
0.5
0.5033333333333333
0.5066666666666667
0.49666666666666665
0.5033333333333333
0.5066666666666667
0.51
0.51
0.5033333333333333
0.4957983193277311
0.5033333333333333
0.5
0.5033333333333333
0.49666666666666665
0.49666666666666665
0.5066666666666667
0.5033333333333333
0.5
0.5024154589371981
0.5033333333333333
0.49666666666666665
0.5033333333333333
0.5066666666666667
0.5
0.5033333333333333
0.49666666666666665
0.49666666666666665
0.5
0.5066666666666667
0.4489795918367347
0.5
0.49666666666666665
0.49666666666666665
0.5033333333333333
0.49666666666666665
0.5066666666666667
0.51
0.5033333333333333
0.5033333333333333
0.5
0.49666666666666665
0.5033333333333333
0.5
0.49333333333333335
0.5
0.5
0.49666666666666665
0.5066666666666667
0.4965034965034965
0.5
0.49333333333333335
0.5
0.5033333333333333
0.5033333333333333
0.5
0.5
0.5
0.5
0.49666666666666665
0.49666666666666665
0.5
0.49666666666666665
0.5
0.5
0.5033333333333333
0.5033333333333333
0.49666666666666665
0.49666666666666665
0.51
0.5
0.5
0.5
0.49666666666666665
0.5
0.5
0.5033333333333333
0.49666666666666665
0.5033333333333333
0.5
0.5
0.49666666666666665
0.49666666666666665
0.5033333333333333
0.49666666666666665
0.5
0.5
0.5
0.5
0.49666666666666665
0.5
0.49666666666666665
0.48148148148148145
0.49666666666666665
0.5033333333333333
0.49666666666666665
0.5033333333333333
0.5
0.5
0.49666666666666665
0.5
0.49333333333333335
0.5
0.5
0.5
0.5
0.5
0.5
0.49666666666666665
0.5
0.5
0.5
0.5
0.49666666666666665
0.5
0.49666666666666665
0.5
0.5
0.5066666666666667
0.5033333333333333
0.49666666666666665
0.49333333333333335
0.5
0.5066666666666667
0.5066666666666667
0.5033333333333333
0.5
0.5
0.5066666666666667
0.5033333333333333
0.5
0.49666666666666665
0.5033333333333333
0.5033333333333333
0.5066666666666667
0.5
0.5066666666666667
0.5
0.5
0.5033333333333333
0.5033333333333333
0.5033333333333333
0.5033333333333333
0.5033333333333333
0.5033333333333333
0.49666666666666665
0.5
0.5066666666666667
0.49666666666666665
0.5066666666666667
0.5
0.49666666666666665
0.5066666666666667
0.51
0.5
0.5033333333333333
0.51
0.5
0.5033333333333333
0.5
0.5
0.5033333333333333
0.5
0.5
0.5066666666666667
0.49666666666666665
0.49206349206349204
0.51
0.5
0.49666666666666665
0.5
0.5033333333333333
0.5
0.49666666666666665
0.4948805460750853
0.5066666666666667
0.5
0.5033333333333333
0.49333333333333335
0.49666666666666665
0.5154639175257731
0.49666666666666665
0.5
0.5
0.5066666666666667
0.51
0.5133333333333333
0.51
0.49666666666666665
0.51
0.5
0.48872180451127817
0.5
0.4931506849315068
0.49666666666666665
0.49333333333333335
0.49333333333333335
0.5
0.49666666666666665
0.5
0.49666666666666665
0.49666666666666665
0.5052083333333334
0.4866666666666667
0.5
0.49333333333333335
0.5066666666666667
0.49
0.49333333333333335
0.5066666666666667
0.5068493150684932
0.5
0.5
0.4866666666666667
0.49
0.5041666666666667
0.49666666666666665
0.49333333333333335
0.5033333333333333
0.49666666666666665
0.49333333333333335
0.49666666666666665
0.5099009900990099
0.5033333333333333
0.5
0.5
0.49666666666666665
0.49666666666666665
0.49333333333333335
0.49
0.49
0.5
0.5033333333333333
0.5
0.5062240663900415
0.49333333333333335
0.49458483754512633
0.49333333333333335
0.5
0.5033333333333333
0.4866666666666667
0.5033333333333333
0.4866666666666667
0.5
0.49
0.49333333333333335
0.4866666666666667
0.5
0.5033333333333333
0.497907949790795
0.49666666666666665
0.4866666666666667
0.5066666666666667
0.5033333333333333
0.5
0.49
0.49
0.5066666666666667
0.5033333333333333
0.49666666666666665
0.49666666666666665
0.49333333333333335
0.5
0.5033333333333333
0.5066666666666667
0.5
0.51
0.5
0.51
0.49666666666666665
0.5033333333333333
0.49666666666666665
0.5
0.5033333333333333
0.49666666666666665
0.5
0.49666666666666665
0.5066666666666667
0.49
0.5033333333333333
0.49
0.49333333333333335
0.5066666666666667
0.51
0.5
0.5
0.5033333333333333
0.49666666666666665
0.5033333333333333
0.49333333333333335
0.5033333333333333
0.49666666666666665
0.49666666666666665
0.5
0.49666666666666665
0.49
0.5033333333333333
0.49
0.5
0.5033333333333333
0.5
0.5033333333333333
0.5
0.5
0.5033333333333333
0.49333333333333335
0.49333333333333335
0.49666666666666665
0.5
0.5033333333333333
0.5033333333333333
0.49333333333333335
0.5
0.5066666666666667
0.49666666666666665
0.5033333333333333
0.5
0.49666666666666665
0.5033333333333333
0.49
0.5066666666666667
0.49333333333333335
0.49666666666666665
0.49666666666666665
0.5066666666666667
0.5
0.5033333333333333
0.49
0.5
0.5
0.49333333333333335
0.49666666666666665
0.49333333333333335
0.5
0.49333333333333335
0.49333333333333335
0.5
0.49666666666666665
0.49666666666666665
0.49666666666666665
0.5033333333333333
0.49333333333333335
0.5
0.5
0.5
0.5033333333333333
0.49666666666666665
0.5
0.5
0.5
0.5033333333333333
0.49666666666666665
0.5
0.5033333333333333
0.5
0.5033333333333333
0.49
0.5
0.49666666666666665
0.49
0.5033333333333333
0.5
0.49666666666666665
0.49333333333333335
0.49666666666666665
0.5033333333333333
0.5
0.49666666666666665
0.5
0.5
0.49666666666666665
0.49666666666666665
0.5033333333333333
0.5
0.49666666666666665
0.49
0.49666666666666665
0.5
0.49666666666666665
0.49666666666666665
0.5
0.49666666666666665
0.5033333333333333
0.5
0.5
0.5066666666666667
0.5033333333333333
0.5066666666666667
0.49666666666666665
0.49666666666666665
0.49666666666666665
0.5
0.5
0.49666666666666665
0.5
0.5
0.5
0.5
0.49666666666666665
0.5
0.5
0.5033333333333333
0.5033333333333333
0.49666666666666665
0.5066666666666667
0.5
0.49666666666666665
0.49666666666666665
0.49666666666666665
0.5033333333333333
0.49666666666666665
0.5
0.49666666666666665
0.51
0.49666666666666665
0.5033333333333333
0.5033333333333333
0.49666666666666665
0.5033333333333333
0.49666666666666665
0.5
0.5
0.5
0.5033333333333333
0.5
0.5
0.5
0.5033333333333333
0.5
0.49
0.5
0.5
0.49666666666666665
0.49666666666666665
0.5033333333333333
0.5
0.49666666666666665
0.5
0.5033333333333333
0.49666666666666665
0.49666666666666665
0.5066666666666667
0.5033333333333333
0.5
0.49666666666666665
0.5033333333333333
0.5
0.5033333333333333
0.5
0.5
0.5
0.5
0.5033333333333333
0.5
0.5
0.5033333333333333
0.5
0.5
0.5
0.49666666666666665
0.5
0.5
0.5
0.49333333333333335
0.49333333333333335
0.5
0.49666666666666665
0.5066666666666667
0.49666666666666665
0.5033333333333333
0.49666666666666665
0.5066666666666667
0.5033333333333333
0.5
0.5066666666666667
0.49
0.5
0.49666666666666665
0.5033333333333333
0.49142857142857144
0.49666666666666665
0.5066666666666667
