0.47413793103448276
0.46846846846846846
0.46956521739130436
0.45454545454545453
0.46846846846846846
0.4778761061946903
0.46788990825688076
0.4649122807017544
0.4636363636363636
0.4700854700854701
0.4649122807017544
0.4642857142857143
0.4732142857142857
0.46601941747572817
0.4528301886792453
0.475
0.4594594594594595
0.47368421052631576
0.4636363636363636
0.4649122807017544
0.46846846846846846
0.4636363636363636
0.46846846846846846
0.45871559633027525
0.45794392523364486
0.4666666666666667
0.4519230769230769
0.4636363636363636
0.46153846153846156
0.4649122807017544
0.46226415094339623
0.4661016949152542
0.45454545454545453
0.4537037037037037
0.45871559633027525
0.46788990825688076
0.4732142857142857
0.46788990825688076
0.46218487394957986
0.4485981308411215
0.4661016949152542
0.4793388429752066
0.46846846846846846
0.44554455445544555
0.45544554455445546
0.4563106796116505
0.4727272727272727
0.46226415094339623
0.45098039215686275
0.4745762711864407
0.4636363636363636
0.4666666666666667
0.44554455445544555
0.47107438016528924
0.4563106796116505
0.4782608695652174
0.4745762711864407
0.4782608695652174
0.45794392523364486
0.4732142857142857
0.4594594594594595
0.4661016949152542
0.4642857142857143
0.45714285714285713
0.475
0.4537037037037037
0.4716981132075472
0.46153846153846156
0.4855072463768116
0.47058823529411764
0.45871559633027525
0.4528301886792453
0.4766355140186916
0.47107438016528924
0.4690265486725664
0.4642857142857143
0.4700854700854701
0.46601941747572817
0.46226415094339623
0.4528301886792453
0.47107438016528924
0.4727272727272727
0.45871559633027525
0.46788990825688076
0.4482758620689655
0.43243243243243246
0.43243243243243246
0.46956521739130436
0.4732142857142857
0.46078431372549017
0.45454545454545453
0.4715447154471545
0.46017699115044247
0.41379310344827586
0.46846846846846846
0.46601941747572817
0.4700854700854701
0.46296296296296297
0.4789915966386555
0.46788990825688076
0.47244094488188976
0.4519230769230769
0.48
0.4715447154471545
0.46788990825688076
0.4727272727272727
0.4537037037037037
0.4642857142857143
0.44
0.4634146341463415
0.4745762711864407
0.46226415094339623
0.46846846846846846
0.4789915966386555
0.4444444444444444
0.46788990825688076
0.4666666666666667
0.46788990825688076
0.47580645161290325
0.4608695652173913
0.45689655172413796
0.4473684210526316
0.47058823529411764
0.4672897196261682
0.4636363636363636
0.43478260869565216
0.46078431372549017
0.4666666666666667
0.48360655737704916
0.46875
0.4672897196261682
0.45871559633027525
0.46153846153846156
0.41935483870967744
0.4594594594594595
0.46153846153846156
0.46846846846846846
0.4672897196261682
0.47540983606557374
0.46296296296296297
0.4672897196261682
0.48148148148148145
0.4649122807017544
0.46788990825688076
0.46226415094339623
0.4796747967479675
0.4700854700854701
0.4636363636363636
0.4444444444444444
0.45794392523364486
0.45161290322580644
0.4666666666666667
0.4583333333333333
0.46956521739130436
0.46601941747572817
0.45161290322580644
0.47619047619047616
0.46153846153846156
0.45794392523364486
0.47115384615384615
0.4690265486725664
0.45871559633027525
0.4375
0.45
0.45871559633027525
0.47058823529411764
0.46226415094339623
0.45794392523364486
0.46153846153846156
0.46956521739130436
0.4528301886792453
0.46788990825688076
0.4722222222222222
0.45454545454545453
0.4690265486725664
0.4649122807017544
0.4444444444444444
0.4563106796116505
0.46788990825688076
0.4690265486725664
0.4732142857142857
0.4666666666666667
0.47058823529411764
0.4563106796116505
0.45714285714285713
0.46846846846846846
0.46788990825688076
0.46788990825688076
0.4732142857142857
0.4788732394366197
0.4636363636363636
0.4563106796116505
0.4690265486725664
0.4594594594594595
0.47368421052631576
0.45714285714285713
0.46601941747572817
0.45
0.4649122807017544
0.46296296296296297
0.46788990825688076
0.46153846153846156
0.46226415094339623
0.47058823529411764
0.46846846846846846
0.46296296296296297
0.4666666666666667
0.46534653465346537
0.46296296296296297
0.46017699115044247
0.4778761061946903
0.4636363636363636
0.4722222222222222
0.46788990825688076
0.46788990825688076
0.4594594594594595
0.46956521739130436
0.4782608695652174
0.43478260869565216
0.47413793103448276
0.4636363636363636
0.4666666666666667
0.4649122807017544
0.46296296296296297
0.4649122807017544
0.45794392523364486
0.4666666666666667
0.46296296296296297
0.4732142857142857
0.4700854700854701
0.4661016949152542
0.46
0.475
0.46226415094339623
0.4666666666666667
0.4444444444444444
0.4537037037037037
0.46956521739130436
0.47413793103448276
0.4411764705882353
0.45871559633027525
0.4519230769230769
0.44954128440366975
0.4594594594594595
0.45794392523364486
0.4666666666666667
0.46226415094339623
0.4690265486725664
0.4732142857142857
0.46846846846846846
0.46296296296296297
0.4690265486725664
0.4636363636363636
0.4519230769230769
0.46788990825688076
0.4666666666666667
0.4666666666666667
0.46788990825688076
0.4411764705882353
0.47413793103448276
0.4745762711864407
0.4594594594594595
0.46788990825688076
0.46788990825688076
0.46788990825688076
0.45098039215686275
0.47863247863247865
0.4642857142857143
0.46226415094339623
0.4672897196261682
0.4519230769230769
0.46788990825688076
0.46226415094339623
0.4636363636363636
0.4537037037037037
0.45794392523364486
0.46788990825688076
0.46296296296296297
0.44
0.4636363636363636
0.46956521739130436
0.4411764705882353
0.45714285714285713
0.46017699115044247
0.4716981132075472
0.4732142857142857
0.45544554455445546
0.4519230769230769
0.47580645161290325
0.4700854700854701
0.4594594594594595
0.47619047619047616
0.4537037037037037
0.47107438016528924
0.42857142857142855
0.46846846846846846
0.4519230769230769
0.46551724137931033
0.4722222222222222
0.46551724137931033
0.47058823529411764
0.43478260869565216
0.4537037037037037
0.4642857142857143
0.46788990825688076
0.43902439024390244
0.4722222222222222
0.4642857142857143
0.4727272727272727
0.4649122807017544
0.46846846846846846
0.4727272727272727
0.4563106796116505
0.4672897196261682
0.46601941747572817
0.46226415094339623
0.4690265486725664
0.42857142857142855
0.4594594594594595
0.47107438016528924
0.46846846846846846
0.46153846153846156
0.42857142857142855
0.4594594594594595
0.4636363636363636
0.4690265486725664
0.46846846846846846
0.46956521739130436
0.4608695652173913
0.4642857142857143
0.4661016949152542
0.4666666666666667
0.4672897196261682
0.46551724137931033
0.4778761061946903
0.4690265486725664
0.4782608695652174
0.4528301886792453
0.4358974358974359
0.4636363636363636
0.45794392523364486
0.47368421052631576
0.4690265486725664
0.47368421052631576
0.4636363636363636
0.4727272727272727
0.4444444444444444
0.47580645161290325
0.4649122807017544
0.4690265486725664
0.46788990825688076
0.46788990825688076
0.4642857142857143
0.47413793103448276
0.4636363636363636
0.4745762711864407
0.46226415094339623
0.46017699115044247
0.4700854700854701
0.4636363636363636
0.45
0.46534653465346537
0.45454545454545453
0.4672897196261682
0.46296296296296297
0.4732142857142857
0.45714285714285713
0.4732142857142857
0.46846846846846846
0.46
0.4642857142857143
0.45714285714285713
0.4745762711864407
0.4732142857142857
0.45454545454545453
0.4642857142857143
0.46226415094339623
0.46153846153846156
0.45871559633027525
0.4636363636363636
0.4594594594594595
0.47368421052631576
0.4690265486725664
0.46296296296296297
0.45098039215686275
0.45871559633027525
0.46153846153846156
0.4583333333333333
0.46153846153846156
0.4690265486725664
0.45
0.46601941747572817
0.4727272727272727
0.47058823529411764
0.46846846846846846
0.4649122807017544
0.45161290322580644
0.46296296296296297
0.4690265486725664
0.48484848484848486
0.4661016949152542
0.4528301886792453
0.4690265486725664
0.4608695652173913
0.46846846846846846
0.4649122807017544
0.4563106796116505
0.4636363636363636
0.46551724137931033
0.44554455445544555
0.46956521739130436
0.48333333333333334
0.44
0.45544554455445546
0.4594594594594595
0.47413793103448276
0.5
0.4690265486725664
0.47368421052631576
0.47058823529411764
0.44329896907216493
0.4727272727272727
0.4690265486725664
0.46296296296296297
0.475
0.47368421052631576
0.46788990825688076
0.4666666666666667
0.46956521739130436
0.45871559633027525
0.46017699115044247
0.4636363636363636
0.43478260869565216
0.46846846846846846
0.45794392523364486
0.4563106796116505
0.45794392523364486
0.45161290322580644
0.4666666666666667
0.4690265486725664
0.45794392523364486
0.4594594594594595
0.45
0.4375
0.4690265486725664
0.4642857142857143
0.4444444444444444
0.46
0.46226415094339623
0.4649122807017544
0.44
0.4672897196261682
0.44554455445544555
0.46846846846846846
0.4594594594594595
0.47058823529411764
0.4528301886792453
0.46153846153846156
0.4727272727272727
0.4563106796116505
0.4649122807017544
0.4358974358974359
0.45794392523364486
0.4672897196261682
0.4482758620689655
0.4722222222222222
0.44
0.46226415094339623
0.45535714285714285
0.46153846153846156
0.4666666666666667
0.4563106796116505
0.46078431372549017
0.46153846153846156
0.43333333333333335
0.4666666666666667
0.45714285714285713
0.4732142857142857
0.46226415094339623
0.46846846846846846
0.48333333333333334
0.48091603053435117
0.4672131147540984
0.4745762711864407
0.45794392523364486
0.4745762711864407
0.4661016949152542
0.46846846846846846
0.4672897196261682
0.4642857142857143
0.4519230769230769
0.46551724137931033
0.4732142857142857
0.4666666666666667
0.4666666666666667
0.47107438016528924
0.4636363636363636
0.45714285714285713
0.46226415094339623
0.46078431372549017
0.4636363636363636
0.4722222222222222
0.46788990825688076
0.4636363636363636
0.46226415094339623
0.4700854700854701
0.4745762711864407
0.4537037037037037
0.4796747967479675
0.46788990825688076
0.46601941747572817
0.4489795918367347
0.4642857142857143
0.4636363636363636
0.4666666666666667
0.4636363636363636
0.4636363636363636
0.42105263157894735
0.4594594594594595
0.4528301886792453
0.46956521739130436
0.4636363636363636
0.4700854700854701
0.47058823529411764
0.46601941747572817
0.45535714285714285
0.46218487394957986
0.46153846153846156
0.4782608695652174
0.4418604651162791
0.45714285714285713
0.4716981132075472
0.4700854700854701
0.45535714285714285
0.46956521739130436
0.47058823529411764
0.4666666666666667
0.46551724137931033
0.46153846153846156
0.4636363636363636
0.4444444444444444
0.4444444444444444
0.46226415094339623
0.4482758620689655
0.4690265486725664
0.4690265486725664
0.4563106796116505
0.475
0.4727272727272727
0.4745762711864407
0.45714285714285713
0.4690265486725664
0.46788990825688076
0.4666666666666667
0.46788990825688076
0.4727272727272727
0.4519230769230769
0.45454545454545453
0.46296296296296297
0.4636363636363636
0.45714285714285713
0.4642857142857143
0.475
0.48148148148148145
0.47058823529411764
0.47368421052631576
0.46846846846846846
0.46226415094339623
0.44761904761904764
0.4745762711864407
0.46956521739130436
0.45871559633027525
0.46846846846846846
0.4690265486725664
0.4732142857142857
0.4636363636363636
0.46601941747572817
0.46296296296296297
0.46226415094339623
0.4583333333333333
0.45714285714285713
0.46226415094339623
0.4666666666666667
0.4636363636363636
0.46296296296296297
0.45544554455445546
0.4594594594594595
0.4563106796116505
0.4642857142857143
0.4727272727272727
0.4666666666666667
0.4732142857142857
0.4642857142857143
0.47368421052631576
0.4528301886792453
0.47107438016528924
0.47368421052631576
0.4594594594594595
0.47368421052631576
0.4519230769230769
0.45544554455445546
0.4732142857142857
0.4649122807017544
0.47368421052631576
0.4636363636363636
0.4563106796116505
0.46846846846846846
0.4700854700854701
0.46226415094339623
0.4732142857142857
0.45794392523364486
0.46956521739130436
0.48739495798319327
0.4608695652173913
0.4594594594594595
0.46017699115044247
0.45544554455445546
0.4594594594594595
0.4411764705882353
0.44329896907216493
0.4563106796116505
0.46846846846846846
0.4732142857142857
0.46153846153846156
0.4636363636363636
0.45794392523364486
0.4672897196261682
0.47580645161290325
0.4672897196261682
0.46956521739130436
0.4642857142857143
0.45263157894736844
0.46296296296296297
0.4528301886792453
0.4230769230769231
0.4482758620689655
0.46078431372549017
0.46956521739130436
0.45871559633027525
0.4594594594594595
0.46226415094339623
0.4594594594594595
0.47368421052631576
0.4661016949152542
0.46153846153846156
0.4700854700854701
0.43243243243243246
0.4666666666666667
0.4700854700854701
0.44
0.4690265486725664
0.4482758620689655
0.4636363636363636
0.4444444444444444
0.46551724137931033
0.4642857142857143
0.47107438016528924
0.4642857142857143
0.47058823529411764
0.46226415094339623
0.41935483870967744
0.4608695652173913
0.45
0.47368421052631576
0.45871559633027525
0.46296296296296297
0.4690265486725664
0.45098039215686275
0.44660194174757284
0.4793388429752066
0.4642857142857143
0.4636363636363636
0.4444444444444444
0.4537037037037037
0.46296296296296297
0.46551724137931033
0.46153846153846156
0.4700854700854701
0.4444444444444444
0.46078431372549017
0.4700854700854701
0.46153846153846156
0.4732142857142857
0.45544554455445546
0.4519230769230769
0.46296296296296297
0.4594594594594595
0.4690265486725664
0.46601941747572817
0.4642857142857143
0.4789915966386555
0.47413793103448276
0.46956521739130436
0.4732142857142857
0.4636363636363636
0.4672897196261682
0.45544554455445546
0.45871559633027525
0.45871559633027525
0.45454545454545453
0.4715447154471545
0.472
0.45871559633027525
0.45714285714285713
0.4649122807017544
0.46226415094339623
0.47368421052631576
0.46017699115044247
0.47413793103448276
0.4519230769230769
0.4583333333333333
0.46788990825688076
0.46017699115044247
0.4727272727272727
0.46551724137931033
0.42857142857142855
0.4782608695652174
0.4482758620689655
0.46551724137931033
0.4690265486725664
0.46153846153846156
0.46551724137931033
0.46153846153846156
0.4642857142857143
0.45454545454545453
0.4642857142857143
0.4666666666666667
0.46226415094339623
0.4666666666666667
0.46153846153846156
0.45794392523364486
0.4690265486725664
0.47368421052631576
0.46153846153846156
0.46788990825688076
0.46226415094339623
0.4642857142857143
0.4672897196261682
0.46956521739130436
0.46601941747572817
0.46296296296296297
0.45794392523364486
0.46956521739130436
0.4642857142857143
0.46153846153846156
0.4636363636363636
0.42424242424242425
0.4661016949152542
0.46017699115044247
0.46017699115044247
0.46601941747572817
0.47107438016528924
0.47107438016528924
0.46846846846846846
0.4666666666666667
0.4375
0.4690265486725664
0.45714285714285713
0.4230769230769231
0.4774774774774775
0.46078431372549017
0.4700854700854701
0.4778761061946903
0.4732142857142857
0.45714285714285713
0.46956521739130436
0.4636363636363636
0.46017699115044247
0.46534653465346537
0.47368421052631576
0.4318181818181818
0.48333333333333334
0.45535714285714285
0.4727272727272727
0.4690265486725664
0.4649122807017544
0.4666666666666667
0.4774774774774775
0.46296296296296297
0.4727272727272727
0.46017699115044247
0.45535714285714285
0.46153846153846156
0.46846846846846846
0.46551724137931033
0.47058823529411764
0.44954128440366975
0.4715447154471545
0.4519230769230769
0.48
0.46788990825688076
0.45871559633027525
0.4649122807017544
0.4628099173553719
0.46846846846846846
0.47794117647058826
0.45871559633027525
0.4666666666666667
0.4690265486725664
0.4715447154471545
0.47368421052631576
0.4722222222222222
0.46846846846846846
0.46956521739130436
0.4642857142857143
0.46846846846846846
0.4690265486725664
0.4594594594594595
0.46153846153846156
0.4649122807017544
0.4642857142857143
0.4636363636363636
0.4636363636363636
0.46153846153846156
0.46017699115044247
0.47107438016528924
0.46875
0.4636363636363636
0.4576271186440678
0.4782608695652174
0.4700854700854701
0.4642857142857143
0.46153846153846156
0.46551724137931033
0.4375
0.4649122807017544
0.46551724137931033
0.47368421052631576
0.45535714285714285
0.47107438016528924
0.4489795918367347
0.45794392523364486
0.46296296296296297
0.46017699115044247
0.45918367346938777
0.46153846153846156
0.4732142857142857
0.47058823529411764
0.47580645161290325
0.4594594594594595
0.46153846153846156
0.46296296296296297
0.46846846846846846
0.4608695652173913
0.46296296296296297
0.46551724137931033
0.45454545454545453
0.4473684210526316
0.45714285714285713
0.47107438016528924
0.4690265486725664
0.46788990825688076
0.4782608695652174
0.4537037037037037
0.46296296296296297
0.4672897196261682
0.4649122807017544
0.46153846153846156
0.4649122807017544
0.45714285714285713
0.4727272727272727
0.4608695652173913
0.45454545454545453
0.44660194174757284
0.46296296296296297
0.45454545454545453
0.4563106796116505
0.4727272727272727
0.46788990825688076
0.4700854700854701
0.4732142857142857
0.46296296296296297
0.4411764705882353
0.46296296296296297
0.4642857142857143
0.4690265486725664
0.46846846846846846
0.4649122807017544
0.4608695652173913
0.46
0.4661016949152542
0.46551724137931033
0.46956521739130436
0.4489795918367347
0.472
0.44761904761904764
0.46464646464646464
0.4793388429752066
0.4700854700854701
0.48739495798319327
0.4636363636363636
0.46956521739130436
0.46788990825688076
0.4358974358974359
0.4649122807017544
0.47058823529411764
0.46788990825688076
0.46956521739130436
0.4485981308411215
0.46846846846846846
0.47413793103448276
0.45689655172413796
0.4672897196261682
0.46788990825688076
0.4727272727272727
0.4690265486725664
0.45454545454545453
0.46017699115044247
0.4715447154471545
0.4608695652173913
0.45454545454545453
0.45871559633027525
0.4793388429752066
0.4672897196261682
0.45454545454545453
0.4536082474226804
0.46788990825688076
0.46226415094339623
0.47058823529411764
0.46846846846846846
0.4666666666666667
0.45544554455445546
0.46788990825688076
0.4636363636363636
0.4666666666666667
0.47058823529411764
0.4690265486725664
0.4537037037037037
0.48412698412698413
0.47058823529411764
0.46296296296296297
0.46551724137931033
0.4732142857142857
0.45614035087719296
0.46078431372549017
0.47540983606557374
0.4489795918367347
0.46788990825688076
0.47540983606557374
0.45714285714285713
0.46551724137931033
0.4700854700854701
0.4700854700854701
0.4563106796116505
0.47368421052631576
0.46788990825688076
0.45454545454545453
0.4649122807017544
0.45918367346938777
0.4563106796116505
0.4642857142857143
0.4608695652173913
0.45535714285714285
0.4642857142857143
0.45
0.4636363636363636
0.46226415094339623
0.46601941747572817
0.46226415094339623
0.4649122807017544
0.4636363636363636
0.42857142857142855
0.47413793103448276
0.45454545454545453
0.45098039215686275
0.4732142857142857
0.45454545454545453
0.4666666666666667
0.4700854700854701
0.46226415094339623
0.4594594594594595
0.4696969696969697
0.4793388429752066
0.46226415094339623
0.4666666666666667
0.46551724137931033
0.4782608695652174
0.45
0.45794392523364486
0.4411764705882353
0.4666666666666667
0.46788990825688076
0.4824561403508772
0.4594594594594595
0.45161290322580644
0.4642857142857143
0.45714285714285713
0.4732142857142857
0.48031496062992124
0.46296296296296297
0.4666666666666667
0.45098039215686275
0.4649122807017544
0.4583333333333333
0.46788990825688076
0.45794392523364486
0.46017699115044247
0.44
0.45714285714285713
0.4444444444444444
