0.6666666666666666
0.5
0.5
0.3
0.4
0.5285714285714286
0.4375
0.6
0.7333333333333333
0.5714285714285714
0.6
0.4117647058823529
0.4482758620689655
0.4827586206896552
0.38461538461538464
0.5
0.5294117647058824
0.38461538461538464
0.375
0.5
0.7333333333333333
0.375
0.5405405405405406
0.43478260869565216
0.25
0.5161290322580645
0.42105263157894735
0.48148148148148145
0.4897959183673469
0.48484848484848486
0.3076923076923077
0.47368421052631576
0.42857142857142855
0.5102040816326531
0.25
0.5151515151515151
0.509090909090909
0.46875
0.5789473684210527
0.5
0.5217391304347826
0.5333333333333333
0.5538461538461539
0.4897959183673469
0.5
0.5116279069767442
0.5238095238095238
0.5070422535211268
0.48484848484848486
0.5625
0.5454545454545454
0.5142857142857142
0.5333333333333333
0.47368421052631576
0.5217391304347826
0.5076923076923077
0.6363636363636364
0.4418604651162791
0.48148148148148145
0.5384615384615384
0.48
0.4861111111111111
0.4791666666666667
0.5151515151515151
0.5172413793103449
0.5294117647058824
0.5
0.5102040816326531
0.48
0.46938775510204084
0.46875
0.5217391304347826
0.5333333333333333
0.48863636363636365
0.5135135135135135
0.5277777777777778
0.5178571428571429
0.46
0.48214285714285715
0.5094339622641509
0.5263157894736842
0.52
0.525
0.46788990825688076
0.5614035087719298
0.47674418604651164
0.5036496350364964
0.5483870967741935
0.5128205128205128
0.547945205479452
0.5258620689655172
0.4567901234567901
0.5398230088495575
0.56
0.5285714285714286
0.5
0.5057471264367817
0.5104166666666666
0.48846153846153845
0.547945205479452
0.5401459854014599
0.4444444444444444
0.5555555555555556
0.5454545454545454
0.5416666666666666
0.5460992907801419
0.5100671140939598
0.4854368932038835
0.5833333333333334
0.5287356321839081
0.5254237288135594
0.5290322580645161
0.5585585585585585
0.48333333333333334
0.48
0.48333333333333334
0.4900662251655629
0.4866666666666667
0.4506172839506173
0.4666666666666667
0.5
0.4816753926701571
0.4764705882352941
0.49666666666666665
0.46621621621621623
0.49
0.46853146853146854
0.4915254237288136
0.49666666666666665
0.449438202247191
0.5133333333333333
0.5070422535211268
0.5076923076923077
0.511520737327189
0.5135135135135135
0.5
0.5
0.503448275862069
0.5100401606425703
0.5217391304347826
0.4859437751004016
0.5033333333333333
0.48868778280542985
0.49065420560747663
0.5126353790613718
0.5529411764705883
0.5104166666666666
0.5242718446601942
0.5271317829457365
0.5033333333333333
0.5
0.5315315315315315
0.5111111111111111
0.51
0.4978165938864629
0.5229357798165137
0.5344827586206896
0.5017421602787456
0.5289256198347108
0.5333333333333333
0.49333333333333335
0.5
0.5066666666666667
0.4972677595628415
0.511864406779661
0.5033333333333333
0.50199203187251
0.4954545454545455
0.51
0.5076335877862596
0.5143884892086331
0.5121951219512195
0.5182926829268293
0.52
0.5182926829268293
0.5121951219512195
0.5176470588235295
0.5033333333333333
0.532258064516129
0.5066666666666667
0.5102040816326531
0.51
0.5066666666666667
0.5033333333333333
0.5033333333333333
0.5
0.5
0.5
0.5051546391752577
0.4975369458128079
0.5133333333333333
0.51
0.5066666666666667
0.5066666666666667
0.5033333333333333
0.5071428571428571
0.49504950495049505
0.5151515151515151
0.5
0.5179856115107914
0.527027027027027
0.5277777777777778
0.5195530726256983
0.5238095238095238
0.5263157894736842
0.5202312138728323
0.5461538461538461
0.5284552845528455
0.5338983050847458
0.5470085470085471
0.538961038961039
0.5603448275862069
0.5555555555555556
0.5294117647058824
0.5596330275229358
0.553030303030303
0.5476190476190477
0.5467625899280576
0.5422535211267606
0.5443037974683544
0.551948051948052
0.5603448275862069
0.5517241379310345
0.5308641975308642
0.541095890410959
0.541095890410959
0.5663716814159292
0.5447761194029851
0.5454545454545454
0.5514705882352942
0.5545454545454546
0.553030303030303
0.5528455284552846
0.5511811023622047
0.5428571428571428
0.5310344827586206
0.5310734463276836
0.55
0.5432098765432098
0.539568345323741
0.5294117647058824
0.5426829268292683
0.553030303030303
0.5202312138728323
0.5384615384615384
0.5202020202020202
0.55
0.5394736842105263
0.5403726708074534
0.52
0.5407407407407407
0.5245901639344263
0.528169014084507
0.5307692307692308
0.526595744680851
0.5286624203821656
0.5573770491803278
0.5116279069767442
0.515625
0.5328947368421053
0.5329341317365269
0.5316455696202531
0.5273972602739726
0.5290697674418605
0.5342465753424658
0.524822695035461
0.5187165775401069
0.5146198830409356
0.5151515151515151
0.5289855072463768
0.49666666666666665
0.5131578947368421
0.49666666666666665
0.51010101010101
0.49333333333333335
0.49333333333333335
0.49
0.49666666666666665
0.49333333333333335
0.51
0.5
0.49666666666666665
0.5
0.5066666666666667
0.5
0.5033333333333333
0.49333333333333335
0.49
0.49
0.49666666666666665
0.5113636363636364
0.49
0.49666666666666665
0.5066666666666667
0.5
0.49
0.5018587360594795
0.4928909952606635
0.49823321554770317
0.5045045045045045
0.5
0.49
0.49666666666666665
0.5066666666666667
0.51
0.509009009009009
0.49333333333333335
0.49
0.4866666666666667
0.49666666666666665
0.5033333333333333
0.5033333333333333
0.5
0.51
0.5066666666666667
0.49666666666666665
0.5089285714285714
0.49666666666666665
0.5056179775280899
0.5101214574898786
0.49333333333333335
0.51
0.5
0.5
0.49333333333333335
0.49645390070921985
0.4979253112033195
0.49666666666666665
0.5066666666666667
0.5
0.5033557046979866
0.5033333333333333
0.5133333333333333
0.5066666666666667
0.5033333333333333
0.49666666666666665
0.49666666666666665
0.49065420560747663
0.49666666666666665
0.5
0.5068027210884354
0.49666666666666665
0.5
0.5066666666666667
0.51
0.5133333333333333
0.5066666666666667
0.5033333333333333
0.5
0.51
0.5
0.51
0.5066666666666667
0.4834123222748815
0.5033333333333333
0.5066666666666667
0.51
0.5
0.5
0.51
0.5066666666666667
0.5033333333333333
0.5066666666666667
0.5033333333333333
0.5066666666666667
0.5066666666666667
0.5033333333333333
0.51
0.5066666666666667
0.5066666666666667
0.5066666666666667
0.5066666666666667
0.5033333333333333
0.49333333333333335
0.49333333333333335
0.5
0.5
0.5066666666666667
0.5
0.5
0.5066666666666667
0.51
0.5
0.51
0.5066666666666667
0.49666666666666665
0.5
0.5033333333333333
0.5133333333333333
0.49666666666666665
0.5033333333333333
0.5066666666666667
0.5133333333333333
0.5033333333333333
0.5033333333333333
0.5066666666666667
0.51
0.5033333333333333
0.5033333333333333
0.5066666666666667
0.5033333333333333
0.5066666666666667
0.5033333333333333
0.5033333333333333
0.5
0.5033333333333333
0.5033333333333333
0.5095541401273885
0.5033333333333333
0.5
0.5033333333333333
0.5033333333333333
0.5
0.49666666666666665
0.5033333333333333
0.5
0.5033333333333333
0.5033333333333333
0.5
0.5027624309392266
0.5033333333333333
0.506578947368421
0.5066666666666667
0.5054347826086957
0.5
0.49666666666666665
0.5056818181818182
0.5033333333333333
0.5
0.5
0.5
0.49666666666666665
0.5
0.49666666666666665
0.5033333333333333
0.5033333333333333
0.5
0.5033333333333333
0.49666666666666665
0.5033333333333333
0.5033333333333333
0.5
0.5033333333333333
0.5
0.5033333333333333
0.5033333333333333
0.5033333333333333
0.5
0.5033333333333333
0.5
0.5033333333333333
0.5033333333333333
0.5066666666666667
0.5
0.5033333333333333
0.5
0.5
0.5
0.5033333333333333
0.5
0.5066666666666667
0.5033333333333333
0.5
0.5
0.5066666666666667
0.5
0.5
0.5
0.5
0.5
0.5
0.5
0.5066666666666667
0.5
0.5033333333333333
0.5
0.49666666666666665
0.5033333333333333
0.5033333333333333
0.5
0.5
0.5
0.5033333333333333
0.49666666666666665
0.5033333333333333
0.49666666666666665
0.5
0.49333333333333335
0.5
0.5
0.5
0.49666666666666665
0.5
0.5033333333333333
0.49666666666666665
0.5
0.5
0.5033333333333333
0.49666666666666665
0.5
0.5
0.5
0.5
0.5066666666666667
0.49333333333333335
0.5
0.5
0.5
0.5
0.49666666666666665
0.5
0.5
0.5
0.5
0.49666666666666665
0.5
0.5033333333333333
0.49666666666666665
0.49666666666666665
0.49666666666666665
0.49666666666666665
0.49666666666666665
0.49666666666666665
0.5033333333333333
0.5
0.49
0.49666666666666665
0.5
0.5
0.5033333333333333
0.5033333333333333
0.49666666666666665
0.5
0.49333333333333335
0.5
0.5
0.49
0.5
0.5033333333333333
0.5
0.49666666666666665
0.5
0.5033333333333333
0.5033333333333333
0.5
0.5
0.5
0.49666666666666665
0.5033333333333333
0.49333333333333335
0.5
0.5066666666666667
0.5033333333333333
0.49666666666666665
0.49666666666666665
0.5033333333333333
0.49666666666666665
0.5
0.49333333333333335
0.5
0.5033333333333333
0.49666666666666665
0.5033333333333333
0.5
0.5033333333333333
0.5033333333333333
0.49333333333333335
0.5033333333333333
0.49666666666666665
0.5033333333333333
0.49666666666666665
0.49666666666666665
0.5033333333333333
0.4866666666666667
0.5
0.49666666666666665
0.5
0.5033333333333333
0.49
0.49666666666666665
0.5
0.49666666666666665
0.5066666666666667
0.5
0.49666666666666665
0.49814126394052044
0.5033333333333333
0.5
0.5066666666666667
0.5
0.49666666666666665
0.5033333333333333
0.5033333333333333
0.5033333333333333
0.5033333333333333
0.49823321554770317
0.5033333333333333
0.5066666666666667
0.5033333333333333
0.5
0.5033333333333333
0.5
0.49666666666666665
0.5
0.4944237918215613
0.49666666666666665
0.5
0.49666666666666665
0.49333333333333335
0.5033333333333333
0.5033333333333333
0.5033333333333333
0.4921875
0.5033333333333333
0.49333333333333335
0.5
0.49666666666666665
0.5033333333333333
0.5066666666666667
0.49666666666666665
0.5
0.5033333333333333
0.5
0.49666666666666665
0.5033333333333333
0.5
0.5033333333333333
0.5033333333333333
0.5033333333333333
0.49666666666666665
0.5033333333333333
0.5
0.5066666666666667
0.49666666666666665
0.5
0.5
0.5
0.5033333333333333
0.5033333333333333
0.49666666666666665
0.5
0.5033333333333333
0.5033333333333333
0.5
0.5033333333333333
0.5033333333333333
0.5
0.4838709677419355
0.5033333333333333
0.49333333333333335
0.5033333333333333
0.5
0.49666666666666665
0.5033333333333333
0.5
0.5
0.5
0.5
0.5033333333333333
0.49666666666666665
0.5
0.49666666666666665
0.5033333333333333
0.5
0.49666666666666665
0.5033333333333333
0.5
0.5
0.5033333333333333
0.5
0.5
0.5033333333333333
0.5
0.5
0.5033333333333333
0.5
0.5033333333333333
0.49666666666666665
0.5033333333333333
0.5
0.5
0.5033333333333333
0.5066666666666667
0.5
0.5033333333333333
0.5
0.5
0.49666666666666665
0.5033333333333333
0.5
0.5033333333333333
0.5
0.5
0.5
0.49666666666666665
0.5033333333333333
0.49666666666666665
0.5
0.5033333333333333
0.5
0.5033333333333333
0.5033333333333333
0.5
0.5
0.5033333333333333
0.5033333333333333
0.5
0.5
0.5
0.5033333333333333
0.5033333333333333
0.5
0.5066666666666667
0.5
0.5033333333333333
0.5033333333333333
0.5033333333333333
0.49666666666666665
0.5033333333333333
0.5033333333333333
0.5033333333333333
0.5033333333333333
0.49666666666666665
0.5066666666666667
0.5033333333333333
0.5033333333333333
0.5033333333333333
0.5
0.5
0.5033333333333333
0.5033333333333333
0.5
0.5
0.5033333333333333
0.5033333333333333
0.5
0.5033333333333333
0.5
0.5033333333333333
0.49666666666666665
0.5033333333333333
0.5033333333333333
0.5
0.5033333333333333
0.5
0.5
0.5033333333333333
0.5
0.5
0.5
0.5033333333333333
0.5066666666666667
0.5066666666666667
0.5066666666666667
0.5
0.5
0.5033333333333333
0.5066666666666667
0.5066666666666667
0.5033333333333333
0.5033333333333333
0.5066666666666667
0.5066666666666667
0.5033333333333333
0.5033333333333333
0.5033333333333333
0.5033333333333333
0.5033333333333333
0.5066666666666667
0.5033333333333333
0.5033333333333333
0.5033333333333333
0.5066666666666667
0.5033333333333333
0.5033333333333333
0.5066666666666667
0.5033333333333333
0.5066666666666667
0.5033333333333333
0.5033333333333333
0.5033333333333333
0.5033333333333333
0.5066666666666667
0.5
0.5
0.5066666666666667
0.5
0.5033333333333333
0.5033333333333333
0.5033333333333333
0.5066666666666667
0.51
0.5033333333333333
0.5066666666666667
0.5
0.5033333333333333
0.5
0.5033333333333333
0.5066666666666667
0.5066666666666667
0.5
0.5
0.5033333333333333
0.5066666666666667
0.5033333333333333
0.5033333333333333
0.5033333333333333
0.5033333333333333
0.5033333333333333
0.5
0.5033333333333333
0.5033333333333333
0.5033333333333333
0.5066666666666667
0.5033333333333333
0.5033333333333333
0.5033333333333333
0.5066666666666667
0.5
0.5
0.5033333333333333
0.49666666666666665
0.5033333333333333
0.5
0.49666666666666665
0.49666666666666665
0.5033333333333333
0.49666666666666665
0.5033333333333333
0.5033333333333333
0.5
0.5
0.49666666666666665
0.5033333333333333
0.5
0.5
0.49666666666666665
0.49666666666666665
0.5
0.49666666666666665
0.5
0.5
0.5
0.49666666666666665
0.49666666666666665
0.49333333333333335
0.49777777777777776
0.5
0.5
0.49666666666666665
0.5
0.49666666666666665
0.49333333333333335
0.5033333333333333
0.49333333333333335
0.5
0.49666666666666665
0.49666666666666665
0.5
0.49666666666666665
0.5033333333333333
0.49666666666666665
0.5
0.49666666666666665
0.49666666666666665
0.5
0.49666666666666665
0.49333333333333335
0.49666666666666665
0.49666666666666665
0.49666666666666665
0.5033333333333333
0.5033333333333333
0.5033333333333333
0.49666666666666665
0.49666666666666665
0.5
0.5
0.5033333333333333
0.49666666666666665
0.5033333333333333
0.5
0.5
0.5
0.49666666666666665
0.49333333333333335
0.5066666666666667
0.5
0.5033333333333333
0.49666666666666665
0.5
0.5033333333333333
0.49666666666666665
0.5
0.5033333333333333
0.5033333333333333
0.5033333333333333
0.5066666666666667
0.49666666666666665
0.5033333333333333
0.5033333333333333
0.5
0.49666666666666665
0.5033333333333333
0.5
0.5
0.5066666666666667
0.5
0.5066666666666667
0.51
0.5033333333333333
0.5033333333333333
0.5033333333333333
0.5066666666666667
0.5033333333333333
0.5
0.5
0.5033333333333333
0.5033333333333333
0.49666666666666665
0.5
0.5
0.5033333333333333
0.5033333333333333
0.5
0.5
0.5
0.5
0.49666666666666665
0.5033333333333333
0.5
0.5
0.5033333333333333
0.5
0.5066666666666667
0.5033333333333333
0.5
0.5
0.5066666666666667
0.5
0.5
0.5
0.5
0.5033333333333333
0.5023923444976076
0.5066666666666667
0.5033333333333333
0.5
0.5
0.5033333333333333
0.5033333333333333
0.5033333333333333
0.5
0.5033333333333333
0.51
0.5
0.5033333333333333
0.49666666666666665
0.49666666666666665
0.5
0.5066666666666667
0.49666666666666665
0.5
0.5
0.5033333333333333
0.49666666666666665
0.5033333333333333
0.5033333333333333
0.5033333333333333
0.5066666666666667
0.49666666666666665
0.49666666666666665
0.5
0.5
0.5033333333333333
0.49666666666666665
0.5033333333333333
0.5
0.5
0.5
0.5033333333333333
0.5
0.49666666666666665
0.5033333333333333
0.49666666666666665
0.5
0.5033333333333333
0.5033333333333333
0.5033333333333333
0.49666666666666665
0.5
0.5
0.5033333333333333
0.5
0.5
0.5033333333333333
0.49666666666666665
0.5
0.5
0.5066666666666667
