0.4666666666666667
0.5185185185185185
0.5882352941176471
0.47058823529411764
0.5882352941176471
0.5
0.48
0.5714285714285714
0.5517241379310345
0.5217391304347826
0.5121951219512195
0.5238095238095238
0.375
0.5128205128205128
0.4666666666666667
0.4722222222222222
0.56
0.5833333333333334
0.42105263157894735
0.42857142857142855
0.36363636363636365
0.4772727272727273
0.4727272727272727
0.5
0.5636363636363636
0.5
0.5
0.45901639344262296
0.53125
0.5076923076923077
0.5
0.47368421052631576
0.5
0.5116279069767442
0.5
0.5116279069767442
0.4722222222222222
0.5333333333333333
0.47959183673469385
0.5
0.4857142857142857
0.5
0.46835443037974683
0.5
0.48
0.5
0.524390243902439
0.4888888888888889
0.509090909090909
0.5319148936170213
0.55
0.5172413793103449
0.47368421052631576
0.5348837209302325
0.52
0.5111111111111111
0.52
0.5357142857142857
0.4861111111111111
0.5116279069767442
0.4634146341463415
0.5
0.46296296296296297
0.47368421052631576
0.5352112676056338
0.5205479452054794
0.4473684210526316
0.475
0.4634146341463415
0.5180722891566265
0.5138888888888888
0.49122807017543857
0.5384615384615384
0.5263157894736842
0.43333333333333335
0.5232558139534884
0.4666666666666667
0.546875
0.5333333333333333
0.5294117647058824
0.5128205128205128
0.5272727272727272
0.5535714285714286
0.52
0.5476190476190477
0.5384615384615384
0.5416666666666666
0.5151515151515151
0.5232558139534884
0.4945054945054945
0.5185185185185185
0.5384615384615384
0.53125
0.5185185185185185
0.5192307692307693
0.5131578947368421
0.5333333333333333
0.52
0.5178571428571429
0.5434782608695652
0.5357142857142857
0.45569620253164556
0.5166666666666667
0.5375
0.5238095238095238
0.5
0.47333333333333333
0.5132743362831859
0.44155844155844154
0.5263157894736842
0.46296296296296297
0.4489795918367347
0.45098039215686275
0.5119047619047619
0.5434782608695652
0.42424242424242425
0.48484848484848486
0.4727272727272727
0.4883720930232558
0.4791666666666667
0.45652173913043476
0.5340909090909091
0.4782608695652174
0.4827586206896552
0.46808510638297873
0.48148148148148145
0.47619047619047616
0.4915254237288136
0.5
0.48148148148148145
0.4716981132075472
0.4722222222222222
0.46511627906976744
0.47126436781609193
0.4666666666666667
0.49473684210526314
0.45714285714285713
0.4528301886792453
0.47191011235955055
0.4603174603174603
0.475
0.4470588235294118
0.4375
0.49523809523809526
0.48360655737704916
0.43243243243243246
0.48333333333333334
0.4336283185840708
0.44166666666666665
0.48186528497409326
0.49624060150375937
0.5229357798165137
0.538961038961039
0.5393258426966292
0.5655737704918032
0.5142857142857142
0.5434782608695652
0.5166666666666667
0.5238095238095238
0.5254237288135594
0.5454545454545454
0.5614035087719298
0.5384615384615384
0.5166666666666667
0.5
0.52
0.5238095238095238
0.5428571428571428
0.5
0.53125
0.5
0.5588235294117647
0.5128205128205128
0.5
0.5263157894736842
0.5
0.52
0.5333333333333333
0.5238095238095238
0.4864864864864865
0.5263157894736842
0.5135135135135135
0.5277777777777778
0.5238095238095238
0.5142857142857142
0.5135135135135135
0.5333333333333333
0.5151515151515151
0.5517241379310345
0.5357142857142857
0.5277777777777778
0.48148148148148145
0.47058823529411764
0.5217391304347826
0.4838709677419355
0.5
0.5384615384615384
0.5161290322580645
0.5454545454545454
0.5294117647058824
0.48148148148148145
0.5185185185185185
0.5277777777777778
0.5277777777777778
0.5128205128205128
0.5217391304347826
0.5517241379310345
0.5116279069767442
0.5416666666666666
0.5277777777777778
0.5142857142857142
0.53125
0.5185185185185185
0.5263157894736842
0.5128205128205128
0.5416666666666666
0.5333333333333333
0.5365853658536586
0.5227272727272727
0.5573770491803278
0.5454545454545454
0.5185185185185185
0.5277777777777778
0.5423728813559322
0.5227272727272727
0.5294117647058824
0.5510204081632653
0.5526315789473685
0.5227272727272727
0.5151515151515151
0.5476190476190477
0.5365853658536586
0.5365853658536586
0.5283018867924528
0.5444444444444444
0.5306122448979592
0.5416666666666666
0.5081967213114754
0.5254237288135594
0.5522388059701493
0.525
0.5384615384615384
0.5555555555555556
0.5289855072463768
0.5314685314685315
0.5186721991701245
0.5098039215686274
0.5144927536231884
0.49696969696969695
0.5128205128205128
0.4722222222222222
0.43661971830985913
0.4810126582278481
0.4913294797687861
0.47058823529411764
0.44594594594594594
0.45977011494252873
0.45454545454545453
0.4507042253521127
0.44166666666666665
0.4657534246575342
0.4406779661016949
0.4716981132075472
0.48148148148148145
0.44696969696969696
0.448
0.45588235294117646
0.4742857142857143
0.46408839779005523
0.51
0.5292096219931272
0.5080645161290323
0.5055350553505535
0.5066666666666667
0.49666666666666665
0.4892703862660944
0.49173553719008267
0.5033333333333333
0.5
0.51
0.51
0.4866920152091255
0.5033333333333333
0.5066666666666667
0.5
0.5033333333333333
0.5033333333333333
0.506993006993007
0.49767441860465117
0.5108695652173914
0.5098039215686274
0.5222222222222223
0.5194805194805194
0.5263157894736842
0.5294117647058824
0.5217391304347826
0.5378787878787878
0.5416666666666666
0.5267857142857143
0.5378151260504201
0.5446428571428571
0.5412844036697247
0.5403225806451613
0.5555555555555556
0.5789473684210527
0.5576923076923077
0.5535714285714286
0.5555555555555556
0.5596330275229358
0.5523809523809524
0.5607476635514018
0.5567010309278351
0.5462184873949579
0.5535714285714286
0.5476190476190477
0.5447154471544715
0.5567010309278351
0.5483870967741935
0.5333333333333333
0.5254237288135594
0.5350877192982456
0.536
0.5298507462686567
0.5344827586206896
0.5365853658536586
0.5161290322580645
0.5384615384615384
0.5354330708661418
0.5275590551181102
0.5333333333333333
0.53125
0.5431034482758621
0.5398230088495575
0.5526315789473685
0.5486725663716814
0.5363636363636364
0.5666666666666667
0.5431034482758621
0.5581395348837209
0.5
0.5454545454545454
0.5454545454545454
0.5446428571428571
0.5294117647058824
0.5666666666666667
0.5309734513274337
0.5428571428571428
0.5514018691588785
0.56
0.5327102803738317
0.5555555555555556
0.5370370370370371
0.5384615384615384
0.5535714285714286
0.5373134328358209
0.5294117647058824
0.5238095238095238
0.5434782608695652
0.5369127516778524
0.532051282051282
0.5352112676056338
0.5434782608695652
0.535031847133758
0.5217391304347826
0.5286624203821656
0.5268817204301075
0.5344827586206896
0.5187165775401069
0.5222222222222223
0.5251396648044693
0.5202312138728323
0.518918918918919
0.5255102040816326
0.5263157894736842
0.5114155251141552
0.5173913043478261
0.521551724137931
0.5129310344827587
0.5121951219512195
0.5136186770428015
0.5135135135135135
0.5128205128205128
0.5066666666666667
0.5066666666666667
0.5066666666666667
0.5066666666666667
0.5088967971530249
0.5066666666666667
0.5158730158730159
0.5105633802816901
0.5150375939849624
0.5189873417721519
0.5306122448979592
0.5221674876847291
0.5263157894736842
0.5172413793103449
0.5227272727272727
0.52
0.5142857142857142
0.5202312138728323
0.5283018867924528
0.5308641975308642
0.5310734463276836
0.525974025974026
0.5056179775280899
0.543046357615894
0.5256410256410257
0.5337423312883436
0.5223880597014925
0.5379746835443038
0.5238095238095238
0.5290322580645161
0.5481481481481482
0.5314685314685315
0.5389221556886228
0.5298013245033113
0.5359477124183006
0.5257142857142857
0.5157232704402516
0.5333333333333333
0.5289855072463768
0.5454545454545454
0.5220588235294118
0.519774011299435
0.5253164556962026
0.5192307692307693
0.54
0.5625
0.547945205479452
0.5238095238095238
0.5142857142857142
0.5290322580645161
0.5104895104895105
0.5182481751824818
0.47058823529411764
0.5256410256410257
0.528
0.525974025974026
0.5531914893617021
0.5075757575757576
0.5227272727272727
0.5214285714285715
0.5197368421052632
0.5337837837837838
0.5
0.5448275862068965
0.5304347826086957
0.5074626865671642
0.5625
0.5179856115107914
0.5172413793103449
0.5202702702702703
0.5
0.5434782608695652
0.5253164556962026
0.5328467153284672
0.5467625899280576
0.5267857142857143
0.5277777777777778
0.5217391304347826
0.5240963855421686
0.5344827586206896
0.5
0.5345911949685535
0.543046357615894
0.5343511450381679
0.5238095238095238
0.532051282051282
0.5153374233128835
0.5319148936170213
0.5308641975308642
0.5290322580645161
0.5365853658536586
0.5289855072463768
0.5298013245033113
0.5283018867924528
0.5238095238095238
0.5365853658536586
0.5379746835443038
0.5229885057471264
0.5434782608695652
0.5263157894736842
0.5352941176470588
0.5238095238095238
0.528169014084507
0.5288461538461539
0.5375
0.5287356321839081
0.5405405405405406
0.536723163841808
0.5357142857142857
0.5307262569832403
0.5238095238095238
0.5233160621761658
0.5294117647058824
0.53125
0.5294117647058824
0.5321637426900585
0.5178571428571429
0.518348623853211
0.5174129353233831
0.5327102803738317
0.5174418604651163
0.5135135135135135
0.5163636363636364
0.516260162601626
0.49333333333333335
0.5180722891566265
0.5033333333333333
0.5066666666666667
0.5066666666666667
0.49333333333333335
0.5
0.49333333333333335
0.49666666666666665
0.4847328244274809
0.4930555555555556
0.4798206278026906
0.4856115107913669
0.48412698412698413
0.4794520547945205
0.48
0.49065420560747663
0.4855769230769231
0.4857142857142857
0.4742268041237113
0.4787234042553192
0.46987951807228917
0.47342995169082125
0.47150259067357514
0.4482758620689655
0.4782608695652174
0.4715909090909091
0.4774193548387097
0.4723926380368098
0.46296296296296297
0.4722222222222222
0.4645161290322581
0.4594594594594595
0.4808743169398907
0.47770700636942676
0.46938775510204084
0.47058823529411764
0.4682080924855491
0.4652777777777778
0.46496815286624205
0.480225988700565
0.463855421686747
0.4808743169398907
0.48125
0.4662576687116564
0.48427672955974843
0.4808743169398907
0.4764705882352941
0.4817073170731707
0.47398843930635837
0.47058823529411764
0.4793814432989691
0.48404255319148937
0.4801980198019802
0.48663101604278075
0.4810810810810811
0.4810810810810811
0.4764705882352941
0.484304932735426
0.4782608695652174
0.48878923766816146
0.484304932735426
0.48826291079812206
0.49166666666666664
0.48739495798319327
0.49333333333333335
0.4880952380952381
0.4921875
0.49
0.49
0.49454545454545457
0.49666666666666665
0.49666666666666665
0.5033333333333333
0.5
0.48333333333333334
0.49666666666666665
0.49333333333333335
0.49666666666666665
0.49333333333333335
0.5
0.49666666666666665
0.49666666666666665
0.49333333333333335
0.49666666666666665
0.5
0.5
0.5
0.49666666666666665
0.49666666666666665
0.5
0.49666666666666665
0.49
0.49666666666666665
0.5
0.49666666666666665
0.5
0.49666666666666665
0.49666666666666665
0.5
0.49333333333333335
0.49333333333333335
0.49666666666666665
0.49333333333333335
0.49333333333333335
0.49333333333333335
0.49
0.49097472924187724
0.4878048780487805
0.49242424242424243
0.4859437751004016
0.48214285714285715
0.48360655737704916
0.4782608695652174
0.48044692737430167
0.46774193548387094
0.483695652173913
0.47752808988764045
0.4808743169398907
0.48148148148148145
0.47282608695652173
0.4645161290322581
0.47305389221556887
0.4852941176470588
0.46710526315789475
0.4797297297297297
0.474025974025974
0.47333333333333333
0.4860335195530726
0.46
0.4594594594594595
0.47058823529411764
0.4601226993865031
0.474025974025974
0.4661016949152542
0.4652777777777778
0.4642857142857143
0.4755244755244755
0.47530864197530864
0.46715328467153283
0.4701492537313433
0.4772727272727273
0.4632352941176471
0.46564885496183206
0.456
0.4696969696969697
0.45985401459854014
0.456
0.4596774193548387
0.4444444444444444
0.460431654676259
0.46923076923076923
0.4634146341463415
0.45901639344262296
0.46405228758169936
0.47560975609756095
0.46853146853146854
0.4625
0.4779874213836478
0.4647887323943662
0.47023809523809523
0.4759036144578313
0.4695121951219512
0.48128342245989303
0.4722222222222222
0.47596153846153844
0.4808510638297872
0.481651376146789
0.48660714285714285
0.4845814977973568
0.4863636363636364
0.484375
0.47794117647058826
0.48792270531400966
0.4827586206896552
0.4892703862660944
0.4909090909090909
0.5
0.49
0.4882943143812709
0.4790874524714829
0.4897959183673469
0.4844961240310077
0.48363636363636364
0.48846153846153845
0.4861111111111111
0.48727272727272725
0.48951048951048953
0.484375
0.4816326530612245
0.4846153846153846
0.4897260273972603
0.4810126582278481
0.49049429657794674
0.4843205574912892
0.4845360824742268
0.4766355140186916
0.49333333333333335
0.48507462686567165
0.4808510638297872
0.48464163822525597
0.48292682926829267
0.4766355140186916
0.4794520547945205
0.4841628959276018
0.4811320754716981
0.4793814432989691
0.4767932489451477
0.4811320754716981
0.48186528497409326
0.4845360824742268
0.4830917874396135
0.47474747474747475
0.4720812182741117
0.47058823529411764
0.47752808988764045
0.4845360824742268
0.47398843930635837
0.4764705882352941
0.4808743169398907
0.47126436781609193
0.48484848484848486
0.4690721649484536
0.47191011235955055
0.4797297297297297
0.4748603351955307
0.47560975609756095
0.47540983606557374
0.4691358024691358
0.474025974025974
0.47398843930635837
0.4723926380368098
0.46285714285714286
0.4782608695652174
0.4607329842931937
0.48125
0.475
0.46621621621621623
0.4725274725274725
0.4662576687116564
0.47435897435897434
0.4675324675324675
0.4657534246575342
0.46835443037974683
0.4755244755244755
0.4642857142857143
0.460431654676259
0.4691358024691358
0.47058823529411764
0.46794871794871795
0.4647887323943662
0.46835443037974683
0.4642857142857143
0.45774647887323944
0.4785714285714286
0.4626865671641791
0.47619047619047616
0.4779874213836478
0.4652777777777778
0.4621212121212121
0.4720496894409938
0.4585987261146497
0.45588235294117646
0.47586206896551725
0.4713375796178344
0.48031496062992124
0.4793388429752066
0.452991452991453
0.45255474452554745
0.46875
0.46153846153846156
0.47058823529411764
0.4672131147540984
0.47413793103448276
0.46218487394957986
0.46875
0.4666666666666667
0.4645669291338583
0.46551724137931033
0.46808510638297873
0.4666666666666667
0.4672131147540984
0.47058823529411764
0.46564885496183206
0.4626865671641791
0.47019867549668876
0.4642857142857143
0.47761194029850745
0.47058823529411764
0.47368421052631576
0.4732824427480916
0.47560975609756095
0.46774193548387094
0.4689655172413793
0.4666666666666667
0.4473684210526316
0.47619047619047616
0.4782608695652174
0.4722222222222222
0.477124183006536
0.47770700636942676
0.4722222222222222
0.4881889763779528
0.4726027397260274
0.475
0.46745562130177515
0.47368421052631576
0.47368421052631576
0.47244094488188976
0.4791666666666667
0.47770700636942676
0.4774193548387097
0.46808510638297873
0.47096774193548385
0.477124183006536
0.47619047619047616
0.47586206896551725
0.4720496894409938
0.47530864197530864
0.4759036144578313
0.48026315789473684
0.47368421052631576
0.4805194805194805
0.477124183006536
0.47468354430379744
0.4861111111111111
0.4759036144578313
0.48201438848920863
0.4714285714285714
0.48
0.47619047619047616
0.46794871794871795
0.4810126582278481
0.477124183006536
0.47619047619047616
0.47333333333333333
0.4785276073619632
0.4864864864864865
0.4774193548387097
0.4827586206896552
0.46835443037974683
0.47651006711409394
0.47337278106508873
0.477124183006536
0.47468354430379744
0.47928994082840237
0.4697986577181208
0.4785276073619632
0.47333333333333333
0.48502994011976047
0.47752808988764045
0.4779874213836478
0.48255813953488375
0.4230769230769231
0.48520710059171596
0.4685714285714286
0.48125
0.4731182795698925
0.47126436781609193
0.48404255319148937
0.4634146341463415
0.47674418604651164
0.4842105263157895
0.4708994708994709
0.45714285714285713
0.478494623655914
0.4918918918918919
0.4855769230769231
0.4810810810810811
0.4878048780487805
0.49029126213592233
0.4954545454545455
0.48148148148148145
0.4897959183673469
0.4835680751173709
0.4845360824742268
0.4927536231884058
0.47058823529411764
0.4851063829787234
0.4900990099009901
0.48717948717948717
0.4890829694323144
0.4830917874396135
0.4835680751173709
0.4892703862660944
0.48704663212435234
0.48792270531400966
0.4824120603015075
0.49344978165938863
0.49523809523809526
0.48936170212765956
0.49327354260089684
0.4954545454545455
0.4909090909090909
0.49159663865546216
0.4930875576036866
0.4936708860759494
0.4965034965034965
0.49344978165938863
0.4980237154150198
0.49107142857142855
0.4791666666666667
0.4791666666666667
0.5033333333333333
0.49666666666666665
0.5
0.5066666666666667
0.51
0.49609375
0.5033333333333333
0.5029239766081871
0.5
0.5033333333333333
0.51
0.46236559139784944
0.51
0.4854368932038835
0.5033333333333333
0.5066666666666667
0.4845360824742268
0.49097472924187724
0.5066666666666667
0.48
0.5
0.484375
0.45161290322580644
0.4961832061068702
0.4981132075471698
0.49056603773584906
0.4898785425101215
0.488
0.49122807017543857
0.4892086330935252
0.4628099173553719
0.4642857142857143
0.49624060150375937
0.4661016949152542
0.4782608695652174
0.45614035087719296
0.46825396825396826
0.45689655172413796
0.45871559633027525
0.44554455445544555
0.45614035087719296
0.4392523364485981
0.44954128440366975
0.45
0.43
0.43564356435643564
0.43478260869565216
0.4339622641509434
0.43137254901960786
0.425531914893617
0.4339622641509434
0.40860215053763443
0.43636363636363634
0.43478260869565216
0.4215686274509804
0.4444444444444444
0.43333333333333335
0.4105263157894737
0.43636363636363634
0.4266666666666667
0.42574257425742573
0.41836734693877553
0.4523809523809524
0.4444444444444444
0.43137254901960786
0.4375
0.42424242424242425
0.46153846153846156
0.4444444444444444
0.45652173913043476
0.46153846153846156
0.4375
0.43333333333333335
0.47368421052631576
0.421875
0.4444444444444444
0.43548387096774194
0.43478260869565216
0.4444444444444444
0.4489795918367347
0.45652173913043476
0.43478260869565216
0.45454545454545453
0.43902439024390244
0.44680851063829785
0.4318181818181818
0.42201834862385323
0.4358974358974359
0.42424242424242425
0.4444444444444444
0.4375
