0.4700854700854701
0.47540983606557374
0.4745762711864407
0.46956521739130436
0.4563106796116505
0.472
0.4642857142857143
0.4485981308411215
0.45535714285714285
0.46017699115044247
0.45871559633027525
0.46153846153846156
0.4608695652173913
0.44339622641509435
0.4444444444444444
0.4491525423728814
0.45217391304347826
0.44
0.45132743362831856
0.4424778761061947
0.43564356435643564
0.4392523364485981
0.42
0.43636363636363634
0.4424778761061947
0.43243243243243246
0.4270833333333333
0.42857142857142855
0.43023255813953487
0.42424242424242425
0.41414141414141414
0.4268292682926829
0.425531914893617
0.4111111111111111
0.41975308641975306
0.4117647058823529
0.4126984126984127
0.4418604651162791
0.45714285714285713
0.4225352112676056
0.42857142857142855
0.4583333333333333
0.421875
0.45714285714285713
0.4318181818181818
0.43902439024390244
0.4418604651162791
0.42857142857142855
0.4222222222222222
0.48148148148148145
0.42592592592592593
0.4827586206896552
0.4318181818181818
0.43333333333333335
0.42857142857142855
0.425531914893617
0.425
0.4482758620689655
0.45454545454545453
0.42857142857142855
0.4444444444444444
0.4482758620689655
0.45714285714285713
0.4418604651162791
0.42424242424242425
0.4318181818181818
0.43478260869565216
0.43243243243243246
0.42105263157894735
0.43333333333333335
0.4222222222222222
0.4411764705882353
0.4583333333333333
0.43902439024390244
0.43243243243243246
0.43478260869565216
0.4411764705882353
0.4444444444444444
0.43478260869565216
0.4583333333333333
0.4782608695652174
0.43243243243243246
0.45161290322580644
0.4411764705882353
0.4482758620689655
0.4482758620689655
0.45161290322580644
0.4411764705882353
0.4782608695652174
0.4375
0.43902439024390244
0.4583333333333333
0.4482758620689655
0.4186046511627907
0.4642857142857143
0.4444444444444444
0.4411764705882353
0.4583333333333333
0.43902439024390244
0.45161290322580644
0.4411764705882353
0.4375
0.4444444444444444
0.4482758620689655
0.4418604651162791
0.44
0.43243243243243246
0.48
0.45454545454545453
0.48484848484848486
0.43333333333333335
0.42857142857142855
0.4482758620689655
0.4482758620689655
0.4375
0.4444444444444444
0.4642857142857143
0.48
0.4411764705882353
0.43243243243243246
0.42424242424242425
0.4230769230769231
0.4827586206896552
0.46875
0.4166666666666667
0.43478260869565216
0.43902439024390244
0.40298507462686567
0.4418604651162791
0.46153846153846156
0.4583333333333333
0.45
0.4358974358974359
0.4594594594594595
0.4482758620689655
0.4166666666666667
0.45161290322580644
0.45161290322580644
0.4126984126984127
0.4782608695652174
0.45161290322580644
0.4444444444444444
0.41818181818181815
0.4418604651162791
0.44
0.45161290322580644
0.4222222222222222
0.47619047619047616
0.4375
0.48
0.45454545454545453
0.44
0.4411764705882353
0.42105263157894735
0.44
0.4642857142857143
0.43333333333333335
0.42857142857142855
0.4153846153846154
0.46153846153846156
0.4583333333333333
0.4583333333333333
0.4583333333333333
0.47368421052631576
0.42857142857142855
0.43478260869565216
0.4642857142857143
0.43333333333333335
0.42424242424242425
0.4111111111111111
0.46153846153846156
0.45714285714285713
0.4444444444444444
0.44
0.45
0.45161290322580644
0.4583333333333333
0.4642857142857143
0.47058823529411764
0.43478260869565216
0.4444444444444444
0.4583333333333333
0.5
0.4642857142857143
0.48
0.45161290322580644
0.46153846153846156
0.4583333333333333
0.4642857142857143
0.45454545454545453
0.43333333333333335
0.42857142857142855
0.45454545454545453
0.45454545454545453
0.42857142857142855
0.4222222222222222
0.45454545454545453
0.4375
0.5
0.42857142857142855
0.45161290322580644
0.47368421052631576
0.4444444444444444
0.4375
0.4583333333333333
0.4583333333333333
0.42857142857142855
0.5
0.4375
0.4444444444444444
0.47619047619047616
0.42424242424242425
0.4358974358974359
0.45
0.41304347826086957
0.43243243243243246
0.45454545454545453
0.4444444444444444
0.4270833333333333
0.43243243243243246
0.42424242424242425
0.41935483870967744
0.41935483870967744
0.42574257425742573
0.4270833333333333
0.43137254901960786
0.42718446601941745
0.422680412371134
0.4326923076923077
0.43137254901960786
0.42857142857142855
0.42857142857142855
0.4166666666666667
0.4235294117647059
0.4166666666666667
0.43137254901960786
0.42857142857142855
0.4126984126984127
0.4305555555555556
0.4444444444444444
0.43548387096774194
0.4166666666666667
0.4230769230769231
0.43859649122807015
0.42424242424242425
0.4375
0.4489795918367347
0.425
0.43333333333333335
0.43478260869565216
0.425531914893617
0.45
0.43636363636363634
0.42857142857142855
0.41818181818181815
0.44285714285714284
0.43478260869565216
0.4358974358974359
0.43478260869565216
0.4444444444444444
0.4473684210526316
0.42857142857142855
0.46153846153846156
0.43103448275862066
0.43902439024390244
0.45714285714285713
0.44680851063829785
0.4473684210526316
0.43636363636363634
0.42857142857142855
0.4307692307692308
0.43333333333333335
0.42857142857142855
0.43902439024390244
0.4222222222222222
0.4444444444444444
0.43902439024390244
0.43243243243243246
0.4418604651162791
0.43478260869565216
0.4473684210526316
0.4523809523809524
0.4473684210526316
0.48148148148148145
0.4318181818181818
0.4418604651162791
0.4482758620689655
0.4444444444444444
0.4411764705882353
0.42857142857142855
0.45161290322580644
0.4444444444444444
0.4482758620689655
0.48
0.45714285714285713
0.4444444444444444
0.43333333333333335
0.47619047619047616
0.43478260869565216
0.44
0.44
0.44
0.4411764705882353
0.4666666666666667
0.45
0.4482758620689655
0.4583333333333333
0.4666666666666667
0.5263157894736842
0.43478260869565216
0.48148148148148145
0.4782608695652174
0.4482758620689655
0.4482758620689655
0.42857142857142855
0.47368421052631576
0.45454545454545453
0.4583333333333333
0.44
0.46153846153846156
0.5
0.46153846153846156
0.45161290322580644
0.47619047619047616
0.46153846153846156
0.4642857142857143
0.45161290322580644
0.47619047619047616
0.4583333333333333
0.43478260869565216
0.47619047619047616
0.4583333333333333
0.4482758620689655
0.5
0.45454545454545453
0.4583333333333333
0.47368421052631576
0.4666666666666667
0.42857142857142855
0.4583333333333333
0.46875
0.47619047619047616
0.4782608695652174
0.44
0.48
0.5
0.45454545454545453
0.5
0.4782608695652174
0.5
0.44
0.5
0.4583333333333333
0.47619047619047616
0.47368421052631576
0.47368421052631576
0.48
0.45454545454545453
0.45454545454545453
0.45454545454545453
0.43478260869565216
0.47058823529411764
0.4782608695652174
0.5333333333333333
0.45
0.45
0.46153846153846156
0.5
0.4583333333333333
0.46153846153846156
0.5
0.4444444444444444
0.47368421052631576
0.5
0.4482758620689655
0.42105263157894735
0.5
0.4444444444444444
0.4666666666666667
0.4666666666666667
0.47619047619047616
0.5
0.4666666666666667
0.47058823529411764
0.4444444444444444
0.4583333333333333
0.5263157894736842
0.47368421052631576
0.5
0.5
0.5333333333333333
0.47619047619047616
0.47368421052631576
0.47058823529411764
0.4666666666666667
0.5
0.5
0.5
0.47368421052631576
0.5294117647058824
0.47619047619047616
0.4782608695652174
0.47058823529411764
0.47058823529411764
0.5263157894736842
0.47619047619047616
0.5
0.5384615384615384
0.5
0.4666666666666667
0.5333333333333333
0.5
0.4666666666666667
0.5263157894736842
0.5
0.5
0.5294117647058824
0.5454545454545454
0.5384615384615384
0.5
0.5333333333333333
0.5294117647058824
0.5
0.5
0.5263157894736842
0.5384615384615384
0.6363636363636364
0.5384615384615384
0.5294117647058824
0.5384615384615384
0.5555555555555556
0.4666666666666667
0.4666666666666667
0.5294117647058824
0.5
0.47058823529411764
0.5
0.5384615384615384
0.5625
0.5833333333333334
0.5
0.5
0.5384615384615384
0.5384615384615384
0.5
0.5
0.5
0.45454545454545453
0.5714285714285714
0.5384615384615384
0.5
0.5
0.5454545454545454
0.5384615384615384
0.6666666666666666
0.5714285714285714
0.5
0.5333333333333333
0.5454545454545454
0.5384615384615384
0.6363636363636364
0.5833333333333334
0.5294117647058824
0.5333333333333333
0.5
0.7
0.5454545454545454
0.5714285714285714
0.5333333333333333
0.5384615384615384
0.5
0.5454545454545454
0.5833333333333334
0.5
0.4666666666666667
0.5714285714285714
0.6
0.6
0.5714285714285714
0.5833333333333334
0.5
0.5384615384615384
0.5384615384615384
0.6153846153846154
0.5
0.5454545454545454
0.5384615384615384
0.5833333333333334
0.5
0.5833333333333334
0.5714285714285714
0.5714285714285714
0.6363636363636364
0.5384615384615384
0.5714285714285714
0.5
0.6
0.6
0.5833333333333334
0.5833333333333334
0.5454545454545454
0.6
0.5384615384615384
0.5454545454545454
0.5833333333333334
0.5833333333333334
0.5833333333333334
0.6363636363636364
0.6
0.5833333333333334
0.5714285714285714
0.5384615384615384
0.6363636363636364
0.6153846153846154
0.6363636363636364
0.5
0.7
0.6666666666666666
0.5454545454545454
0.5714285714285714
0.5833333333333334
0.6363636363636364
0.6666666666666666
0.5454545454545454
0.6666666666666666
0.7777777777777778
0.6363636363636364
0.6666666666666666
0.6363636363636364
0.7
0.5384615384615384
0.6363636363636364
0.6363636363636364
0.7
0.7272727272727273
0.6666666666666666
0.7
0.6153846153846154
0.7
0.6666666666666666
0.5454545454545454
0.6363636363636364
0.7
0.6363636363636364
0.5833333333333334
0.7272727272727273
0.7272727272727273
0.6
0.7
0.7
0.6666666666666666
0.7
0.8181818181818182
0.8
0.6666666666666666
0.6
0.7272727272727273
0.7
0.8
0.7
0.6363636363636364
0.7272727272727273
0.8
0.8181818181818182
0.6666666666666666
0.7777777777777778
0.8888888888888888
0.6153846153846154
0.8181818181818182
0.7
0.8
0.7
0.7
0.7
0.7
0.8
0.7777777777777778
0.75
0.9090909090909091
0.7272727272727273
0.7
0.8
0.8888888888888888
0.7272727272727273
0.75
0.8
0.7777777777777778
0.7777777777777778
0.8181818181818182
0.875
0.8888888888888888
0.6666666666666666
0.8181818181818182
1.0
0.7272727272727273
0.8181818181818182
0.7272727272727273
0.7272727272727273
0.8888888888888888
0.8
0.7777777777777778
0.9
0.7272727272727273
0.8888888888888888
0.8
0.9
0.8
0.8
0.8888888888888888
1.0
0.8181818181818182
0.8
0.8888888888888888
0.7777777777777778
0.8181818181818182
0.875
0.8181818181818182
0.75
0.8888888888888888
0.7777777777777778
0.8
0.9
0.8
0.9
0.7777777777777778
0.7272727272727273
1.0
0.8888888888888888
0.8181818181818182
0.8181818181818182
0.9
0.8181818181818182
0.9
0.8
0.8888888888888888
0.9
0.875
0.9
0.7777777777777778
0.9
0.9
0.8
0.8888888888888888
0.9
0.9
0.8888888888888888
0.8888888888888888
0.9
0.9
1.0
1.0
0.9
0.8
1.0
0.9
0.9
0.8888888888888888
0.8888888888888888
1.0
1.0
1.0
0.8888888888888888
1.0
1.0
0.875
0.8888888888888888
0.7
1.0
1.0
0.8888888888888888
0.9
0.8181818181818182
0.9
1.0
0.8888888888888888
0.9
0.8888888888888888
0.9
1.0
0.875
1.0
0.8888888888888888
1.0
0.8888888888888888
0.9
0.9
1.0
0.8181818181818182
1.0
0.9090909090909091
1.0
1.0
0.9
0.8888888888888888
0.8888888888888888
1.0
0.9
1.0
1.0
1.0
1.0
0.8888888888888888
1.0
1.0
0.9
0.9
1.0
1.0
0.875
0.8888888888888888
1.0
0.875
1.0
1.0
1.0
1.0
1.0
1.0
1.0
1.0
1.0
0.8888888888888888
0.9
1.0
1.0
0.9
1.0
1.0
1.0
1.0
0.9
1.0
1.0
1.0
0.875
0.8888888888888888
1.0
1.0
1.0
1.0
1.0
1.0
1.0
1.0
1.0
0.9
0.8888888888888888
1.0
1.0
1.0
1.0
1.0
1.0
1.0
1.0
1.0
1.0
1.0
1.0
0.8888888888888888
1.0
1.0
1.0
1.0
1.0
1.0
0.8888888888888888
1.0
1.0
1.0
1.0
0.9
1.0
1.0
1.0
0.9
0.9090909090909091
1.0
1.0
1.0
1.0
1.0
1.0
1.0
1.0
1.0
0.9090909090909091
1.0
1.0
1.0
1.0
1.0
1.0
1.0
0.8888888888888888
1.0
1.0
1.0
1.0
1.0
1.0
1.0
1.0
1.0
1.0
1.0
1.0
1.0
1.0
1.0
0.9
1.0
1.0
1.0
1.0
1.0
1.0
1.0
1.0
1.0
1.0
1.0
1.0
1.0
1.0
1.0
1.0
1.0
1.0
1.0
0.9
1.0
1.0
1.0
1.0
0.9
1.0
1.0
1.0
1.0
1.0
1.0
1.0
1.0
1.0
1.0
1.0
1.0
0.8888888888888888
1.0
1.0
1.0
1.0
1.0
1.0
1.0
0.9
1.0
1.0
1.0
1.0
1.0
1.0
1.0
1.0
1.0
1.0
1.0
1.0
1.0
1.0
1.0
1.0
1.0
1.0
1.0
1.0
1.0
1.0
1.0
1.0
1.0
1.0
1.0
1.0
1.0
1.0
1.0
1.0
1.0
1.0
1.0
1.0
1.0
1.0
1.0
1.0
1.0
1.0
1.0
1.0
0.875
1.0
1.0
1.0
1.0
1.0
1.0
1.0
1.0
1.0
0.9
1.0
1.0
1.0
1.0
1.0
1.0
1.0
1.0
1.0
1.0
1.0
1.0
1.0
1.0
1.0
1.0
1.0
1.0
1.0
1.0
1.0
1.0
1.0
1.0
1.0
1.0
1.0
1.0
1.0
1.0
1.0
1.0
1.0
1.0
1.0
1.0
1.0
1.0
1.0
1.0
1.0
1.0
1.0
1.0
1.0
1.0
1.0
1.0
1.0
1.0
1.0
1.0
1.0
1.0
1.0
1.0
1.0
1.0
1.0
1.0
1.0
1.0
1.0
1.0
1.0
1.0
1.0
1.0
1.0
1.0
1.0
1.0
1.0
1.0
1.0
0.8888888888888888
1.0
1.0
1.0
1.0
1.0
1.0
1.0
1.0
1.0
1.0
1.0
1.0
