0.56
0.7142857142857143
0.5714285714285714
0.4444444444444444
0.6363636363636364
0.4444444444444444
0.5116279069767442
0.5517241379310345
0.6666666666666666
0.5
0.5
0.6666666666666666
0.47368421052631576
0.5294117647058824
0.7272727272727273
0.5217391304347826
0.8181818181818182
0.5
0.5
0.5714285714285714
0.6470588235294118
0.5
0.46875
0.5
0.5
0.5
0.4838709677419355
0.5
0.5263157894736842
0.5
0.52
0.5
0.5
0.5
0.42105263157894735
0.5066666666666667
0.4807692307692308
0.4897959183673469
0.5
0.35294117647058826
0.5217391304347826
0.47619047619047616
0.5238095238095238
0.46153846153846156
0.42857142857142855
0.48
0.4
0.4444444444444444
0.4375
0.45161290322580644
0.47368421052631576
0.2727272727272727
0.44
0.4782608695652174
0.3333333333333333
0.44
0.47058823529411764
0.4166666666666667
0.5
0.45
0.45
0.47058823529411764
0.42857142857142855
0.45
0.4444444444444444
0.4117647058823529
0.35714285714285715
0.4117647058823529
0.4166666666666667
0.38461538461538464
0.4
0.4583333333333333
0.47058823529411764
0.5185185185185185
0.5333333333333333
0.4444444444444444
0.4745762711864407
0.4230769230769231
0.45
0.48
0.4375
0.5
0.41935483870967744
0.4666666666666667
0.47619047619047616
0.4
0.5185185185185185
0.45
0.5
0.49411764705882355
0.5
0.5
0.5
0.48484848484848486
0.4791666666666667
0.5142857142857142
0.4827586206896552
0.5277777777777778
0.5254237288135594
0.525
0.4782608695652174
0.46511627906976744
0.5
0.5238095238095238
0.4666666666666667
0.52
0.48484848484848486
0.4666666666666667
0.5
0.4931506849315068
0.5
0.4827586206896552
0.47368421052631576
0.4857142857142857
0.5362318840579711
0.5045045045045045
0.48484848484848486
0.5294117647058824
0.49056603773584906
0.4878048780487805
0.48484848484848486
0.4897959183673469
0.4878048780487805
0.4864864864864865
0.4878048780487805
0.5476190476190477
0.5
0.4883720930232558
0.4888888888888889
0.5
0.48214285714285715
0.5
0.4883720930232558
0.46875
0.4745762711864407
0.46153846153846156
0.5
0.48484848484848486
0.5
0.4857142857142857
0.48148148148148145
0.4423076923076923
0.47619047619047616
0.4666666666666667
0.5175438596491229
0.48148148148148145
0.49122807017543857
0.4666666666666667
0.47297297297297297
0.47540983606557374
0.48484848484848486
0.46153846153846156
0.4931506849315068
0.48148148148148145
0.4883720930232558
0.4523809523809524
0.5
0.5268817204301075
0.4666666666666667
0.47368421052631576
0.5283018867924528
0.4594594594594595
0.4861111111111111
0.5
0.46153846153846156
0.46153846153846156
0.4583333333333333
0.4864864864864865
0.46808510638297873
0.5398230088495575
0.4782608695652174
0.484375
0.46551724137931033
0.47435897435897434
0.48936170212765956
0.46875
0.4845360824742268
0.45454545454545453
0.45
0.4722222222222222
0.49514563106796117
0.4583333333333333
0.4883720930232558
0.45652173913043476
0.47560975609756095
0.4666666666666667
0.47297297297297297
0.49038461538461536
0.44
0.47368421052631576
0.4805194805194805
0.46296296296296297
0.47540983606557374
0.48148148148148145
0.46774193548387094
0.4657534246575342
0.4788732394366197
0.5178571428571429
0.48299319727891155
0.5405405405405406
0.5230769230769231
0.5405405405405406
0.5492957746478874
0.5028571428571429
0.5205479452054794
0.5257731958762887
0.5441176470588235
0.5035971223021583
0.5490196078431373
0.5357142857142857
0.5308641975308642
0.45569620253164556
0.5294117647058824
0.5333333333333333
0.55
0.5102040816326531
0.5135135135135135
0.5370370370370371
0.5268817204301075
0.5147058823529411
0.5294117647058824
0.4824561403508772
0.5376344086021505
0.4642857142857143
0.48372093023255813
0.4675324675324675
0.47368421052631576
0.45454545454545453
0.46774193548387094
0.4805194805194805
0.453125
0.4716981132075472
0.44776119402985076
0.4406779661016949
0.47368421052631576
0.4528301886792453
0.46153846153846156
0.5031446540880503
0.4657534246575342
0.47560975609756095
0.4880952380952381
0.4666666666666667
0.45
0.5263157894736842
0.47586206896551725
0.46153846153846156
0.47619047619047616
0.4666666666666667
0.46835443037974683
0.532608695652174
0.53
0.5299145299145299
0.45714285714285713
0.46153846153846156
0.48
0.4825174825174825
0.47058823529411764
0.4642857142857143
0.5384615384615384
0.4731182795698925
0.46236559139784944
0.43243243243243246
0.4666666666666667
0.5210526315789473
0.532258064516129
0.4583333333333333
0.4714285714285714
0.47619047619047616
0.4594594594594595
0.4631578947368421
0.46153846153846156
0.47058823529411764
0.5279503105590062
0.4797297297297297
0.5344827586206896
0.47244094488188976
0.5379746835443038
0.4625
0.45161290322580644
0.47115384615384615
0.5220125786163522
0.5510204081632653
0.4883720930232558
0.47685185185185186
0.4533333333333333
0.4782608695652174
0.4444444444444444
0.5283018867924528
0.5
0.5083798882681564
0.4590909090909091
0.5197368421052632
0.5
0.5212121212121212
0.5333333333333333
0.509090909090909
0.5472972972972973
0.5379746835443038
0.5203252032520326
0.5310344827586206
0.5625
0.5303030303030303
0.5433070866141733
0.5673076923076923
0.5461538461538461
0.5467625899280576
0.5546875
0.5357142857142857
0.5308641975308642
0.5590551181102362
0.5490196078431373
0.5609756097560976
0.5512820512820513
0.5645161290322581
0.5576923076923077
0.5421686746987951
0.5765765765765766
0.5555555555555556
0.5370370370370371
0.5443037974683544
0.5303030303030303
0.5660377358490566
0.5238095238095238
0.5555555555555556
0.5576923076923077
0.5423728813559322
0.5512820512820513
0.547945205479452
0.5555555555555556
0.5507246376811594
0.5352112676056338
0.5714285714285714
0.5422535211267606
0.5546218487394958
0.5652173913043478
0.5841584158415841
0.5405405405405406
0.5370370370370371
0.5478260869565217
0.5630252100840336
0.5390625
0.5784313725490197
0.5625
0.5461538461538461
0.55
0.580952380952381
0.5636363636363636
0.5190839694656488
0.5584415584415584
0.5483870967741935
0.5345911949685535
0.5253164556962026
0.5294117647058824
0.5071428571428571
0.5180722891566265
0.5028901734104047
0.47593582887700536
0.49074074074074076
0.5163934426229508
0.5101214574898786
0.5019762845849802
0.5086206896551724
0.5120481927710844
0.509090909090909
0.48226950354609927
0.5225806451612903
0.5029585798816568
0.4845360824742268
0.4714285714285714
0.48672566371681414
0.4796747967479675
0.5
0.49612403100775193
0.5031446540880503
0.5
0.4881889763779528
0.4861111111111111
0.488
0.4794520547945205
0.47761194029850745
0.4632352941176471
0.4772727272727273
0.46774193548387094
0.4666666666666667
0.4392523364485981
0.47413793103448276
0.4732824427480916
0.4473684210526316
0.4426229508196721
0.456
0.45132743362831856
0.44680851063829785
0.4444444444444444
0.45901639344262296
0.4406779661016949
0.4666666666666667
0.4318181818181818
0.45132743362831856
0.43859649122807015
0.43
0.44537815126050423
0.4392523364485981
0.4520547945205479
0.47619047619047616
0.46825396825396826
0.4444444444444444
0.45098039215686275
0.4444444444444444
0.45588235294117646
0.44339622641509435
0.4700854700854701
0.47058823529411764
0.4573643410852713
0.45871559633027525
0.475
0.488
0.47413793103448276
0.475
0.47058823529411764
0.4621212121212121
0.4827586206896552
0.4852941176470588
0.4782608695652174
0.49624060150375937
0.5
0.4956521739130435
0.5080645161290323
0.503448275862069
0.49382716049382713
0.5
0.5
0.5263157894736842
0.49344978165938863
0.47959183673469385
0.5019011406844106
0.49038461538461536
0.5149253731343284
0.4909090909090909
0.48936170212765956
0.47540983606557374
0.5039370078740157
0.504424778761062
0.4845814977973568
0.5245901639344263
0.494949494949495
0.4764705882352941
0.5206611570247934
0.5166666666666667
0.49065420560747663
0.5083333333333333
0.5
0.5223880597014925
0.5040650406504065
0.49079754601226994
0.4864864864864865
0.5161290322580645
0.4855769230769231
0.4959349593495935
0.5138339920948617
0.49206349206349204
0.47928994082840237
0.49504950495049505
0.49473684210526314
0.5130434782608696
0.5
0.4956140350877193
0.49361702127659574
0.48878923766816146
0.5078125
0.5
0.5102040816326531
0.5032258064516129
0.51
0.5309734513274337
0.5133333333333333
0.496
0.5036496350364964
0.51
0.4939271255060729
0.5030674846625767
0.5128205128205128
0.51
0.5100671140939598
0.5168539325842697
0.5
0.51
0.49666666666666665
0.49666666666666665
0.49333333333333335
0.5
0.5151515151515151
0.5033333333333333
0.5033333333333333
0.5
0.5066666666666667
0.5
0.5033333333333333
0.5033333333333333
0.49666666666666665
0.49666666666666665
0.5
0.5133333333333333
0.49666666666666665
0.5066666666666667
0.5
0.5
0.49666666666666665
0.5
0.488135593220339
0.492
0.4888888888888889
0.4810126582278481
0.4697986577181208
0.47244094488188976
0.4339622641509434
0.4634146341463415
0.4583333333333333
0.4369747899159664
0.4230769230769231
0.43333333333333335
0.43119266055045874
0.45714285714285713
0.42857142857142855
0.43333333333333335
0.4166666666666667
0.44594594594594594
0.45098039215686275
0.4444444444444444
0.4230769230769231
0.46153846153846156
0.45652173913043476
0.4444444444444444
0.45714285714285713
0.45
0.4594594594594595
0.46511627906976744
0.45098039215686275
0.46153846153846156
0.4857142857142857
0.48
0.45454545454545453
0.4523809523809524
0.4375
0.45
0.4666666666666667
0.45161290322580644
0.44642857142857145
0.4444444444444444
0.45454545454545453
0.4418604651162791
0.4418604651162791
0.4375
0.4473684210526316
0.4666666666666667
0.44
0.43636363636363634
0.4375
0.45454545454545453
0.4418604651162791
0.45454545454545453
0.42857142857142855
0.4528301886792453
0.4489795918367347
0.46511627906976744
0.43859649122807015
0.45
0.42857142857142855
0.43902439024390244
0.43243243243243246
0.46808510638297873
0.425531914893617
0.4489795918367347
0.45454545454545453
0.4583333333333333
0.4406779661016949
0.43902439024390244
0.43333333333333335
0.4411764705882353
0.4423076923076923
0.43103448275862066
0.46
0.4461538461538462
0.4375
0.42857142857142855
0.44
0.42857142857142855
0.41836734693877553
0.4380952380952381
0.4473684210526316
0.41
0.4339622641509434
0.4351851851851852
0.4158415841584158
0.4380165289256198
0.43564356435643564
0.4215686274509804
0.43089430894308944
0.45454545454545453
0.43103448275862066
0.43243243243243246
0.4423076923076923
0.41904761904761906
0.4406779661016949
0.4496124031007752
0.42857142857142855
0.43636363636363634
0.42201834862385323
0.43243243243243246
0.4339622641509434
0.4380165289256198
0.4298245614035088
0.42574257425742573
0.41836734693877553
0.4344262295081967
0.42727272727272725
0.41935483870967744
0.43243243243243246
0.43119266055045874
0.42857142857142855
0.42045454545454547
0.4406779661016949
0.42424242424242425
0.4344262295081967
0.4247787610619469
0.41975308641975306
0.42857142857142855
0.4380165289256198
0.43
0.4375
0.4247787610619469
0.422680412371134
0.42452830188679247
0.43478260869565216
0.44537815126050423
0.42857142857142855
0.4461538461538462
0.45528455284552843
0.4339622641509434
0.4434782608695652
0.44545454545454544
0.45217391304347826
0.44715447154471544
0.4396551724137931
0.4491525423728814
0.4573643410852713
0.4701492537313433
0.4608695652173913
0.46564885496183206
0.4672131147540984
0.47096774193548385
0.45081967213114754
0.4645669291338583
0.4697986577181208
0.4728682170542636
0.474025974025974
0.4608695652173913
0.47435897435897434
0.452991452991453
0.47058823529411764
0.4608695652173913
0.4609375
0.4755244755244755
0.4676258992805755
0.4482758620689655
0.47183098591549294
0.4552238805970149
0.4580152671755725
0.4621212121212121
0.46715328467153283
0.45901639344262296
0.4700854700854701
0.464
0.463768115942029
0.4748201438848921
0.47183098591549294
0.4573643410852713
0.4774193548387097
0.47368421052631576
0.4791666666666667
0.47770700636942676
0.4827586206896552
0.4797297297297297
0.46875
0.48427672955974843
0.484472049689441
0.4774193548387097
0.4853801169590643
0.484375
0.48466257668711654
0.48484848484848486
0.47619047619047616
0.48947368421052634
0.48863636363636365
0.4869109947643979
0.4723618090452261
0.48148148148148145
0.48743718592964824
0.48484848484848486
0.47959183673469385
0.48502994011976047
0.48826291079812206
0.4854368932038835
0.48292682926829267
0.48878923766816146
0.47802197802197804
0.4891304347826087
0.4857142857142857
0.4908256880733945
0.49356223175965663
0.48917748917748916
0.4907749077490775
0.4931506849315068
0.494949494949495
0.4910394265232975
0.4981949458483754
0.49666666666666665
0.49333333333333335
0.49295774647887325
0.49
0.4927007299270073
0.49236641221374045
0.48880597014925375
0.4892703862660944
0.49065420560747663
0.4863636363636364
0.48739495798319327
0.4854771784232365
0.484375
0.48058252427184467
0.4791666666666667
0.4725274725274725
0.48333333333333334
0.47337278106508873
0.48095238095238096
0.48314606741573035
0.4830508474576271
0.48095238095238096
0.48130841121495327
0.47959183673469385
0.48736462093862815
0.4883720930232558
0.48598130841121495
0.4883720930232558
0.48582995951417
0.484375
0.4896265560165975
0.4882154882154882
0.49
0.49333333333333335
0.49
0.49666666666666665
0.5
0.49666666666666665
0.49666666666666665
0.49666666666666665
0.49666666666666665
0.49666666666666665
0.5
0.49666666666666665
0.5
0.5
0.5
0.5033333333333333
0.49666666666666665
0.5033333333333333
0.5
0.5033333333333333
0.5
0.49666666666666665
0.5
0.5033333333333333
0.5066666666666667
0.5057471264367817
0.508130081300813
0.5115384615384615
0.510548523206751
0.5204081632653061
0.5137614678899083
0.5154639175257731
0.5112359550561798
0.5128205128205128
0.5157894736842106
0.5080213903743316
0.5124378109452736
0.5119047619047619
0.507537688442211
0.5164835164835165
0.5128205128205128
0.5129533678756477
0.5153061224489796
0.5144508670520231
0.5196078431372549
0.5148514851485149
0.5130890052356021
0.5144230769230769
0.5106382978723404
0.5169082125603864
0.5108695652173914
0.5117370892018779
0.5045871559633027
0.5068493150684932
0.5107296137339056
0.5045871559633027
0.5086206896551724
0.5096525096525096
0.5082644628099173
0.508695652173913
0.5
0.5084033613445378
0.5042372881355932
0.5
0.5050167224080268
0.5017064846416383
0.5017921146953405
0.5
0.5
0.5040650406504065
0.5
0.5
0.5
0.5
0.5033333333333333
0.5
0.49666666666666665
0.49666666666666665
0.5
0.49333333333333335
0.5
0.49333333333333335
0.5
0.5102040816326531
0.4866666666666667
0.49666666666666665
0.5
0.5
0.5029239766081871
0.5042016806722689
0.5066079295154186
0.5033333333333333
0.4971751412429379
0.5
0.49666666666666665
0.5
0.49829351535836175
0.5066666666666667
0.5066666666666667
0.5067264573991032
0.5
0.49
0.5033333333333333
0.5
0.4965034965034965
0.49666666666666665
0.5066666666666667
0.5
0.5
0.5021834061135371
0.5020746887966805
0.4981949458483754
0.5066666666666667
0.5033333333333333
0.5033333333333333
0.5033333333333333
0.5043478260869565
0.5033333333333333
0.5033333333333333
0.5
0.4915254237288136
0.5066666666666667
0.5133333333333333
0.5066666666666667
0.5033333333333333
0.5033333333333333
0.5033333333333333
0.5066666666666667
0.4875
0.5033333333333333
0.5066666666666667
0.5066666666666667
0.49666666666666665
0.4966442953020134
0.5066666666666667
0.49333333333333335
0.5
0.49666666666666665
0.502092050209205
0.49666666666666665
0.5
0.49
0.49666666666666665
0.49333333333333335
0.5033333333333333
0.5038461538461538
0.49666666666666665
0.49666666666666665
0.49333333333333335
0.5033333333333333
0.502127659574468
0.5
0.5066666666666667
0.5033333333333333
0.49333333333333335
0.498220640569395
0.5033333333333333
0.5033333333333333
0.5066666666666667
0.5
0.49666666666666665
0.5033333333333333
0.5066666666666667
0.5033333333333333
0.49814126394052044
0.5033333333333333
0.4897260273972603
0.51
0.49387755102040815
0.5033333333333333
0.5017301038062284
0.5
0.51
0.51
0.5033333333333333
0.49333333333333335
0.51
0.4942084942084942
0.49783549783549785
0.5066666666666667
0.5045454545454545
0.5033333333333333
0.5
0.5063829787234042
0.5
0.5
0.49
0.5
0.49
0.49666666666666665
0.5
0.4866666666666667
0.4866666666666667
0.5033333333333333
0.4979919678714859
0.51
0.5
0.49333333333333335
0.5133333333333333
0.5019762845849802
0.5
0.49666666666666665
0.5066666666666667
0.5
0.49666666666666665
0.5018867924528302
0.5
0.5
0.5067114093959731
0.5154639175257731
0.5033333333333333
0.5020408163265306
0.5033333333333333
0.4953271028037383
0.4979919678714859
0.5
0.5033333333333333
0.5066666666666667
0.48598130841121495
0.4885844748858447
0.51
0.48598130841121495
0.48917748917748916
0.5
0.48186528497409326
0.49099099099099097
0.51
0.48947368421052634
0.48717948717948717
0.5104166666666666
0.4897119341563786
0.4928909952606635
0.5
0.49748743718592964
0.49214659685863876
0.49261083743842365
0.49122807017543857
0.5
0.48660714285714285
0.4900990099009901
0.4888888888888889
0.49321266968325794
0.5
0.5
0.4975124378109453
0.5066666666666667
0.5072992700729927
0.51
0.5
0.5
0.5
0.5
0.49666666666666665
