0.49333333333333335
0.49333333333333335
0.4946236559139785
0.4929078014184397
0.49328859060402686
0.49230769230769234
0.4942528735632184
0.4860557768924303
0.4889705882352941
0.488
0.49122807017543857
0.48598130841121495
0.48514851485148514
0.4797979797979798
0.49145299145299143
0.48404255319148937
0.47692307692307695
0.48214285714285715
0.48295454545454547
0.4797687861271676
0.47878787878787876
0.47878787878787876
0.4645161290322581
0.4697986577181208
0.46808510638297873
0.47096774193548385
0.4647887323943662
0.4657534246575342
0.46710526315789475
0.460431654676259
0.46308724832214765
0.46564885496183206
0.4647887323943662
0.46357615894039733
0.4566929133858268
0.4580152671755725
0.456
0.44715447154471544
0.4573643410852713
0.4603174603174603
0.456
0.4609375
0.4396551724137931
0.44545454545454544
0.4435483870967742
0.4336283185840708
0.44881889763779526
0.44036697247706424
0.44339622641509435
0.422680412371134
0.44339622641509435
0.44660194174757284
0.43137254901960786
0.4329896907216495
0.4367816091954023
0.41025641025641024
0.44
0.4266666666666667
0.42857142857142855
0.47368421052631576
0.43037974683544306
0.43010752688172044
0.4230769230769231
0.5
0.4268292682926829
0.42857142857142855
0.43333333333333335
0.42105263157894735
0.4782608695652174
0.4126984126984127
0.425
0.4264705882352941
0.43478260869565216
0.4318181818181818
0.425
0.41935483870967744
0.5
0.4375
0.42857142857142855
0.43478260869565216
0.42857142857142855
0.4074074074074074
0.41935483870967744
0.45454545454545453
0.4264705882352941
0.4583333333333333
0.41379310344827586
0.5
0.47368421052631576
0.46153846153846156
0.42105263157894735
0.4411764705882353
0.421875
0.4782608695652174
0.4430379746835443
0.5
0.45
0.42424242424242425
0.4153846153846154
0.47619047619047616
0.41333333333333333
0.4444444444444444
0.41935483870967744
0.42857142857142855
0.4186046511627907
0.43333333333333335
0.4090909090909091
0.41509433962264153
0.4444444444444444
0.43333333333333335
0.44
0.4411764705882353
0.4375
0.4375
0.4186046511627907
0.4166666666666667
0.4230769230769231
0.4264705882352941
0.4067796610169492
0.4153846153846154
0.47368421052631576
0.4117647058823529
0.47368421052631576
0.42105263157894735
0.44
0.4264705882352941
0.4117647058823529
0.4444444444444444
0.43243243243243246
0.4262295081967213
0.43243243243243246
0.41818181818181815
0.44
0.43478260869565216
0.43137254901960786
0.410958904109589
0.41379310344827586
0.417910447761194
0.4189189189189189
0.4153846153846154
0.42424242424242425
0.42857142857142855
0.41935483870967744
0.4090909090909091
0.4235294117647059
0.42857142857142855
0.42105263157894735
0.45454545454545453
0.4266666666666667
0.42857142857142855
0.42857142857142855
0.45454545454545453
0.43243243243243246
0.4166666666666667
0.40350877192982454
0.43478260869565216
0.43023255813953487
0.45
0.4230769230769231
0.4142857142857143
0.4166666666666667
0.417910447761194
0.42857142857142855
0.4117647058823529
0.42028985507246375
0.4444444444444444
0.47368421052631576
0.4153846153846154
0.42857142857142855
0.4666666666666667
0.423728813559322
0.410958904109589
0.4146341463414634
0.4166666666666667
0.4307692307692308
0.42424242424242425
0.4166666666666667
0.4375
0.44
0.4230769230769231
0.41975308641975306
0.4268292682926829
0.44
0.4305555555555556
0.421875
0.42168674698795183
0.4189189189189189
0.42105263157894735
0.4142857142857143
0.4444444444444444
0.42028985507246375
0.47619047619047616
0.4782608695652174
0.41975308641975306
0.4230769230769231
0.4266666666666667
0.43478260869565216
0.45454545454545453
0.43037974683544306
0.42857142857142855
0.44
0.4230769230769231
0.42424242424242425
0.4342105263157895
0.4153846153846154
0.42857142857142855
0.43820224719101125
0.42424242424242425
0.43023255813953487
0.42528735632183906
0.4246575342465753
0.425
0.43023255813953487
0.4153846153846154
0.42857142857142855
0.43037974683544306
0.4230769230769231
0.4666666666666667
0.4342105263157895
0.4383561643835616
0.46153846153846156
0.421875
0.4246575342465753
0.4225352112676056
0.4189189189189189
0.43037974683544306
0.43209876543209874
0.4264705882352941
0.42168674698795183
0.4358974358974359
0.42028985507246375
0.42028985507246375
0.4142857142857143
0.44155844155844154
0.42857142857142855
0.41935483870967744
0.42105263157894735
0.4827586206896552
0.43209876543209874
0.42028985507246375
0.4230769230769231
0.4264705882352941
0.43023255813953487
0.4153846153846154
0.42105263157894735
0.43478260869565216
0.4268292682926829
0.43103448275862066
0.4246575342465753
0.4225352112676056
0.42857142857142855
0.4117647058823529
0.42857142857142855
0.43037974683544306
0.43478260869565216
0.4482758620689655
0.4189189189189189
0.42857142857142855
0.45454545454545453
0.4246575342465753
0.417910447761194
0.4411764705882353
0.46153846153846156
0.4153846153846154
0.4358974358974359
0.4153846153846154
0.4375
0.42424242424242425
0.43137254901960786
0.47368421052631576
0.43478260869565216
0.41818181818181815
0.4230769230769231
0.42857142857142855
0.46153846153846156
0.41025641025641024
0.5
0.5
0.4117647058823529
0.47619047619047616
0.4482758620689655
0.42105263157894735
0.47619047619047616
0.4782608695652174
0.42105263157894735
0.4666666666666667
0.45
0.42857142857142855
0.45
0.41935483870967744
0.4375
0.4666666666666667
0.4444444444444444
0.4153846153846154
0.44
0.45454545454545453
0.5
0.43333333333333335
0.47619047619047616
0.421875
0.45454545454545453
0.45161290322580644
0.417910447761194
0.4342105263157895
0.4177215189873418
0.42592592592592593
0.42105263157894735
0.41818181818181815
0.4142857142857143
0.41379310344827586
0.4264705882352941
0.4225352112676056
0.425
0.4166666666666667
0.417910447761194
0.42857142857142855
0.42028985507246375
0.4166666666666667
0.43902439024390244
0.4262295081967213
0.4411764705882353
0.4230769230769231
0.4262295081967213
0.425
0.41935483870967744
0.43548387096774194
0.4444444444444444
0.4177215189873418
0.4666666666666667
0.4375
0.4473684210526316
0.41379310344827586
0.4246575342465753
0.43478260869565216
0.42592592592592593
0.42424242424242425
0.42857142857142855
0.4166666666666667
0.4166666666666667
0.4230769230769231
0.425
0.41935483870967744
0.48148148148148145
0.4375
0.42424242424242425
0.4246575342465753
0.4411764705882353
0.4230769230769231
0.4126984126984127
0.4225352112676056
0.4375
0.43209876543209874
0.417910447761194
0.417910447761194
0.43333333333333335
0.4358974358974359
0.4189189189189189
0.4264705882352941
0.4067796610169492
0.42168674698795183
0.44285714285714284
0.43283582089552236
0.43373493975903615
0.43137254901960786
0.4375
0.4268292682926829
0.43333333333333335
0.4266666666666667
0.43209876543209874
0.42528735632183906
0.43820224719101125
0.4225352112676056
0.43333333333333335
0.4318181818181818
0.4235294117647059
0.43373493975903615
0.4329896907216495
0.42857142857142855
0.4266666666666667
0.43023255813953487
0.43209876543209874
0.43023255813953487
0.43023255813953487
0.425
0.43209876543209874
0.42696629213483145
0.4268292682926829
0.44565217391304346
0.43243243243243246
0.43023255813953487
0.425
0.42857142857142855
0.4375
0.42857142857142855
0.42528735632183906
0.4358974358974359
0.43478260869565216
0.43373493975903615
0.4305555555555556
0.4264705882352941
0.43037974683544306
0.43333333333333335
0.43373493975903615
0.4262295081967213
0.43333333333333335
0.4342105263157895
0.43037974683544306
0.4166666666666667
0.4166666666666667
0.4411764705882353
0.42
0.4189189189189189
0.42
0.4262295081967213
0.4166666666666667
0.4222222222222222
0.46153846153846156
0.4235294117647059
0.45454545454545453
0.417910447761194
0.4230769230769231
0.44
0.4230769230769231
0.4782608695652174
0.4482758620689655
0.44
0.42857142857142855
0.5
0.42857142857142855
0.44
0.41379310344827586
0.4375
0.47368421052631576
0.4358974358974359
0.4666666666666667
0.421875
0.4666666666666667
0.42105263157894735
0.5
0.47368421052631576
0.4666666666666667
0.4444444444444444
0.4126984126984127
0.46153846153846156
0.43333333333333335
0.44
0.42857142857142855
0.40540540540540543
0.47058823529411764
0.47368421052631576
0.46153846153846156
0.47368421052631576
0.4375
0.4666666666666667
0.5333333333333333
0.5384615384615384
0.5384615384615384
0.4411764705882353
0.41935483870967744
0.4126984126984127
0.47368421052631576
0.42168674698795183
0.45
0.43373493975903615
0.425
0.4444444444444444
0.43478260869565216
0.42857142857142855
0.41935483870967744
0.41935483870967744
0.42168674698795183
0.425
0.42528735632183906
0.425
0.43243243243243246
0.4186046511627907
0.42105263157894735
0.4153846153846154
0.425
0.4235294117647059
0.4375
0.4222222222222222
0.4222222222222222
0.42391304347826086
0.43023255813953487
0.4266666666666667
0.42528735632183906
0.42857142857142855
0.425
0.4268292682926829
0.4266666666666667
0.43157894736842106
0.4444444444444444
0.4222222222222222
0.43010752688172044
0.43333333333333335
0.4189189189189189
0.44
0.42857142857142855
0.4186046511627907
0.42168674698795183
0.4318181818181818
0.41975308641975306
0.46153846153846156
0.4268292682926829
0.4117647058823529
0.4177215189873418
0.42168674698795183
0.425
0.4117647058823529
0.43023255813953487
0.42105263157894735
0.45161290322580644
0.425
0.4146341463414634
0.43478260869565216
0.44
0.41333333333333333
0.42696629213483145
0.41975308641975306
0.42857142857142855
0.4166666666666667
0.425
0.4155844155844156
0.4177215189873418
0.4482758620689655
0.4117647058823529
0.4264705882352941
0.4153846153846154
0.4117647058823529
0.4090909090909091
0.46153846153846156
0.44
0.4230769230769231
0.43478260869565216
0.4230769230769231
0.4189189189189189
0.45
0.4084507042253521
0.42028985507246375
0.4318181818181818
0.42528735632183906
0.44
0.41975308641975306
0.42168674698795183
0.4230769230769231
0.4166666666666667
0.417910447761194
0.425531914893617
0.41935483870967744
0.43373493975903615
0.43617021276595747
0.43820224719101125
0.43209876543209874
0.425
0.4166666666666667
0.42105263157894735
0.43023255813953487
0.43373493975903615
0.4189189189189189
0.43037974683544306
0.43209876543209874
0.43037974683544306
0.417910447761194
0.43478260869565216
0.4166666666666667
0.42857142857142855
0.425
0.43333333333333335
0.43037974683544306
0.41935483870967744
0.43243243243243246
0.41935483870967744
0.425
0.4473684210526316
0.4318181818181818
0.45161290322580644
0.42857142857142855
0.417910447761194
0.4057971014492754
0.4189189189189189
0.42105263157894735
0.421875
0.4186046511627907
0.42424242424242425
0.43243243243243246
0.42857142857142855
0.42857142857142855
0.4444444444444444
0.46153846153846156
0.4482758620689655
0.4186046511627907
0.4117647058823529
0.4666666666666667
0.42857142857142855
0.4074074074074074
0.45454545454545453
0.42857142857142855
0.43243243243243246
0.4146341463414634
0.425
0.45
0.4375
0.4444444444444444
0.4642857142857143
0.42424242424242425
0.4117647058823529
0.42857142857142855
0.4166666666666667
0.4482758620689655
0.44
0.4583333333333333
0.4262295081967213
0.4166666666666667
0.42857142857142855
0.42857142857142855
0.4146341463414634
0.43333333333333335
0.41509433962264153
0.4230769230769231
0.41379310344827586
0.43283582089552236
0.42424242424242425
0.4166666666666667
0.4142857142857143
0.42424242424242425
0.41333333333333333
0.43478260869565216
0.43333333333333335
0.41333333333333333
0.42
0.45454545454545453
0.4444444444444444
0.4166666666666667
0.42857142857142855
0.4074074074074074
0.41304347826086957
0.46153846153846156
0.47619047619047616
0.42857142857142855
0.4411764705882353
0.46153846153846156
0.42857142857142855
0.4642857142857143
0.4246575342465753
0.4189189189189189
0.43333333333333335
0.45454545454545453
0.42857142857142855
0.4583333333333333
0.4444444444444444
0.4090909090909091
0.41379310344827586
0.42105263157894735
0.4375
0.42105263157894735
0.4444444444444444
0.425531914893617
0.42857142857142855
0.4125
0.42857142857142855
0.44
0.4225352112676056
0.4177215189873418
0.45454545454545453
0.43037974683544306
0.4117647058823529
0.4268292682926829
0.4235294117647059
0.4142857142857143
0.42105263157894735
0.42528735632183906
0.4155844155844156
0.42168674698795183
0.41975308641975306
0.4155844155844156
0.4375
0.4117647058823529
0.4266666666666667
0.4642857142857143
0.4090909090909091
0.4268292682926829
0.41975308641975306
0.42105263157894735
0.4235294117647059
0.4246575342465753
0.4262295081967213
0.4305555555555556
0.43037974683544306
0.42105263157894735
0.4146341463414634
0.4266666666666667
0.41975308641975306
0.4246575342465753
0.4189189189189189
0.4155844155844156
0.42028985507246375
0.4166666666666667
0.4107142857142857
0.421875
0.4230769230769231
0.4177215189873418
0.43333333333333335
0.43023255813953487
0.42857142857142855
0.4266666666666667
0.4235294117647059
0.42857142857142855
0.4166666666666667
0.43333333333333335
0.4153846153846154
0.42528735632183906
0.4189189189189189
0.43137254901960786
0.4225352112676056
0.43103448275862066
0.45161290322580644
0.41818181818181815
0.42857142857142855
0.417910447761194
0.43478260869565216
0.4444444444444444
0.44
0.43283582089552236
0.42857142857142855
0.423728813559322
0.44
0.43243243243243246
0.42028985507246375
0.44
0.40540540540540543
0.44
0.45161290322580644
0.42424242424242425
0.42105263157894735
0.4473684210526316
0.425
0.41935483870967744
0.4583333333333333
0.45
0.4444444444444444
0.42592592592592593
0.43333333333333335
0.43333333333333335
0.4375
0.4186046511627907
0.40540540540540543
0.4482758620689655
0.41935483870967744
0.43478260869565216
0.42105263157894735
0.43478260869565216
0.4126984126984127
0.4411764705882353
0.4090909090909091
0.43243243243243246
0.4098360655737705
0.4177215189873418
0.42105263157894735
0.4444444444444444
0.46153846153846156
0.42028985507246375
0.44
0.41333333333333333
0.4264705882352941
0.45161290322580644
0.425
0.41025641025641024
0.4166666666666667
0.41025641025641024
0.4482758620689655
0.42045454545454547
0.4074074074074074
0.4177215189873418
0.4166666666666667
0.40963855421686746
0.4444444444444444
0.42528735632183906
0.45161290322580644
0.4235294117647059
0.4186046511627907
0.42857142857142855
0.43243243243243246
0.4166666666666667
0.4444444444444444
0.4189189189189189
0.4268292682926829
0.42105263157894735
0.42105263157894735
0.4148936170212766
0.4157303370786517
0.4157303370786517
0.4235294117647059
0.4230769230769231
0.4177215189873418
0.44
0.4125
0.42028985507246375
0.41509433962264153
0.42857142857142855
0.42857142857142855
0.4264705882352941
0.4166666666666667
0.43333333333333335
0.4153846153846154
0.43478260869565216
0.43333333333333335
0.4411764705882353
0.4411764705882353
0.43333333333333335
0.4583333333333333
0.45161290322580644
0.43478260869565216
0.42857142857142855
0.4482758620689655
0.45454545454545453
0.4782608695652174
0.46153846153846156
0.42857142857142855
0.42105263157894735
0.4444444444444444
0.45
0.4473684210526316
0.47619047619047616
0.46153846153846156
0.4411764705882353
0.4444444444444444
0.42857142857142855
0.43333333333333335
0.43478260869565216
0.4375
0.43478260869565216
0.41935483870967744
0.42857142857142855
0.4444444444444444
0.43333333333333335
0.4583333333333333
0.4444444444444444
0.47368421052631576
0.4358974358974359
0.45454545454545453
0.44
0.4583333333333333
0.43478260869565216
0.47368421052631576
0.425531914893617
0.44
0.45
0.4186046511627907
0.44
0.4444444444444444
0.42105263157894735
0.45
0.5
0.47058823529411764
0.4146341463414634
0.45
0.46153846153846156
0.41935483870967744
0.4358974358974359
0.4666666666666667
0.4482758620689655
0.46153846153846156
0.45454545454545453
0.45161290322580644
0.47368421052631576
0.4444444444444444
0.4411764705882353
0.4230769230769231
0.42857142857142855
0.425
0.41379310344827586
0.41935483870967744
0.4318181818181818
0.46153846153846156
0.4375
0.46153846153846156
0.417910447761194
0.4666666666666667
0.45161290322580644
0.421875
0.45161290322580644
0.4225352112676056
0.4307692307692308
0.42168674698795183
0.417910447761194
0.4166666666666667
0.42168674698795183
0.4189189189189189
0.4186046511627907
0.4166666666666667
0.45454545454545453
0.4235294117647059
0.4126984126984127
0.43037974683544306
0.42857142857142855
0.42857142857142855
0.4358974358974359
0.4177215189873418
0.425
0.4268292682926829
0.41935483870967744
0.42857142857142855
0.4246575342465753
0.42105263157894735
0.41935483870967744
0.4444444444444444
0.4411764705882353
0.43902439024390244
0.425
0.4230769230769231
0.45454545454545453
0.4482758620689655
0.42592592592592593
0.4411764705882353
0.4358974358974359
0.42857142857142855
0.4222222222222222
0.4222222222222222
0.42105263157894735
0.41509433962264153
0.42857142857142855
0.4166666666666667
0.43902439024390244
0.4262295081967213
0.45
0.421875
0.45454545454545453
0.4523809523809524
0.4126984126984127
0.43243243243243246
0.4666666666666667
0.4444444444444444
0.45161290322580644
0.4375
0.42105263157894735
0.45161290322580644
0.43243243243243246
0.4583333333333333
0.417910447761194
0.417910447761194
0.41304347826086957
0.43243243243243246
0.4230769230769231
0.4375
0.4482758620689655
0.45161290322580644
0.44
0.45454545454545453
0.5
0.45454545454545453
0.43333333333333335
0.4230769230769231
0.45454545454545453
0.42857142857142855
0.5
0.4230769230769231
0.5454545454545454
0.47058823529411764
0.4117647058823529
0.4782608695652174
0.45161290322580644
0.42857142857142855
0.5
0.4375
0.4444444444444444
0.47368421052631576
0.4782608695652174
0.43478260869565216
0.47058823529411764
0.4782608695652174
0.4782608695652174
0.4444444444444444
0.45
0.4444444444444444
0.5
0.42857142857142855
0.5
0.45
0.45454545454545453
0.47058823529411764
0.46153846153846156
0.5
0.4583333333333333
0.47368421052631576
0.45454545454545453
0.5833333333333334
0.5384615384615384
0.47368421052631576
0.46153846153846156
0.5
0.42857142857142855
0.5
0.4444444444444444
0.47058823529411764
0.47368421052631576
0.5294117647058824
0.5833333333333334
0.5294117647058824
0.5833333333333334
