0.5333333333333333
0.5
0.47619047619047616
0.46153846153846156
0.4444444444444444
0.4855072463768116
0.47058823529411764
0.4666666666666667
0.5
0.45454545454545453
0.4444444444444444
0.45454545454545453
0.5294117647058824
0.5294117647058824
0.4666666666666667
0.47368421052631576
0.42857142857142855
0.47058823529411764
0.5
0.4855072463768116
0.47368421052631576
0.47619047619047616
0.4666666666666667
0.47619047619047616
0.4444444444444444
0.4888888888888889
0.47058823529411764
0.42105263157894735
0.4666666666666667
0.5333333333333333
0.5625
0.5
0.42105263157894735
0.47368421052631576
0.48872180451127817
0.5
0.5
0.45
0.42857142857142855
0.47058823529411764
0.47368421052631576
0.5
0.4444444444444444
0.47058823529411764
0.45454545454545453
0.45
0.47058823529411764
0.4444444444444444
0.42857142857142855
0.47368421052631576
0.4666666666666667
0.48905109489051096
0.47058823529411764
0.4666666666666667
0.42105263157894735
0.4444444444444444
0.47058823529411764
0.4444444444444444
0.5
0.5
0.42105263157894735
0.4375
0.4666666666666667
0.5333333333333333
0.4859154929577465
0.4375
0.43478260869565216
0.5
0.45
0.4117647058823529
0.42857142857142855
0.45454545454545453
0.42857142857142855
0.4444444444444444
0.47619047619047616
0.4930555555555556
0.4846153846153846
0.4444444444444444
0.4846153846153846
0.48091603053435117
0.4846153846153846
0.5
0.5454545454545454
0.4666666666666667
0.48507462686567165
0.4666666666666667
0.488
0.42857142857142855
0.49230769230769234
0.5
0.47058823529411764
0.5
0.48175182481751827
0.5
0.4892086330935252
0.4444444444444444
0.4444444444444444
0.5
0.47368421052631576
0.47368421052631576
0.4666666666666667
0.5
0.48412698412698413
0.47058823529411764
0.5454545454545454
0.47368421052631576
0.48872180451127817
0.47058823529411764
0.47058823529411764
0.4666666666666667
0.47058823529411764
0.4666666666666667
0.47368421052631576
0.46153846153846156
0.47058823529411764
0.47368421052631576
0.4375
0.46153846153846156
0.4846153846153846
0.47058823529411764
0.4855072463768116
0.5
0.45
0.5
0.5
0.47580645161290325
0.5384615384615384
0.46153846153846156
0.47058823529411764
0.4444444444444444
0.45454545454545453
0.47368421052631576
0.47058823529411764
0.4666666666666667
0.4444444444444444
0.47368421052631576
0.42857142857142855
0.5384615384615384
0.42857142857142855
0.48226950354609927
0.42105263157894735
0.4666666666666667
0.47619047619047616
0.5
0.4666666666666667
0.4666666666666667
0.5333333333333333
0.45
0.45
0.47058823529411764
0.4666666666666667
0.49206349206349204
0.48148148148148145
0.5
0.5333333333333333
0.5
0.47058823529411764
0.5
0.47058823529411764
0.45
0.47058823529411764
0.4444444444444444
0.5
0.48484848484848486
0.43478260869565216
0.47368421052631576
0.4375
0.47368421052631576
0.5
0.5
0.5
0.45454545454545453
0.4444444444444444
0.45
0.4666666666666667
0.5294117647058824
0.46153846153846156
0.5333333333333333
0.47058823529411764
0.5
0.5
0.5
0.4883720930232558
0.5333333333333333
0.4666666666666667
0.47058823529411764
0.5
0.5
0.45454545454545453
0.42857142857142855
0.5
0.42105263157894735
0.49635036496350365
0.47058823529411764
0.48760330578512395
0.44
0.47058823529411764
0.42857142857142855
0.45
0.5
0.5294117647058824
0.47058823529411764
0.4666666666666667
0.4852941176470588
0.5
0.5
0.47058823529411764
0.5
0.47058823529411764
0.5294117647058824
0.5384615384615384
0.5
0.4852941176470588
0.4846153846153846
0.5
0.44
0.5625
0.47058823529411764
0.4375
0.45454545454545453
0.48091603053435117
0.5333333333333333
0.4666666666666667
0.5
0.5384615384615384
0.5
0.488
0.48031496062992124
0.4666666666666667
0.4375
0.4806201550387597
0.5
0.5
0.5
0.47368421052631576
0.4444444444444444
0.5384615384615384
0.47368421052631576
0.46153846153846156
0.5
0.4583333333333333
0.45
0.48760330578512395
0.5
0.4855072463768116
0.4666666666666667
0.47058823529411764
0.5
0.5
0.5
0.5
0.4444444444444444
0.5333333333333333
0.5
0.5384615384615384
0.4444444444444444
0.45
0.47058823529411764
0.42857142857142855
0.4444444444444444
0.5
0.5
0.5
0.42857142857142855
0.47058823529411764
0.5
0.4846153846153846
0.4444444444444444
0.5
0.4855072463768116
0.47058823529411764
0.47368421052631576
0.48
0.5
0.47058823529411764
0.4090909090909091
0.47058823529411764
0.48120300751879697
0.4666666666666667
0.42857142857142855
0.5
0.48872180451127817
0.47058823529411764
0.5
0.4855072463768116
0.4166666666666667
0.4855072463768116
0.5
0.47058823529411764
0.5384615384615384
0.5
0.5
0.4666666666666667
0.5
0.4444444444444444
0.47058823529411764
0.5
0.5
0.5333333333333333
0.4444444444444444
0.5
0.4921875
0.4883720930232558
0.49230769230769234
0.4806201550387597
0.46153846153846156
0.5
0.47058823529411764
0.4666666666666667
0.45
0.47058823529411764
0.4666666666666667
0.4074074074074074
0.48484848484848486
0.43478260869565216
0.47058823529411764
0.47058823529411764
0.42857142857142855
0.4846153846153846
0.5
0.45
0.45454545454545453
0.47368421052631576
0.5
0.4444444444444444
0.5
0.5
0.47058823529411764
0.45
0.5333333333333333
0.48507462686567165
0.45454545454545453
0.47058823529411764
0.42857142857142855
0.4892086330935252
0.4444444444444444
0.5
0.43478260869565216
0.47058823529411764
0.47368421052631576
0.4444444444444444
0.4375
0.4375
0.4883720930232558
0.4666666666666667
0.4375
0.47058823529411764
0.5
0.48507462686567165
0.47058823529411764
0.5
0.5
0.46153846153846156
0.47368421052631576
0.5
0.5
0.47058823529411764
0.5
0.5
0.46153846153846156
0.49242424242424243
0.45
0.47058823529411764
0.47058823529411764
0.5
0.5
0.47619047619047616
0.5
0.5
0.47058823529411764
0.4444444444444444
0.4444444444444444
0.41379310344827586
0.45
0.5384615384615384
0.4883720930232558
0.43478260869565216
0.4375
0.5
0.4375
0.5
0.5
0.47368421052631576
0.47058823529411764
0.4666666666666667
0.4375
0.47058823529411764
0.4375
0.5384615384615384
0.5333333333333333
0.47058823529411764
0.5
0.42105263157894735
0.47058823529411764
0.5294117647058824
0.4375
0.47058823529411764
0.47368421052631576
0.4666666666666667
0.42105263157894735
0.484375
0.4444444444444444
0.5333333333333333
0.5
0.5
0.4666666666666667
0.5
0.45
0.4444444444444444
0.42857142857142855
0.48854961832061067
0.4852941176470588
0.47058823529411764
0.45
0.4666666666666667
0.5
0.47058823529411764
0.42105263157894735
0.47058823529411764
0.47368421052631576
0.4881889763779528
0.5
0.5
0.4444444444444444
0.5384615384615384
0.45
0.47058823529411764
0.4852941176470588
0.47368421052631576
0.4444444444444444
0.5
0.4444444444444444
0.48484848484848486
0.47058823529411764
0.5
0.4444444444444444
0.4230769230769231
0.47368421052631576
0.47368421052631576
0.48484848484848486
0.47058823529411764
0.4375
0.4666666666666667
0.48854961832061067
0.5
0.4444444444444444
0.5294117647058824
0.47058823529411764
0.4444444444444444
0.4855072463768116
0.47058823529411764
0.4666666666666667
0.47058823529411764
0.4931506849315068
0.48905109489051096
0.43478260869565216
0.5
0.5
0.4444444444444444
0.48484848484848486
0.4897959183673469
0.48507462686567165
0.4666666666666667
0.48507462686567165
0.47368421052631576
0.42857142857142855
0.4892086330935252
0.4765625
0.48484848484848486
0.4857142857142857
0.5294117647058824
0.44
0.45
0.4375
0.43478260869565216
0.49324324324324326
0.48484848484848486
0.42857142857142855
0.5
0.5
0.4666666666666667
0.5
0.488
0.42857142857142855
0.4666666666666667
0.5714285714285714
0.4888888888888889
0.4375
0.48148148148148145
0.4444444444444444
0.4666666666666667
0.45
0.4583333333333333
0.47058823529411764
0.47058823529411764
0.45
0.5333333333333333
0.45
0.4444444444444444
0.4375
0.48360655737704916
0.5454545454545454
0.4117647058823529
0.47058823529411764
0.4375
0.4375
0.4666666666666667
0.4855072463768116
0.4444444444444444
0.5
0.47058823529411764
0.47058823529411764
0.5
0.4444444444444444
0.47058823529411764
0.5333333333333333
0.42857142857142855
0.47058823529411764
0.5
0.4375
0.4375
0.4444444444444444
0.5
0.47058823529411764
0.48484848484848486
0.5
0.48854961832061067
0.47368421052631576
0.47058823529411764
0.48412698412698413
0.5384615384615384
0.47058823529411764
0.4852941176470588
0.5
0.5
0.5
0.45454545454545453
0.47368421052631576
0.5
0.5
0.47368421052631576
0.47368421052631576
0.484375
0.47058823529411764
0.5
0.46153846153846156
0.5333333333333333
0.4444444444444444
0.47368421052631576
0.47368421052631576
0.4666666666666667
0.5
0.47058823529411764
0.5294117647058824
0.48412698412698413
0.4666666666666667
0.4375
0.47058823529411764
0.5384615384615384
0.4666666666666667
0.4666666666666667
0.47058823529411764
0.46153846153846156
0.5
0.4375
0.4444444444444444
0.4444444444444444
0.4444444444444444
0.47368421052631576
0.42857142857142855
0.4846153846153846
0.5454545454545454
0.5384615384615384
0.5
0.48854961832061067
0.47058823529411764
0.4883720930232558
0.5
0.4666666666666667
0.47368421052631576
0.43478260869565216
0.5
0.47058823529411764
0.4852941176470588
0.4846153846153846
0.5384615384615384
0.47058823529411764
0.49295774647887325
0.42105263157894735
0.5
0.47058823529411764
0.5
0.4375
0.47058823529411764
0.4444444444444444
0.47058823529411764
0.48175182481751827
0.4782608695652174
0.5
0.5
0.42857142857142855
0.47058823529411764
0.5384615384615384
0.5
0.42857142857142855
0.5
0.484375
0.4375
0.45
0.4444444444444444
0.45
0.46153846153846156
0.4375
0.47058823529411764
0.4666666666666667
0.42857142857142855
0.4666666666666667
0.4852941176470588
0.45454545454545453
0.4896551724137931
0.5
0.4896551724137931
0.47368421052631576
0.47058823529411764
0.47368421052631576
0.47368421052631576
0.47058823529411764
0.4666666666666667
0.4666666666666667
0.47058823529411764
0.45
0.5
0.4166666666666667
0.5
0.5
0.4230769230769231
0.5294117647058824
0.4666666666666667
0.5
0.4444444444444444
0.4444444444444444
0.5384615384615384
0.5333333333333333
0.5
0.5
0.5
0.42105263157894735
0.46153846153846156
0.5294117647058824
0.44
0.43478260869565216
0.48484848484848486
0.4666666666666667
0.5
0.47058823529411764
0.47058823529411764
0.45
0.42105263157894735
0.4666666666666667
0.47058823529411764
0.4888888888888889
0.45
0.5
0.48507462686567165
0.48872180451127817
0.5454545454545454
0.47058823529411764
0.42857142857142855
0.45
0.47058823529411764
0.4444444444444444
0.42857142857142855
0.4666666666666667
0.5
0.45
0.4444444444444444
0.45454545454545453
0.5
0.4444444444444444
0.4666666666666667
0.45
0.5
0.5
0.4444444444444444
0.4666666666666667
0.42105263157894735
0.4666666666666667
0.4666666666666667
0.5714285714285714
0.4583333333333333
0.4444444444444444
0.4806201550387597
0.47619047619047616
0.47368421052631576
0.5333333333333333
0.5
0.47058823529411764
0.4666666666666667
0.42857142857142855
0.4230769230769231
0.4444444444444444
0.5
0.5
0.47368421052631576
0.4861111111111111
0.47619047619047616
0.45
0.4666666666666667
0.5
0.5
0.45454545454545453
0.5
0.47058823529411764
0.43478260869565216
0.4444444444444444
0.47368421052631576
0.5
0.48905109489051096
0.5
0.4375
0.47058823529411764
0.47368421052631576
0.5
0.45454545454545453
0.5
0.46153846153846156
0.4375
0.5333333333333333
0.4375
0.4666666666666667
0.5
0.43478260869565216
0.5
0.4883720930232558
0.5294117647058824
0.5
0.45454545454545453
0.5
0.5
0.4666666666666667
0.47058823529411764
0.4375
0.45
0.4444444444444444
0.5
0.5
0.47058823529411764
0.42857142857142855
0.47619047619047616
0.4852941176470588
0.47058823529411764
0.4117647058823529
0.47058823529411764
0.5294117647058824
0.5
0.45
0.4666666666666667
0.45
0.5
0.5
0.49230769230769234
0.47368421052631576
0.4444444444444444
0.4666666666666667
0.47058823529411764
0.5
0.4666666666666667
0.484375
0.43478260869565216
0.47058823529411764
0.5
0.4855072463768116
0.4666666666666667
0.45454545454545453
0.45
0.45
0.5333333333333333
0.5
0.47058823529411764
0.47368421052631576
0.5333333333333333
0.484375
0.42857142857142855
0.47058823529411764
0.45
0.5333333333333333
0.5
0.45
0.4666666666666667
0.4666666666666667
0.45
0.4444444444444444
0.47619047619047616
0.45
0.4375
0.5
0.5
0.47368421052631576
0.4666666666666667
0.5
0.47619047619047616
0.5
0.46153846153846156
0.5
0.4666666666666667
0.4166666666666667
0.4666666666666667
0.4583333333333333
0.42857142857142855
0.45
0.4444444444444444
0.4666666666666667
0.45
0.45
0.5
0.5294117647058824
0.42857142857142855
0.4852941176470588
0.5
0.45
0.5333333333333333
0.48872180451127817
0.46153846153846156
0.45
0.5294117647058824
0.4444444444444444
0.5333333333333333
0.47368421052631576
0.5
0.5
0.4166666666666667
0.4666666666666667
0.47058823529411764
0.45
0.5
0.4666666666666667
0.45
0.5
0.47058823529411764
0.4927536231884058
0.4375
0.47058823529411764
0.45
0.5384615384615384
0.45
0.47619047619047616
0.4666666666666667
0.47368421052631576
0.5
0.4925373134328358
0.47058823529411764
0.5294117647058824
0.4666666666666667
0.47368421052631576
0.48091603053435117
0.4444444444444444
0.42857142857142855
0.4117647058823529
0.47058823529411764
0.47058823529411764
0.48905109489051096
0.4444444444444444
0.47058823529411764
0.47058823529411764
0.45
0.49230769230769234
0.47058823529411764
0.47058823529411764
0.4666666666666667
0.5
0.43478260869565216
0.45
0.47368421052631576
0.42105263157894735
0.5
0.5
0.4883720930232558
0.5333333333333333
0.4855072463768116
0.4852941176470588
0.47368421052631576
0.4855072463768116
0.45
0.47058823529411764
0.47368421052631576
0.47058823529411764
0.5384615384615384
0.5
0.46153846153846156
0.4444444444444444
0.46153846153846156
0.4666666666666667
0.5
0.47058823529411764
0.4444444444444444
0.5
0.5384615384615384
0.48507462686567165
0.4117647058823529
0.5
0.4855072463768116
0.5
0.48412698412698413
0.4666666666666667
0.5
0.47368421052631576
0.48854961832061067
0.5
0.4444444444444444
0.46153846153846156
0.47058823529411764
0.4806201550387597
0.5
0.42105263157894735
0.45
0.5
0.4666666666666667
0.47058823529411764
0.5
0.5
0.47368421052631576
0.48905109489051096
0.5
0.47058823529411764
0.45454545454545453
0.5
0.4666666666666667
0.45
0.48175182481751827
0.44
0.45
0.4666666666666667
0.5
0.48872180451127817
0.46153846153846156
0.47368421052631576
0.46153846153846156
0.4666666666666667
0.4375
0.47058823529411764
0.47368421052631576
0.5
0.4074074074074074
0.5
0.47058823529411764
0.4666666666666667
0.5
0.42105263157894735
0.42857142857142855
0.4881889763779528
0.4666666666666667
0.5
0.4444444444444444
0.4583333333333333
0.47058823529411764
0.48854961832061067
0.4666666666666667
0.4881889763779528
0.5
0.42857142857142855
0.4666666666666667
0.4666666666666667
0.4666666666666667
0.4375
0.5
0.4375
0.4918032786885246
0.4666666666666667
0.5
0.5
0.4444444444444444
0.47058823529411764
0.45454545454545453
0.42105263157894735
0.47368421052631576
0.48031496062992124
0.5
0.45
0.5
0.4444444444444444
0.47058823529411764
0.4666666666666667
0.49264705882352944
0.47058823529411764
0.5
0.4375
0.4444444444444444
0.47058823529411764
0.5
0.5333333333333333
0.4892086330935252
0.48031496062992124
0.5
0.5
0.5
0.5
0.46153846153846156
0.4375
0.48507462686567165
0.47058823529411764
