0.491869918699187
0.4939271255060729
0.4957627118644068
0.4942528735632184
0.4890829694323144
0.490272373540856
0.4879032258064516
0.49145299145299143
0.48945147679324896
0.49166666666666664
0.4909090909090909
0.48872180451127817
0.48523206751054854
0.492
0.48660714285714285
0.4888888888888889
0.48936170212765956
0.48623853211009177
0.48917748917748916
0.4861111111111111
0.48672566371681414
0.4863636363636364
0.4824120603015075
0.4838709677419355
0.4855769230769231
0.48404255319148937
0.48223350253807107
0.4838709677419355
0.47674418604651164
0.4827586206896552
0.4797687861271676
0.4797687861271676
0.475
0.4759036144578313
0.4727272727272727
0.47770700636942676
0.4716981132075472
0.4772727272727273
0.4727272727272727
0.47674418604651164
0.46710526315789475
0.47183098591549294
0.46308724832214765
0.4632352941176471
0.4716981132075472
0.4675324675324675
0.4697986577181208
0.46938775510204084
0.46621621621621623
0.4626865671641791
0.46206896551724136
0.4603174603174603
0.4626865671641791
0.46835443037974683
0.4626865671641791
0.45864661654135336
0.460431654676259
0.460431654676259
0.4566929133858268
0.4573643410852713
0.4596774193548387
0.463768115942029
0.4580152671755725
0.453125
0.4573643410852713
0.453125
0.453125
0.46715328467153283
0.45925925925925926
0.4621212121212121
0.45901639344262296
0.45588235294117646
0.45081967213114754
0.4642857142857143
0.4632352941176471
0.4609375
0.456
0.4609375
0.45925925925925926
0.4566929133858268
0.4580152671755725
0.45528455284552843
0.4626865671641791
0.4566929133858268
0.45925925925925926
0.46153846153846156
0.460431654676259
0.4609375
0.45161290322580644
0.45864661654135336
0.46206896551724136
0.45985401459854014
0.4621212121212121
0.45
0.46153846153846156
0.45588235294117646
0.453125
0.45454545454545453
0.452991452991453
0.452991452991453
0.45454545454545453
0.45528455284552843
0.45528455284552843
0.4473684210526316
0.4424778761061947
0.4473684210526316
0.4473684210526316
0.43243243243243246
0.44642857142857145
0.4444444444444444
0.4473684210526316
0.4424778761061947
0.4444444444444444
0.4326923076923077
0.43119266055045874
0.43636363636363634
0.42857142857142855
0.42718446601941745
0.4368932038834951
0.4329896907216495
0.4270833333333333
0.4329896907216495
0.42424242424242425
0.42857142857142855
0.43
0.4222222222222222
0.42045454545454547
0.4186046511627907
0.4166666666666667
0.41975308641975306
0.4177215189873418
0.4146341463414634
0.42857142857142855
0.4166666666666667
0.42857142857142855
0.47368421052631576
0.41025641025641024
0.41935483870967744
0.40298507462686567
0.421875
0.43333333333333335
0.4166666666666667
0.4444444444444444
0.43333333333333335
0.4166666666666667
0.41333333333333333
0.44
0.4583333333333333
0.4583333333333333
0.42857142857142855
0.42105263157894735
0.4126984126984127
0.4375
0.4166666666666667
0.47058823529411764
0.42424242424242425
0.4444444444444444
0.4166666666666667
0.40789473684210525
0.4155844155844156
0.4444444444444444
0.4142857142857143
0.41509433962264153
0.4166666666666667
0.40625
0.44
0.4411764705882353
0.42028985507246375
0.41025641025641024
0.4155844155844156
0.410958904109589
0.42028985507246375
0.425
0.42857142857142855
0.46153846153846156
0.410958904109589
0.41818181818181815
0.4166666666666667
0.42028985507246375
0.4155844155844156
0.417910447761194
0.4177215189873418
0.43333333333333335
0.42028985507246375
0.42105263157894735
0.4125
0.42105263157894735
0.4246575342465753
0.41935483870967744
0.425
0.41379310344827586
0.4230769230769231
0.4125
0.40963855421686746
0.42168674698795183
0.4186046511627907
0.4084507042253521
0.42105263157894735
0.4189189189189189
0.42045454545454547
0.425
0.42696629213483145
0.410958904109589
0.4318181818181818
0.4375
0.4235294117647059
0.41333333333333333
0.4411764705882353
0.4444444444444444
0.43023255813953487
0.4155844155844156
0.43137254901960786
0.4189189189189189
0.41975308641975306
0.417910447761194
0.4146341463414634
0.41935483870967744
0.42105263157894735
0.42105263157894735
0.4186046511627907
0.4090909090909091
0.4146341463414634
0.4032258064516129
0.43902439024390244
0.43037974683544306
0.4153846153846154
0.4153846153846154
0.42857142857142855
0.4444444444444444
0.421875
0.41935483870967744
0.42
0.4482758620689655
0.4230769230769231
0.4166666666666667
0.4126984126984127
0.41379310344827586
0.4358974358974359
0.4146341463414634
0.4222222222222222
0.43333333333333335
0.4482758620689655
0.42857142857142855
0.4230769230769231
0.4166666666666667
0.4318181818181818
0.4666666666666667
0.46153846153846156
0.47619047619047616
0.4642857142857143
0.4444444444444444
0.42424242424242425
0.43243243243243246
0.417910447761194
0.45
0.42857142857142855
0.417910447761194
0.41304347826086957
0.4166666666666667
0.42424242424242425
0.43478260869565216
0.4375
0.42592592592592593
0.42857142857142855
0.4155844155844156
0.42424242424242425
0.4482758620689655
0.4583333333333333
0.41935483870967744
0.43478260869565216
0.42028985507246375
0.4107142857142857
0.42857142857142855
0.41379310344827586
0.44
0.4098360655737705
0.41509433962264153
0.44
0.4090909090909091
0.41935483870967744
0.40540540540540543
0.44
0.42028985507246375
0.4375
0.44
0.4117647058823529
0.4375
0.42105263157894735
0.46153846153846156
0.4583333333333333
0.4084507042253521
0.4155844155844156
0.4067796610169492
0.4126984126984127
0.4375
0.43243243243243246
0.425
0.417910447761194
0.4146341463414634
0.4166666666666667
0.4166666666666667
0.410958904109589
0.4155844155844156
0.4177215189873418
0.4
0.41333333333333333
0.42857142857142855
0.4166666666666667
0.42028985507246375
0.46153846153846156
0.410958904109589
0.4177215189873418
0.4142857142857143
0.42857142857142855
0.46153846153846156
0.45454545454545453
0.44
0.47368421052631576
0.4444444444444444
0.47619047619047616
0.47368421052631576
0.47368421052631576
0.4444444444444444
0.4583333333333333
0.5
0.5
0.4375
0.5833333333333334
0.5384615384615384
0.45454545454545453
0.5
0.47058823529411764
0.4444444444444444
0.5454545454545454
0.4444444444444444
0.47058823529411764
0.5
0.5
0.5
0.5384615384615384
0.4666666666666667
0.4666666666666667
0.47368421052631576
0.5
0.5
0.45454545454545453
0.5
0.4666666666666667
0.5384615384615384
0.5
0.5333333333333333
0.4666666666666667
0.46153846153846156
0.5333333333333333
0.4666666666666667
0.5384615384615384
0.4666666666666667
0.5
0.5294117647058824
0.5384615384615384
0.4666666666666667
0.42857142857142855
0.5294117647058824
0.42857142857142855
0.4375
0.5
0.5
0.5294117647058824
0.5714285714285714
0.5384615384615384
0.5
0.5833333333333334
0.5384615384615384
0.5384615384615384
0.5
0.5
0.5384615384615384
0.5384615384615384
0.5
0.5454545454545454
0.5
0.6363636363636364
0.46153846153846156
0.5384615384615384
0.5833333333333334
0.5333333333333333
0.5
0.5
0.5384615384615384
0.5454545454545454
0.5714285714285714
0.5
0.5384615384615384
0.6666666666666666
0.5384615384615384
0.4666666666666667
0.5
0.5384615384615384
0.4666666666666667
0.5833333333333334
0.6363636363636364
0.6
0.5333333333333333
0.7777777777777778
0.5833333333333334
0.5454545454545454
0.5384615384615384
0.5833333333333334
0.5384615384615384
0.5384615384615384
0.5833333333333334
0.6666666666666666
0.6363636363636364
0.6363636363636364
0.5333333333333333
0.5
0.5833333333333334
0.5833333333333334
0.45454545454545453
0.6363636363636364
0.5
0.6363636363636364
0.5833333333333334
0.5833333333333334
0.6363636363636364
0.6
0.5384615384615384
0.5833333333333334
0.5454545454545454
0.6153846153846154
0.5384615384615384
0.5384615384615384
0.5384615384615384
0.5833333333333334
0.5833333333333334
0.7272727272727273
0.5833333333333334
0.5
0.6
0.6363636363636364
0.6363636363636364
0.6363636363636364
0.5384615384615384
0.5833333333333334
0.5384615384615384
0.6153846153846154
0.5384615384615384
0.5833333333333334
0.5833333333333334
0.6
0.5454545454545454
0.6363636363636364
0.5833333333333334
0.5384615384615384
0.5454545454545454
0.5384615384615384
0.6153846153846154
0.5454545454545454
0.6363636363636364
0.7
0.6363636363636364
0.6363636363636364
0.6
0.6
0.6153846153846154
0.6
0.5833333333333334
0.6363636363636364
0.6
0.5833333333333334
0.7
0.7
0.5714285714285714
0.5
0.5454545454545454
0.7
0.6363636363636364
0.5833333333333334
0.5454545454545454
0.6
0.5833333333333334
0.7
0.5833333333333334
0.5454545454545454
0.5833333333333334
0.6363636363636364
0.5384615384615384
0.6363636363636364
0.5833333333333334
0.6
0.6363636363636364
0.5
0.7272727272727273
0.5833333333333334
0.5833333333333334
0.5833333333333334
0.8
0.6363636363636364
0.7
0.5384615384615384
0.6
0.6363636363636364
0.5833333333333334
0.5384615384615384
0.7
0.5454545454545454
0.7
0.6666666666666666
0.5454545454545454
0.6666666666666666
0.5833333333333334
0.6
0.6363636363636364
0.875
0.6666666666666666
0.6666666666666666
0.5833333333333334
0.6153846153846154
0.5833333333333334
0.5833333333333334
0.7
0.5454545454545454
0.7
0.6363636363636364
0.5833333333333334
0.6666666666666666
0.6363636363636364
0.6
0.6363636363636364
0.7272727272727273
0.6
0.7272727272727273
0.5833333333333334
0.6
0.6
0.6363636363636364
0.6363636363636364
0.6363636363636364
0.7
0.5833333333333334
0.6
0.7272727272727273
0.6666666666666666
0.6
0.5833333333333334
0.8
0.6666666666666666
0.7
0.6363636363636364
0.6363636363636364
0.6666666666666666
0.6363636363636364
0.7777777777777778
0.7
0.6363636363636364
0.7
0.875
0.7777777777777778
0.6363636363636364
0.7
0.6
0.7
0.7
0.7272727272727273
0.8888888888888888
0.7
0.7
0.6666666666666666
0.7
0.8
0.6363636363636364
0.6
0.7
0.7272727272727273
0.7272727272727273
0.7272727272727273
0.7272727272727273
0.7
0.7
0.7777777777777778
0.7
0.7
0.7
0.7
0.7272727272727273
0.8181818181818182
0.7
0.7
0.875
0.6363636363636364
0.7272727272727273
0.8888888888888888
0.7
0.8181818181818182
0.7777777777777778
0.8
0.7
0.7272727272727273
0.7777777777777778
0.6363636363636364
0.6363636363636364
0.6666666666666666
0.7272727272727273
0.7
0.7272727272727273
0.7777777777777778
0.7777777777777778
0.6363636363636364
0.7777777777777778
0.7777777777777778
0.7272727272727273
0.7
0.875
0.7272727272727273
0.875
0.8
0.7777777777777778
0.7
0.7
0.7272727272727273
0.9
0.8
0.8
0.8888888888888888
0.6
0.7777777777777778
0.8888888888888888
0.7272727272727273
0.6666666666666666
0.8
0.7777777777777778
0.7777777777777778
0.8
0.7
0.7777777777777778
0.75
0.7272727272727273
0.8
0.8
0.9
0.7272727272727273
0.7
0.7
0.6363636363636364
0.8
0.6666666666666666
0.875
0.8181818181818182
0.8
0.7777777777777778
0.8
0.8888888888888888
0.6666666666666666
0.875
0.75
0.9090909090909091
0.7777777777777778
0.9
0.7
0.7777777777777778
0.9
0.8
0.7272727272727273
0.7777777777777778
0.7
0.9
0.8888888888888888
0.875
0.8888888888888888
0.8888888888888888
0.875
0.75
0.8
0.8
0.8888888888888888
1.0
0.8
0.9
0.8888888888888888
0.875
0.7777777777777778
0.7777777777777778
0.7777777777777778
0.8888888888888888
1.0
0.8888888888888888
0.7272727272727273
0.9
0.8888888888888888
1.0
0.9
0.8181818181818182
0.8
0.8888888888888888
0.8
0.9
0.7777777777777778
0.9
0.9
0.8888888888888888
0.9
0.8888888888888888
0.875
1.0
1.0
0.8888888888888888
0.875
0.7777777777777778
1.0
1.0
1.0
0.9
1.0
0.9
0.7
1.0
0.8
0.9
1.0
1.0
0.9
1.0
0.9
1.0
1.0
0.8888888888888888
0.9
0.9090909090909091
1.0
1.0
1.0
1.0
0.875
1.0
1.0
1.0
1.0
1.0
1.0
1.0
1.0
1.0
1.0
1.0
1.0
0.875
0.9
1.0
0.8888888888888888
1.0
1.0
1.0
1.0
0.9
0.8888888888888888
1.0
0.9
0.9
0.8888888888888888
1.0
0.8888888888888888
0.8888888888888888
1.0
1.0
0.9
1.0
1.0
1.0
0.8888888888888888
0.9
1.0
0.875
0.875
1.0
1.0
0.9
1.0
1.0
1.0
1.0
0.9
1.0
1.0
1.0
1.0
1.0
1.0
0.9
1.0
1.0
1.0
1.0
1.0
0.8888888888888888
1.0
1.0
1.0
1.0
0.875
1.0
1.0
1.0
0.9
1.0
0.9
1.0
1.0
1.0
1.0
1.0
1.0
1.0
1.0
0.8888888888888888
1.0
1.0
1.0
1.0
1.0
1.0
1.0
1.0
1.0
1.0
1.0
1.0
0.8888888888888888
1.0
1.0
1.0
1.0
1.0
0.9
1.0
1.0
0.8888888888888888
0.8888888888888888
1.0
1.0
1.0
1.0
1.0
1.0
1.0
1.0
1.0
1.0
1.0
1.0
1.0
1.0
1.0
1.0
1.0
1.0
0.8888888888888888
1.0
1.0
1.0
1.0
1.0
0.9090909090909091
1.0
0.875
1.0
1.0
1.0
1.0
1.0
1.0
1.0
1.0
1.0
1.0
1.0
1.0
1.0
1.0
1.0
1.0
1.0
0.9090909090909091
1.0
1.0
1.0
1.0
1.0
1.0
1.0
1.0
1.0
1.0
1.0
1.0
1.0
1.0
1.0
1.0
1.0
1.0
1.0
0.9
0.8888888888888888
1.0
1.0
1.0
1.0
1.0
1.0
1.0
1.0
1.0
1.0
1.0
1.0
1.0
1.0
1.0
1.0
1.0
1.0
1.0
1.0
1.0
1.0
1.0
1.0
1.0
1.0
1.0
1.0
1.0
1.0
1.0
1.0
1.0
1.0
1.0
1.0
1.0
1.0
1.0
1.0
1.0
1.0
1.0
1.0
1.0
0.9
1.0
1.0
1.0
1.0
1.0
1.0
1.0
1.0
1.0
0.9
1.0
1.0
0.8888888888888888
1.0
1.0
1.0
1.0
1.0
1.0
1.0
1.0
1.0
1.0
1.0
1.0
1.0
1.0
1.0
1.0
1.0
1.0
1.0
1.0
1.0
1.0
1.0
1.0
1.0
1.0
1.0
1.0
1.0
1.0
1.0
1.0
1.0
1.0
1.0
1.0
1.0
1.0
