0.5
0.5
0.5
0.5
0.5033333333333333
0.5
0.5
0.5
0.5
0.5
0.49666666666666665
0.49333333333333335
0.5
0.5
0.5
0.49666666666666665
0.5
0.5066666666666667
0.5033333333333333
0.5
0.5
0.49333333333333335
0.5033333333333333
0.5
0.5033333333333333
0.49666666666666665
0.49666666666666665
0.5
0.5033333333333333
0.49666666666666665
0.5033333333333333
0.5
0.5033333333333333
0.5
0.5
0.5
0.49666666666666665
0.49666666666666665
0.49666666666666665
0.49666666666666665
0.5
0.5033333333333333
0.5
0.5033333333333333
0.49666666666666665
0.5
0.49666666666666665
0.5
0.49666666666666665
0.49333333333333335
0.5
0.5
0.5
0.46987951807228917
0.5
0.5
0.49666666666666665
0.5037593984962406
0.5
0.5
0.49666666666666665
0.49666666666666665
0.49666666666666665
0.48148148148148145
0.5
0.49666666666666665
0.5033333333333333
0.49666666666666665
0.5
0.49666666666666665
0.5
0.5
0.5033333333333333
0.49666666666666665
0.49666666666666665
0.5
0.5033333333333333
0.4666666666666667
0.49666666666666665
0.49666666666666665
0.5
0.5033333333333333
0.5
0.5
0.5
0.5033333333333333
0.49666666666666665
0.5
0.49333333333333335
0.5
0.4583333333333333
0.5
0.5
0.5033333333333333
0.5
0.5
0.5033333333333333
0.5033333333333333
0.5033333333333333
0.5033333333333333
0.491869918699187
0.4965753424657534
0.47619047619047616
0.48717948717948717
0.4766355140186916
0.47368421052631576
0.4824561403508772
0.45
0.4642857142857143
0.4230769230769231
0.43478260869565216
0.42105263157894735
0.47058823529411764
0.4375
0.43333333333333335
0.42857142857142855
0.44
0.4444444444444444
0.48148148148148145
0.4642857142857143
0.45454545454545453
0.45454545454545453
0.4782608695652174
0.4666666666666667
0.4642857142857143
0.45454545454545453
0.46153846153846156
0.4444444444444444
0.44
0.43434343434343436
0.48
0.45454545454545453
0.42696629213483145
0.4411764705882353
0.47619047619047616
0.43333333333333335
0.4782608695652174
0.4186046511627907
0.4444444444444444
0.48
0.47619047619047616
0.44
0.4411764705882353
0.43
0.43243243243243246
0.43333333333333335
0.44
0.43434343434343436
0.42105263157894735
0.45454545454545453
0.4368932038834951
0.4537037037037037
0.42857142857142855
0.44
0.4380952380952381
0.42424242424242425
0.4444444444444444
0.44660194174757284
0.47058823529411764
0.4444444444444444
0.4270833333333333
0.43333333333333335
0.43434343434343436
0.45098039215686275
0.4537037037037037
0.4411764705882353
0.4411764705882353
0.4444444444444444
0.4594594594594595
0.4444444444444444
0.45689655172413796
0.4528301886792453
0.4230769230769231
0.4594594594594595
0.46078431372549017
0.44660194174757284
0.45132743362831856
0.45871559633027525
0.45045045045045046
0.46846846846846846
0.45714285714285713
0.4576271186440678
0.44761904761904764
0.4594594594594595
0.45794392523364486
0.4608695652173913
0.4608695652173913
0.4444444444444444
0.45871559633027525
0.45454545454545453
0.45544554455445546
0.4690265486725664
0.4576271186440678
0.45689655172413796
0.46078431372549017
0.4411764705882353
0.4690265486725664
0.4666666666666667
0.46551724137931033
0.4715447154471545
0.45871559633027525
0.46226415094339623
0.46551724137931033
0.46296296296296297
0.4594594594594595
0.4846153846153846
0.4672897196261682
0.475
0.4806201550387597
0.47413793103448276
0.47107438016528924
0.4793388429752066
0.4715447154471545
0.4636363636363636
0.4594594594594595
0.48226950354609927
0.4921875
0.48091603053435117
0.4642857142857143
0.48
0.475
0.47058823529411764
0.46774193548387094
0.47761194029850745
0.4715447154471545
0.4896551724137931
0.4793388429752066
0.4888888888888889
0.4796747967479675
0.48226950354609927
0.4968944099378882
0.49473684210526314
0.4863013698630137
0.48484848484848486
0.49743589743589745
0.4918032786885246
0.49122807017543857
0.49382716049382713
0.4979757085020243
0.49333333333333335
0.4948453608247423
0.49635036496350365
0.5
0.49666666666666665
0.49666666666666665
0.5
0.5
0.49666666666666665
0.5
0.5
0.5
0.49666666666666665
0.5
0.5
0.49666666666666665
0.5
0.5
0.5
0.5033333333333333
0.5
0.5
0.49666666666666665
0.5
0.5033333333333333
0.5
0.5
0.49666666666666665
0.5033333333333333
0.5033333333333333
0.5
0.5
0.5
0.5
0.5033333333333333
0.5
0.5
0.5
0.5
0.5
0.5
0.5033333333333333
0.49666666666666665
0.5
0.5
0.49666666666666665
0.5
0.5
0.5
0.5
0.5
0.5
0.5
0.5033333333333333
0.49666666666666665
0.5
0.5
0.5
0.5
0.5
0.5
0.49666666666666665
0.5
0.5
0.5
0.5
0.5
0.5033333333333333
0.5033333333333333
0.5
0.49666666666666665
0.49666666666666665
0.4946236559139785
0.5
0.49666666666666665
0.5
0.49666666666666665
0.5
0.49666666666666665
0.5
0.49666666666666665
0.5
0.5
0.5
0.49666666666666665
0.5
0.5
0.5
0.49666666666666665
0.5
0.5
0.49666666666666665
0.49666666666666665
0.5
0.5
0.5033333333333333
0.5
0.5
0.5
0.5033333333333333
0.5
0.5
0.49666666666666665
0.5
0.5
0.5
0.5033333333333333
0.5
0.5
0.5
0.5
0.5
0.5
0.5
0.5033333333333333
0.5
0.49666666666666665
0.49666666666666665
0.5
0.5
0.5
0.5
0.5033333333333333
0.5
0.5
0.5
0.49666666666666665
0.5
0.5033333333333333
0.5
0.5
0.49666666666666665
0.5
0.5
0.5033333333333333
0.5033333333333333
0.5
0.5
0.5
0.5
0.5033333333333333
0.5033333333333333
0.5
0.5
0.5
0.5
0.5
0.5033333333333333
0.5
0.5
0.49666666666666665
0.5
0.5
0.5
0.5
0.5
0.5033333333333333
0.5033333333333333
0.5
0.5
0.5
0.49666666666666665
0.5
0.5033333333333333
0.5
0.5
0.5
0.5
0.5
0.5
0.49666666666666665
0.5
0.5
0.5
0.5033333333333333
0.5
0.5
0.49666666666666665
0.5
0.5
0.5
0.5
0.5033333333333333
0.5
0.5
0.5033333333333333
0.5
0.5
0.5
0.49666666666666665
0.5033333333333333
0.5033333333333333
0.5033333333333333
0.5
0.49666666666666665
0.5033333333333333
0.5033333333333333
0.5
0.5033333333333333
0.5
0.5
0.5
0.49666666666666665
0.5
0.5
0.5
0.5
0.5
0.49666666666666665
0.5
0.5
0.5033333333333333
0.5
0.5
0.5
0.5
0.5
0.49666666666666665
0.5033333333333333
0.5033333333333333
0.5033333333333333
0.5033333333333333
0.5
0.49666666666666665
0.5
0.5
0.5033333333333333
0.5
0.5
0.49666666666666665
0.49666666666666665
0.5
0.5033333333333333
0.5
0.49666666666666665
0.5033333333333333
0.5033333333333333
0.5
0.5
0.5
0.5
0.49666666666666665
0.5
0.5
0.5033333333333333
0.5
0.5
0.5
0.5
0.5
0.5
0.49666666666666665
0.5
0.5
0.5
0.5
0.5
0.5
0.49666666666666665
0.5
0.49666666666666665
0.5033333333333333
0.5
0.5
0.5
0.5
0.5
0.5
0.49666666666666665
0.5
0.5
0.5033333333333333
0.5
0.5
0.5
0.5
0.5033333333333333
0.5033333333333333
0.5
0.49666666666666665
0.5
0.5
0.5
0.5
0.49666666666666665
0.5
0.5
0.5
0.5
0.5
0.5033333333333333
0.49666666666666665
0.5
0.5
0.5
0.5
0.5
0.49666666666666665
0.49666666666666665
0.49814126394052044
0.5
0.49666666666666665
0.4963235294117647
0.498220640569395
0.4965986394557823
0.49666666666666665
0.4915254237288136
0.49794238683127573
0.4942084942084942
0.49814126394052044
0.5
0.49586776859504134
0.49666666666666665
0.4981549815498155
0.4962121212121212
0.49666666666666665
0.4965277777777778
0.49666666666666665
0.5
0.5
0.5
0.49666666666666665
0.49666666666666665
0.5033333333333333
0.5
0.49666666666666665
0.49666666666666665
0.5
0.49666666666666665
0.49666666666666665
0.5
0.4966216216216216
0.4982078853046595
0.49693251533742333
0.4965034965034965
0.49333333333333335
0.4944649446494465
0.4972067039106145
0.49032258064516127
0.49700598802395207
0.4797297297297297
0.49019607843137253
0.4806201550387597
0.487012987012987
0.4852941176470588
0.47244094488188976
0.47244094488188976
0.47244094488188976
0.4740740740740741
0.4672131147540984
0.4732824427480916
0.4642857142857143
0.4700854700854701
0.47580645161290325
0.4666666666666667
0.4608695652173913
0.4576271186440678
0.45614035087719296
0.45535714285714285
0.45535714285714285
0.45689655172413796
0.45871559633027525
0.4537037037037037
0.45535714285714285
0.4396551724137931
0.4444444444444444
0.453781512605042
0.46774193548387094
0.4566929133858268
0.4608695652173913
0.46017699115044247
0.44761904761904764
0.45614035087719296
0.45217391304347826
0.45614035087719296
0.46774193548387094
0.4537037037037037
0.46551724137931033
0.45689655172413796
0.46296296296296297
0.46218487394957986
0.44954128440366975
0.47107438016528924
0.45689655172413796
0.4528301886792453
0.46218487394957986
0.45614035087719296
0.4672131147540984
0.46825396825396826
0.4666666666666667
0.45535714285714285
0.4661016949152542
0.4563106796116505
0.45132743362831856
0.4649122807017544
0.45132743362831856
0.4628099173553719
0.4423076923076923
0.45614035087719296
0.45714285714285713
0.4594594594594595
0.44954128440366975
0.4519230769230769
0.44761904761904764
0.45614035087719296
0.45217391304347826
0.4485981308411215
0.4537037037037037
0.45045045045045046
0.44642857142857145
0.45098039215686275
0.4608695652173913
0.45689655172413796
0.45132743362831856
0.4608695652173913
0.4444444444444444
0.4666666666666667
0.45535714285714285
0.46296296296296297
0.4583333333333333
0.4583333333333333
0.472
0.4649122807017544
0.45714285714285713
0.45614035087719296
0.4666666666666667
0.47368421052631576
0.475
0.47540983606557374
0.4642857142857143
0.4789915966386555
0.46226415094339623
0.4672131147540984
0.4563106796116505
0.47413793103448276
0.47107438016528924
0.4745762711864407
0.48175182481751827
0.48412698412698413
0.48091603053435117
0.4778761061946903
0.47058823529411764
0.47058823529411764
0.47107438016528924
0.47540983606557374
0.48120300751879697
0.4715447154471545
0.48091603053435117
0.48148148148148145
0.48201438848920863
0.4846153846153846
0.47619047619047616
0.48905109489051096
0.4715447154471545
0.48760330578512395
0.4881889763779528
0.4806201550387597
0.4859154929577465
0.47244094488188976
0.484375
0.475
0.48905109489051096
0.4859154929577465
0.4789915966386555
0.48091603053435117
0.4672131147540984
0.48936170212765956
0.4852941176470588
0.48201438848920863
0.4765625
0.49295774647887325
0.47580645161290325
0.48175182481751827
0.4727272727272727
0.46153846153846156
0.48091603053435117
0.48091603053435117
0.46825396825396826
0.4789915966386555
0.48031496062992124
0.46153846153846156
0.4765625
0.46923076923076923
0.4649122807017544
0.47058823529411764
0.475
0.46846846846846846
0.46017699115044247
0.46825396825396826
0.4576271186440678
0.46551724137931033
0.4745762711864407
0.4636363636363636
0.46017699115044247
0.46226415094339623
0.4690265486725664
0.4661016949152542
0.45794392523364486
0.46846846846846846
0.48031496062992124
0.4608695652173913
0.4666666666666667
0.4636363636363636
0.46218487394957986
0.4594594594594595
0.4690265486725664
0.45689655172413796
0.45528455284552843
0.47058823529411764
0.46153846153846156
0.46153846153846156
0.472
0.4690265486725664
0.464
0.4745762711864407
0.47413793103448276
0.47368421052631576
0.4642857142857143
0.47368421052631576
0.4672131147540984
0.46218487394957986
0.46551724137931033
0.47107438016528924
0.46551724137931033
0.46774193548387094
0.47107438016528924
0.4772727272727273
0.47540983606557374
0.47540983606557374
0.4608695652173913
0.47058823529411764
0.47107438016528924
0.4649122807017544
0.47107438016528924
0.46774193548387094
0.4537037037037037
0.4700854700854701
0.46153846153846156
0.4772727272727273
0.45714285714285713
0.45132743362831856
0.45871559633027525
0.4634146341463415
0.4672131147540984
0.46017699115044247
0.4519230769230769
0.453781512605042
0.4583333333333333
0.45535714285714285
0.45901639344262296
0.44954128440366975
0.45045045045045046
0.45217391304347826
0.4634146341463415
0.45454545454545453
0.4485981308411215
0.4485981308411215
0.46017699115044247
0.4528301886792453
0.4642857142857143
0.4528301886792453
0.45614035087719296
0.46551724137931033
0.4528301886792453
0.4608695652173913
0.45714285714285713
0.45454545454545453
0.44954128440366975
0.45689655172413796
0.45871559633027525
0.4628099173553719
0.45535714285714285
0.4485981308411215
0.45714285714285713
0.4608695652173913
0.44642857142857145
0.4537037037037037
0.4628099173553719
0.45
0.45871559633027525
0.44339622641509435
0.44545454545454544
0.4380952380952381
0.4489795918367347
0.45689655172413796
0.44954128440366975
0.45535714285714285
0.45217391304347826
0.4528301886792453
0.4444444444444444
0.4485981308411215
0.4368932038834951
0.46078431372549017
0.4444444444444444
0.45045045045045046
0.4485981308411215
0.4411764705882353
0.45098039215686275
0.45098039215686275
0.44
0.4666666666666667
0.45794392523364486
0.44545454545454544
0.4444444444444444
0.45794392523364486
0.44329896907216493
0.45871559633027525
0.4528301886792453
0.44554455445544555
0.44660194174757284
0.45544554455445546
0.44761904761904764
0.45794392523364486
0.4380952380952381
0.4528301886792453
0.4392523364485981
0.4489795918367347
0.45871559633027525
0.45098039215686275
0.45045045045045046
0.45454545454545453
0.45535714285714285
0.43564356435643564
0.4519230769230769
0.4519230769230769
0.4537037037037037
0.45794392523364486
0.4537037037037037
0.46218487394957986
0.45045045045045046
0.45714285714285713
0.45544554455445546
0.45614035087719296
0.44660194174757284
0.44660194174757284
0.45045045045045046
0.44660194174757284
0.45544554455445546
0.44954128440366975
0.4380952380952381
0.4537037037037037
0.4424778761061947
0.4473684210526316
0.45535714285714285
0.46218487394957986
0.45535714285714285
0.4608695652173913
0.45132743362831856
0.4528301886792453
0.4594594594594595
0.45045045045045046
0.4583333333333333
0.45535714285714285
0.4489795918367347
0.45714285714285713
0.4482758620689655
0.4528301886792453
0.45045045045045046
0.4485981308411215
0.45098039215686275
0.46153846153846156
0.45614035087719296
0.4537037037037037
0.4661016949152542
0.45689655172413796
0.4519230769230769
0.4628099173553719
0.45871559633027525
0.4576271186440678
0.45689655172413796
0.46153846153846156
0.4628099173553719
0.46956521739130436
0.4583333333333333
0.4728682170542636
0.4608695652173913
0.47540983606557374
0.4649122807017544
0.45689655172413796
0.4666666666666667
0.46923076923076923
0.475
0.4701492537313433
0.46551724137931033
0.4666666666666667
0.46956521739130436
0.47244094488188976
0.48091603053435117
0.47580645161290325
0.4782608695652174
0.4745762711864407
0.48412698412698413
0.4745762711864407
0.48091603053435117
0.4661016949152542
0.47368421052631576
0.48484848484848486
0.46875
0.4825174825174825
0.49242424242424243
0.48148148148148145
0.47540983606557374
0.47368421052631576
0.49019607843137253
0.49411764705882355
0.47619047619047616
0.47692307692307695
0.4973544973544973
0.4899328859060403
0.49101796407185627
0.4945652173913043
0.4913294797687861
0.4950980392156863
0.4977168949771689
0.49173553719008267
0.49740932642487046
0.5
0.4981549815498155
0.49429657794676807
0.5
0.5
0.49264705882352944
0.5
0.5
0.49666666666666665
0.49666666666666665
0.5
0.5033333333333333
0.49666666666666665
0.5
0.5
0.5033333333333333
0.5
0.49666666666666665
0.5
0.49666666666666665
0.5
0.5033333333333333
0.5
0.5
0.5
0.5033333333333333
0.5
0.5033333333333333
0.5
0.5
0.5033333333333333
0.5033333333333333
0.5033333333333333
0.5
0.5
0.5033333333333333
0.5
0.5
0.5
0.5033333333333333
0.5
0.5
0.5
0.5
0.49666666666666665
