0.5
0.4927536231884058
0.4915254237288136
0.49049429657794674
0.4927007299270073
0.48854961832061067
0.49122807017543857
0.4874551971326165
0.4867924528301887
0.49049429657794674
0.49333333333333335
0.49666666666666665
0.49333333333333335
0.49333333333333335
0.49333333333333335
0.49333333333333335
0.49666666666666665
0.49666666666666665
0.49666666666666665
0.49666666666666665
0.5
0.5
0.49666666666666665
0.5
0.5
0.5
0.5
0.5
0.5033333333333333
0.5
0.5
0.5
0.5033333333333333
0.5
0.5
0.5033333333333333
0.5033333333333333
0.5033333333333333
0.5
0.5033333333333333
0.5033333333333333
0.5
0.5
0.5033333333333333
0.5033333333333333
0.5033333333333333
0.5033333333333333
0.5033333333333333
0.5033333333333333
0.5033333333333333
0.5033333333333333
0.5033333333333333
0.5033333333333333
0.5066666666666667
0.5
0.5033333333333333
0.5033333333333333
0.5033333333333333
0.5033333333333333
0.5
0.5
0.5033333333333333
0.5033333333333333
0.5066666666666667
0.5033333333333333
0.5033333333333333
0.5033333333333333
0.5
0.5033333333333333
0.5066666666666667
0.5033333333333333
0.5033333333333333
0.5033333333333333
0.5033333333333333
0.5033333333333333
0.5033333333333333
0.5
0.5033333333333333
0.5066666666666667
0.5033333333333333
0.5033333333333333
0.5033333333333333
0.5033333333333333
0.5033333333333333
0.5033333333333333
0.5033333333333333
0.5
0.5033333333333333
0.5033333333333333
0.5033333333333333
0.5
0.5033333333333333
0.5
0.5
0.5033333333333333
0.5
0.5
0.49666666666666665
0.5
0.5
0.5033333333333333
0.5033333333333333
0.5
0.5
0.5
0.5
0.5
0.5
0.5033333333333333
0.5
0.5
0.5
0.5033333333333333
0.5
0.5
0.5033333333333333
0.5
0.5
0.5
0.5033333333333333
0.5033333333333333
0.5
0.5033333333333333
0.5
0.5033333333333333
0.5033333333333333
0.5033333333333333
0.5033333333333333
0.5033333333333333
0.5033333333333333
0.5
0.5
0.5033333333333333
0.5
0.5
0.5
0.5033333333333333
0.5
0.5033333333333333
0.5
0.5
0.5
0.5
0.5
0.5
0.5
0.5
0.5
0.5033333333333333
0.5
0.5033333333333333
0.5
0.49666666666666665
0.5
0.5
0.49666666666666665
0.5
0.5
0.5
0.5
0.5
0.5
0.5
0.49666666666666665
0.5
0.5
0.5
0.5
0.5
0.5
0.5
0.5
0.49666666666666665
0.5
0.5
0.5
0.5033333333333333
0.5033333333333333
0.5
0.5
0.5033333333333333
0.5033333333333333
0.5033333333333333
0.5
0.5
0.5
0.49666666666666665
0.5
0.5
0.5
0.5033333333333333
0.5033333333333333
0.5
0.5033333333333333
0.5
0.5
0.49666666666666665
0.5033333333333333
0.5
0.5
0.5
0.49666666666666665
0.49666666666666665
0.5
0.5
0.5
0.5033333333333333
0.5033333333333333
0.5
0.5033333333333333
0.5066666666666667
0.5
0.5033333333333333
0.5033333333333333
0.5033333333333333
0.5
0.5
0.5033333333333333
0.5
0.5
0.5033333333333333
0.5033333333333333
0.5
0.5033333333333333
0.5033333333333333
0.5033333333333333
0.5033333333333333
0.5033333333333333
0.5
0.5
0.5
0.5033333333333333
0.5
0.5
0.5033333333333333
0.5033333333333333
0.5033333333333333
0.5033333333333333
0.5
0.5
0.5033333333333333
0.5
0.5
0.5033333333333333
0.5
0.5
0.5033333333333333
0.5
0.5033333333333333
0.5033333333333333
0.5033333333333333
0.5
0.5
0.5
0.5033333333333333
0.5
0.5
0.49666666666666665
0.5033333333333333
0.5
0.5
0.5
0.5
0.5
0.5033333333333333
0.5
0.5
0.5
0.5
0.5
0.5
0.5
0.5
0.5033333333333333
0.5
0.5
0.49666666666666665
0.5
0.5
0.49666666666666665
0.49666666666666665
0.5
0.5
0.5033333333333333
0.5
0.5
0.49666666666666665
0.5033333333333333
0.5
0.5
0.5
0.5
0.5
0.5
0.49666666666666665
0.5
0.5
0.5
0.5
0.5
0.5033333333333333
0.5
0.5033333333333333
0.5
0.49666666666666665
0.5
0.5
0.5
0.5
0.5
0.5033333333333333
0.5033333333333333
0.5
0.49666666666666665
0.49666666666666665
0.5
0.5
0.5
0.5
0.5
0.49666666666666665
0.5
0.5
0.5
0.5
0.5
0.5033333333333333
0.5033333333333333
0.5
0.5
0.5
0.5
0.5033333333333333
0.5
0.49666666666666665
0.5
0.5
0.5033333333333333
0.5033333333333333
0.5033333333333333
0.49666666666666665
0.5033333333333333
0.5
0.5
0.5033333333333333
0.5
0.49666666666666665
0.49666666666666665
0.49666666666666665
0.5033333333333333
0.49666666666666665
0.5033333333333333
0.49666666666666665
0.5
0.5033333333333333
0.5
0.4666666666666667
0.5
0.5
0.5
0.5033333333333333
0.5066666666666667
0.4957983193277311
0.49666666666666665
0.5
0.5
0.4375
0.5
0.42857142857142855
0.5
0.5
0.4
0.5333333333333333
0.49666666666666665
0.5
0.5033333333333333
0.5
0.4872881355932203
0.5833333333333334
0.5
0.5
0.49666666666666665
0.5033333333333333
0.49666666666666665
0.4583333333333333
0.5
0.5033333333333333
0.5033333333333333
0.49666666666666665
0.6
0.5
0.49333333333333335
0.5
0.49666666666666665
0.5
0.49666666666666665
0.49666666666666665
0.5
0.49333333333333335
0.5
0.49333333333333335
0.5033333333333333
0.49333333333333335
0.49666666666666665
0.49498327759197325
0.49433962264150944
0.49049429657794674
0.4962121212121212
0.4944237918215613
0.4908424908424908
0.4944237918215613
0.49615384615384617
0.4946236559139785
0.49603174603174605
0.49454545454545457
0.4981684981684982
0.49230769230769234
0.49635036496350365
0.49433962264150944
0.4962962962962963
0.4943820224719101
0.5
0.49469964664310956
0.4927536231884058
0.49433962264150944
0.4948453608247423
0.49491525423728816
0.49666666666666665
0.5
0.49666666666666665
0.49666666666666665
0.5
0.49666666666666665
0.5
0.5
0.5
0.49666666666666665
0.5
0.49666666666666665
0.5
0.49666666666666665
0.49666666666666665
0.5066666666666667
0.5
0.5033333333333333
0.5
0.5033333333333333
0.49666666666666665
0.49666666666666665
0.5033333333333333
0.5033333333333333
0.5
0.5
0.5033333333333333
0.5
0.5
0.5
0.5
0.5
0.49333333333333335
0.5
0.5033333333333333
0.5
0.5
0.5
0.5
0.5
0.5
0.5
0.5
0.49666666666666665
0.5
0.49333333333333335
0.5033333333333333
0.49666666666666665
0.5033333333333333
0.5
0.49666666666666665
0.5033333333333333
0.5033333333333333
0.5
0.5
0.5033333333333333
0.5
0.5033333333333333
0.5
0.5
0.5
0.49666666666666665
0.5033333333333333
0.5033333333333333
0.5033333333333333
0.5
0.5066666666666667
0.5033333333333333
0.49666666666666665
0.5033333333333333
0.5
0.5
0.5
0.5
0.49666666666666665
0.5
0.5
0.5
0.5
0.5
0.49666666666666665
0.5
0.5
0.5
0.49666666666666665
0.49666666666666665
0.5
0.5
0.49666666666666665
0.49666666666666665
0.5
0.5
0.49666666666666665
0.5
0.5033333333333333
0.5
0.5
0.5033333333333333
0.5
0.5
0.5
0.49333333333333335
0.49666666666666665
0.5
0.49666666666666665
0.5
0.5
0.49666666666666665
0.5
0.5
0.5
0.5
0.5
0.49666666666666665
0.5033333333333333
0.5033333333333333
0.5
0.5
0.5
0.5
0.49666666666666665
0.5
0.5
0.5
0.49666666666666665
0.5
0.5
0.49666666666666665
0.5
0.49666666666666665
0.5
0.5
0.5033333333333333
0.5
0.5
0.5
0.5
0.5
0.49666666666666665
0.5
0.49666666666666665
0.5
0.5
0.49666666666666665
0.5
0.5
0.5
0.5
0.5033333333333333
0.5
0.5033333333333333
0.5
0.5
0.5033333333333333
0.5
0.5
0.5
0.5
0.5
0.49666666666666665
0.5
0.5033333333333333
0.5033333333333333
0.5033333333333333
0.5
0.5033333333333333
0.5
0.5
0.5033333333333333
0.5
0.49666666666666665
0.5
0.5
0.5033333333333333
0.5
0.5
0.5
0.49666666666666665
0.49666666666666665
0.49666666666666665
0.5
0.5
0.5
0.5
0.5033333333333333
0.5
0.5
0.5
0.5
0.5
0.49666666666666665
0.5
0.5
0.49666666666666665
0.5
0.5
0.5033333333333333
0.5
0.5
0.49666666666666665
0.5
0.5
0.49666666666666665
0.49666666666666665
0.5
0.5
0.5033333333333333
0.5
0.5
0.5
0.5033333333333333
0.49666666666666665
0.49666666666666665
0.5
0.5
0.5
0.5
0.5
0.5
0.5
0.5
0.5
0.5033333333333333
0.49666666666666665
0.5
0.5
0.5033333333333333
0.5
0.5
0.5
0.5
0.5
0.5
0.5
0.49666666666666665
0.5
0.5
0.5
0.49666666666666665
0.5
0.5
0.5
0.5
0.5
0.5
0.5
0.5
0.5
0.5
0.5033333333333333
0.5
0.5
0.5
0.5
0.49666666666666665
0.49666666666666665
0.5
0.5033333333333333
0.5
0.5
0.5
0.5
0.5
0.5
0.5033333333333333
0.5
0.5
0.5
0.5
0.5
0.5
0.5
0.5
0.5
0.5
0.5
0.5
0.5033333333333333
0.5
0.5
0.5
0.5
0.5
0.5
0.5
0.5033333333333333
0.49666666666666665
0.5
0.5
0.5
0.5
0.5
0.5
0.5
0.5
0.49666666666666665
0.5
0.5
0.5
0.5
0.5
0.5
0.5
0.5
0.5
0.5
0.49666666666666665
0.5
0.5
0.5
0.5
0.5
0.5
0.5033333333333333
0.5
0.5033333333333333
0.5
0.5
0.5
0.5
0.5
0.5
0.5
0.5033333333333333
0.5
0.5
0.5
0.49666666666666665
0.5
0.5033333333333333
0.49666666666666665
0.5
0.49666666666666665
0.5
0.5
0.5
0.5033333333333333
0.5
0.5
0.5
0.5
0.5
0.5033333333333333
0.49666666666666665
0.5
0.5
0.5033333333333333
0.5
0.5
0.5
0.5
0.5
0.5
0.5
0.5
0.5033333333333333
0.5
0.5
0.5
0.5033333333333333
0.5033333333333333
0.5033333333333333
0.5
0.5033333333333333
0.5
0.5
0.5
0.5
0.49666666666666665
0.5
0.5
0.5
0.5
0.5
0.49666666666666665
0.5
0.49666666666666665
0.5
0.5
0.5
0.5033333333333333
0.5033333333333333
0.5
0.5033333333333333
0.5033333333333333
0.49666666666666665
0.5033333333333333
0.5
0.5
0.5033333333333333
0.5
0.5
0.5
0.5
0.5
0.5
0.5
0.5
0.5
0.5
0.5033333333333333
0.5
0.5
0.5
0.5
0.5
0.5
0.5
0.5
0.5
0.5
0.5033333333333333
0.5
0.5
0.5
0.5
0.5
0.5033333333333333
0.5033333333333333
0.5
0.5
0.49666666666666665
0.5
0.5
0.5
0.5
0.5
0.5
0.5
0.5
0.5
0.5033333333333333
0.5
0.5
0.5
0.5
0.5
0.5033333333333333
0.5
0.49666666666666665
0.5
0.5033333333333333
0.5
0.49666666666666665
0.5
0.5
0.5
0.5033333333333333
0.5
0.5
0.5033333333333333
0.5
0.5
0.5
0.5033333333333333
0.5033333333333333
0.5
0.49666666666666665
0.5
0.5
0.5033333333333333
0.5
0.5
0.5
0.5033333333333333
0.5
0.5
0.5
0.5
0.5
0.5
0.5033333333333333
0.5
0.5
0.5
0.5
0.5
0.5
0.5
0.5
0.49666666666666665
0.5
0.5
0.5
0.5
0.5
0.5
0.5
0.5
0.5
0.49666666666666665
0.5
0.5
0.5
0.5
0.5
0.5
0.49666666666666665
0.5
0.49666666666666665
0.5033333333333333
0.5
0.5
0.5
0.5
0.5
0.5
0.5
0.5
0.5
0.49666666666666665
0.5
0.5
0.5
0.5
0.5
0.49666666666666665
0.49666666666666665
0.5
0.5
0.5
0.5033333333333333
0.5
0.5
0.5
0.5
0.5
0.5033333333333333
0.5
0.5
0.5
0.5
0.5
0.49666666666666665
0.5
0.5
0.5
0.5
0.5
0.5
0.5
0.5033333333333333
0.5
0.5
0.5
0.5033333333333333
0.5
0.49666666666666665
0.5
0.5033333333333333
0.5033333333333333
0.5
0.5
0.5
0.5033333333333333
0.5
0.5
0.5
0.5
0.5
0.5
0.5
0.5
0.5
0.5
0.5
0.5
0.5
0.5
0.5
0.49666666666666665
0.5
0.5033333333333333
