0.46534653465346537
0.46153846153846156
0.45
0.4444444444444444
0.46601941747572817
0.46875
0.45454545454545453
0.49122807017543857
0.43902439024390244
0.46153846153846156
0.44
0.46153846153846156
0.4482758620689655
0.45
0.4631578947368421
0.4358974358974359
0.4838709677419355
0.44
0.5
0.4631578947368421
0.45161290322580644
0.44
0.4482758620689655
0.49130434782608695
0.45977011494252873
0.4642857142857143
0.4606741573033708
0.4722222222222222
0.45161290322580644
0.47619047619047616
0.4642857142857143
0.47619047619047616
0.48
0.4864864864864865
0.48372093023255813
0.4666666666666667
0.49645390070921985
0.46153846153846156
0.4642857142857143
0.49074074074074076
0.46
0.4583333333333333
0.4642857142857143
0.48148148148148145
0.49137931034482757
0.42528735632183906
0.47
0.4230769230769231
0.4639175257731959
0.44
0.5
0.46153846153846156
0.47058823529411764
0.4411764705882353
0.4411764705882353
0.4583333333333333
0.5
0.4482758620689655
0.46464646464646464
0.45714285714285713
0.4358974358974359
0.4411764705882353
0.44
0.4574468085106383
0.45454545454545453
0.4782608695652174
0.47115384615384615
0.4890829694323144
0.47058823529411764
0.4482758620689655
0.4444444444444444
0.4642857142857143
0.4666666666666667
0.4473684210526316
0.5
0.41379310344827586
0.45161290322580644
0.45161290322580644
0.4666666666666667
0.5
0.4563106796116505
0.4444444444444444
0.4716981132075472
0.45161290322580644
0.46153846153846156
0.4642857142857143
0.47619047619047616
0.44565217391304346
0.46153846153846156
0.46601941747572817
0.449438202247191
0.4811320754716981
0.4594594594594595
0.4367816091954023
0.46
0.45454545454545453
0.46153846153846156
0.4375
0.46236559139784944
0.45454545454545453
0.45454545454545453
0.4782608695652174
0.45652173913043476
0.4666666666666667
0.4583333333333333
0.48
0.43243243243243246
0.45
0.48695652173913045
0.4444444444444444
0.46153846153846156
0.46846846846846846
0.47572815533980584
0.4444444444444444
0.4666666666666667
0.43956043956043955
0.46511627906976744
0.48148148148148145
0.4444444444444444
0.48148148148148145
0.4583333333333333
0.46153846153846156
0.4673913043478261
0.4411764705882353
0.4470588235294118
0.4482758620689655
0.4631578947368421
0.4482758620689655
0.46
0.47619047619047616
0.4444444444444444
0.47368421052631576
0.46788990825688076
0.5384615384615384
0.42857142857142855
0.47191011235955055
0.4606741573033708
0.4639175257731959
0.45
0.46236559139784944
0.45454545454545453
0.4666666666666667
0.47
0.45454545454545453
0.4811320754716981
0.48148148148148145
0.4444444444444444
0.4642857142857143
0.42857142857142855
0.48148148148148145
0.4583333333333333
0.42857142857142855
0.49295774647887325
0.46153846153846156
0.5238095238095238
0.4375
0.4411764705882353
0.4583333333333333
0.4727272727272727
0.4716981132075472
0.46
0.4642857142857143
0.4673913043478261
0.49606299212598426
0.49074074074074076
0.4888888888888889
0.45555555555555555
0.44
0.5
0.4666666666666667
0.5454545454545454
0.4583333333333333
0.42857142857142855
0.4583333333333333
0.46875
0.45054945054945056
0.5
0.47058823529411764
0.48
0.43333333333333335
0.46601941747572817
0.42857142857142855
0.45161290322580644
0.4957983193277311
0.4482758620689655
0.47474747474747475
0.45454545454545453
0.4807692307692308
0.449438202247191
0.42424242424242425
0.47572815533980584
0.46153846153846156
0.42424242424242425
0.43956043956043955
0.4482758620689655
0.4583333333333333
0.46078431372549017
0.43478260869565216
0.4375
0.44
0.4482758620689655
0.45652173913043476
0.46153846153846156
0.4444444444444444
0.44
0.47572815533980584
0.49236641221374045
0.45054945054945056
0.45161290322580644
0.46808510638297873
0.4782608695652174
0.47368421052631576
0.45
0.46153846153846156
0.4444444444444444
0.46236559139784944
0.5384615384615384
0.47368421052631576
0.4444444444444444
0.48945147679324896
0.4838709677419355
0.4444444444444444
0.46875
0.42857142857142855
0.42857142857142855
0.4375
0.48484848484848486
0.45161290322580644
0.46808510638297873
0.43478260869565216
0.44
0.43243243243243246
0.5
0.4482758620689655
0.46153846153846156
0.4482758620689655
0.4482758620689655
0.5263157894736842
0.47
0.4606741573033708
0.48214285714285715
0.43478260869565216
0.4838709677419355
0.4889867841409692
0.42857142857142855
0.46153846153846156
0.4782608695652174
0.46078431372549017
0.45263157894736844
0.4745762711864407
0.45161290322580644
0.5
0.4742268041237113
0.4375
0.4375
0.4482758620689655
0.43243243243243246
0.46153846153846156
0.4482758620689655
0.49122807017543857
0.4864864864864865
0.4642857142857143
0.47058823529411764
0.4827586206896552
0.43333333333333335
0.45977011494252873
0.4854368932038835
0.4838709677419355
0.4666666666666667
0.4444444444444444
0.4444444444444444
0.45454545454545453
0.48936170212765956
0.4523809523809524
0.45161290322580644
0.48598130841121495
0.45454545454545453
0.49387755102040815
0.43478260869565216
0.45714285714285713
0.4482758620689655
0.47058823529411764
0.44
0.46153846153846156
0.4827586206896552
0.45
0.46
0.4563106796116505
0.48
0.48559670781893005
0.44
0.43243243243243246
0.48130841121495327
0.45454545454545453
0.4827586206896552
0.4918032786885246
0.4375
0.4444444444444444
0.45454545454545453
0.42857142857142855
0.45454545454545453
0.46296296296296297
0.47058823529411764
0.45
0.47619047619047616
0.43333333333333335
0.45
0.45714285714285713
0.45263157894736844
0.45454545454545453
0.45
0.42105263157894735
0.4583333333333333
0.4827586206896552
0.4536082474226804
0.4918032786885246
0.42857142857142855
0.4673913043478261
0.48333333333333334
0.44
0.4444444444444444
0.44
0.4636363636363636
0.46464646464646464
0.45054945054945056
0.4909090909090909
0.4418604651162791
0.45454545454545453
0.42857142857142855
0.47115384615384615
0.41935483870967744
0.4444444444444444
0.47619047619047616
0.46875
0.47
0.45714285714285713
0.4574468085106383
0.45652173913043476
0.5
0.5
0.4878048780487805
0.4583333333333333
0.43243243243243246
0.45714285714285713
0.4375
0.44
0.43333333333333335
0.4782608695652174
0.4444444444444444
0.4583333333333333
0.46153846153846156
0.46875
0.46464646464646464
0.4411764705882353
0.4444444444444444
0.45161290322580644
0.43956043956043955
0.43333333333333335
0.4574468085106383
0.46875
0.4411764705882353
0.5217391304347826
0.4375
0.49333333333333335
0.46
0.45
0.47619047619047616
0.46875
0.45
0.4411764705882353
0.4782608695652174
0.4827586206896552
0.4431818181818182
0.4666666666666667
0.47619047619047616
0.4583333333333333
0.4722222222222222
0.46153846153846156
0.4727272727272727
0.43333333333333335
0.45652173913043476
0.46153846153846156
0.44
0.5
0.4473684210526316
0.49372384937238495
0.42857142857142855
0.46875
0.45454545454545453
0.46601941747572817
0.47572815533980584
0.5
0.45454545454545453
0.47368421052631576
0.44
0.42857142857142855
0.4634146341463415
0.4411764705882353
0.46153846153846156
0.4230769230769231
0.44565217391304346
0.44329896907216493
0.45454545454545453
0.47368421052631576
0.47619047619047616
0.48444444444444446
0.46153846153846156
0.43243243243243246
0.4230769230769231
0.4411764705882353
0.4807692307692308
0.4482758620689655
0.45454545454545453
0.4358974358974359
0.48
0.4444444444444444
0.5
0.47058823529411764
0.48
0.46153846153846156
0.4931506849315068
0.45454545454545453
0.47368421052631576
0.4666666666666667
0.46846846846846846
0.4827586206896552
0.49800796812749004
0.5
0.48623853211009177
0.4642857142857143
0.4482758620689655
0.43333333333333335
0.43902439024390244
0.4642857142857143
0.45454545454545453
0.42105263157894735
0.4631578947368421
0.48148148148148145
0.4642857142857143
0.47058823529411764
0.5
0.4536082474226804
0.48
0.4411764705882353
0.46464646464646464
0.4673913043478261
0.46464646464646464
0.4727272727272727
0.4666666666666667
0.43478260869565216
0.4666666666666667
0.4892703862660944
0.47619047619047616
0.4482758620689655
0.4930232558139535
0.45714285714285713
0.46875
0.45652173913043476
0.4411764705882353
0.4411764705882353
0.4782608695652174
0.45454545454545453
0.4583333333333333
0.45714285714285713
0.45454545454545453
0.45
0.4444444444444444
0.49122807017543857
0.4876847290640394
0.47115384615384615
0.46153846153846156
0.42857142857142855
0.4186046511627907
0.4479166666666667
0.47058823529411764
0.44565217391304346
0.5
0.47619047619047616
0.4908256880733945
0.47368421052631576
0.45161290322580644
0.48535564853556484
0.4752475247524752
0.4375
0.48739495798319327
0.4482758620689655
0.45454545454545453
0.4583333333333333
0.42857142857142855
0.49583333333333335
0.46601941747572817
0.47619047619047616
0.48672566371681414
0.45454545454545453
0.4444444444444444
0.48
0.46875
0.4642857142857143
0.4642857142857143
0.48936170212765956
0.4897959183673469
0.4457831325301205
0.45652173913043476
0.42857142857142855
0.46464646464646464
0.4642857142857143
0.5
0.4583333333333333
0.4642857142857143
0.5
0.4722222222222222
0.46534653465346537
0.45918367346938777
0.4639175257731959
0.45555555555555555
0.5
0.47058823529411764
0.4482758620689655
0.46153846153846156
0.48148148148148145
0.4642857142857143
0.45348837209302323
0.46236559139784944
0.45454545454545453
0.5
0.5
0.4482758620689655
0.4482758620689655
0.45454545454545453
0.4666666666666667
0.45
0.4421052631578947
0.48672566371681414
0.4642857142857143
0.4444444444444444
0.45454545454545453
0.46534653465346537
0.4811320754716981
0.45652173913043476
0.43333333333333335
0.45454545454545453
0.4482758620689655
0.4666666666666667
0.45161290322580644
0.47368421052631576
0.45454545454545453
0.4583333333333333
0.46534653465346537
0.45161290322580644
0.4782608695652174
0.45
0.48148148148148145
0.45
0.5
0.48
0.5
0.46153846153846156
0.45454545454545453
0.5
0.43478260869565216
0.47058823529411764
0.48523206751054854
0.52
0.46153846153846156
0.4482758620689655
0.46875
0.46153846153846156
0.4583333333333333
0.4375
0.5
0.46601941747572817
0.43478260869565216
0.4908256880733945
0.5
0.4358974358974359
0.46296296296296297
0.49572649572649574
0.5
0.4666666666666667
0.4642857142857143
0.47474747474747475
0.43333333333333335
0.4642857142857143
0.4375
0.43478260869565216
0.4375
0.45454545454545453
0.4666666666666667
0.49377593360995853
0.49748743718592964
0.46534653465346537
0.43333333333333335
0.42857142857142855
0.47368421052631576
0.4752475247524752
0.4444444444444444
0.42424242424242425
0.4642857142857143
0.4411764705882353
0.4835680751173709
0.48148148148148145
0.45161290322580644
0.4722222222222222
0.4782608695652174
0.45454545454545453
0.48695652173913045
0.45544554455445546
0.42105263157894735
0.4411764705882353
0.4666666666666667
0.5
0.4375
0.4631578947368421
0.46153846153846156
0.42857142857142855
0.48
0.4482758620689655
0.4642857142857143
0.44565217391304346
0.46226415094339623
0.4583333333333333
0.4838709677419355
0.46153846153846156
0.49074074074074076
0.43243243243243246
0.4666666666666667
0.47368421052631576
0.47619047619047616
0.4444444444444444
0.4636363636363636
0.47619047619047616
0.4642857142857143
0.46875
0.44
0.4479166666666667
0.45161290322580644
0.4482758620689655
0.485
0.46875
0.4444444444444444
0.45454545454545453
0.4642857142857143
0.4722222222222222
0.45454545454545453
0.4583333333333333
0.4722222222222222
0.45
0.44
0.45054945054945056
0.5
0.45977011494252873
0.4583333333333333
0.4583333333333333
0.4841628959276018
0.4639175257731959
0.43478260869565216
0.46153846153846156
0.4631578947368421
0.47619047619047616
0.45263157894736844
0.4482758620689655
0.484304932735426
0.47
0.5
0.4782608695652174
0.4782608695652174
0.4375
0.4444444444444444
0.4482758620689655
0.46875
0.45652173913043476
0.47619047619047616
0.48945147679324896
0.48695652173913045
0.4358974358974359
0.4444444444444444
0.4444444444444444
0.44
0.41025641025641024
0.4411764705882353
0.49107142857142855
0.48
0.5263157894736842
0.49122807017543857
0.45977011494252873
0.5
0.43478260869565216
0.4642857142857143
0.43333333333333335
0.4482758620689655
0.45454545454545453
0.4473684210526316
0.4536082474226804
0.5
0.47368421052631576
0.4574468085106383
0.4574468085106383
0.46226415094339623
0.4411764705882353
0.45
0.45454545454545453
0.42857142857142855
0.4482758620689655
0.48
0.49107142857142855
0.4358974358974359
0.5
0.47058823529411764
0.4444444444444444
0.5
0.45
0.4318181818181818
0.4444444444444444
0.48660714285714285
0.4583333333333333
0.42857142857142855
0.45454545454545453
0.4666666666666667
0.5
0.46153846153846156
0.45714285714285713
0.48148148148148145
0.48
0.45454545454545453
0.49361702127659574
0.4375
0.45454545454545453
0.48
0.45
0.48484848484848486
0.4473684210526316
0.4411764705882353
0.44680851063829785
0.44
0.4827586206896552
0.4930875576036866
0.4782608695652174
0.4367816091954023
0.4574468085106383
0.4583333333333333
0.4666666666666667
0.4583333333333333
0.4583333333333333
0.4841628959276018
0.5263157894736842
0.4411764705882353
0.45714285714285713
0.4642857142857143
0.45454545454545453
0.46534653465346537
0.4782608695652174
0.4782608695652174
0.45
0.46153846153846156
0.46153846153846156
0.47619047619047616
0.45555555555555555
0.4358974358974359
0.47619047619047616
0.4782608695652174
0.42857142857142855
0.46464646464646464
0.47619047619047616
0.49411764705882355
0.46153846153846156
0.4883720930232558
0.46236559139784944
0.45652173913043476
0.47619047619047616
0.47619047619047616
0.4523809523809524
0.4827586206896552
0.4583333333333333
0.4482758620689655
0.43243243243243246
0.4583333333333333
0.47619047619047616
0.4431818181818182
0.4583333333333333
0.4930875576036866
0.5
0.45161290322580644
0.4872881355932203
0.46601941747572817
0.45
0.46153846153846156
0.45454545454545453
0.4411764705882353
0.44
0.4482758620689655
0.4358974358974359
0.47058823529411764
0.4666666666666667
0.4631578947368421
0.4639175257731959
0.46153846153846156
0.43333333333333335
0.4375
0.45454545454545453
0.45
0.43333333333333335
0.48672566371681414
0.4957983193277311
0.4411764705882353
0.45161290322580644
0.49327354260089684
0.4444444444444444
0.4473684210526316
0.5
0.4666666666666667
0.4444444444444444
0.45454545454545453
0.46153846153846156
0.4672897196261682
0.45161290322580644
0.45
0.4942528735632184
0.45
0.4921875
0.47058823529411764
0.46875
0.46
0.43478260869565216
0.43243243243243246
0.5
0.47058823529411764
0.47863247863247865
0.48
0.45
0.43023255813953487
0.47368421052631576
0.4666666666666667
0.5
0.4666666666666667
0.42857142857142855
0.48
0.4782608695652174
0.4847161572052402
0.48
0.47619047619047616
0.4939271255060729
0.4411764705882353
0.4444444444444444
0.49173553719008267
0.43902439024390244
0.47
0.5217391304347826
0.5
0.43478260869565216
0.43333333333333335
0.4583333333333333
0.42857142857142855
0.449438202247191
0.41379310344827586
0.4444444444444444
0.4583333333333333
0.4479166666666667
0.46153846153846156
0.4375
0.4583333333333333
0.46
0.45348837209302323
0.4444444444444444
0.5
0.4666666666666667
0.43333333333333335
0.5333333333333333
0.4666666666666667
0.4444444444444444
0.43243243243243246
0.4838709677419355
0.46078431372549017
0.45
0.4367816091954023
0.4854771784232365
0.4444444444444444
0.45161290322580644
0.4444444444444444
0.4727272727272727
0.48484848484848486
0.47619047619047616
0.4838709677419355
0.45054945054945056
0.4583333333333333
0.45454545454545453
0.4778761061946903
0.42857142857142855
0.4583333333333333
0.4583333333333333
0.46153846153846156
0.43333333333333335
0.4470588235294118
0.4375
0.4411764705882353
0.5
0.4716981132075472
0.4782608695652174
0.4444444444444444
0.42857142857142855
0.45454545454545453
0.47058823529411764
0.45714285714285713
0.48717948717948717
0.42105263157894735
0.4727272727272727
0.4782608695652174
0.4666666666666667
0.46875
0.43333333333333335
0.46875
0.43478260869565216
0.4883720930232558
0.45454545454545453
0.4642857142857143
0.46236559139784944
0.4642857142857143
0.4857142857142857
0.4375
0.5294117647058824
0.44
0.43478260869565216
0.4642857142857143
0.5217391304347826
0.42857142857142855
0.5
0.4563106796116505
0.46153846153846156
0.4387755102040816
0.47368421052631576
0.5
0.45
0.4583333333333333
0.5
0.5
0.48148148148148145
0.4444444444444444
0.4375
0.4921259842519685
0.45161290322580644
0.43333333333333335
0.46938775510204084
0.45977011494252873
0.4818181818181818
0.4375
0.4482758620689655
0.46601941747572817
0.43333333333333335
0.42857142857142855
0.45161290322580644
0.4375
0.45454545454545453
0.45161290322580644
0.43333333333333335
0.45161290322580644
0.44
0.4642857142857143
0.42857142857142855
0.45161290322580644
0.45454545454545453
0.42857142857142855
0.45161290322580644
0.47619047619047616
0.48
0.46464646464646464
0.45454545454545453
0.46938775510204084
0.47619047619047616
0.48148148148148145
0.45054945054945056
0.4444444444444444
0.4482758620689655
0.4473684210526316
0.49166666666666664
0.45161290322580644
0.45454545454545453
0.47619047619047616
0.45454545454545453
0.4642857142857143
0.46534653465346537
0.4583333333333333
0.46153846153846156
0.4482758620689655
0.41935483870967744
0.43243243243243246
0.5
0.46875
0.45714285714285713
0.47619047619047616
0.4318181818181818
0.4673913043478261
0.47
0.4444444444444444
0.46236559139784944
0.45454545454545453
0.43333333333333335
0.4583333333333333
0.47619047619047616
0.4375
0.4489795918367347
0.48
