0.5172413793103449
0.2
0.2857142857142857
0.5
0.5185185185185185
0.26666666666666666
0.6428571428571429
0.46153846153846156
0.3
0.4375
0.47619047619047616
0.6
0.5357142857142857
0.44
0.5217391304347826
0.5333333333333333
0.4230769230769231
0.6153846153846154
0.4375
0.5789473684210527
0.6111111111111112
0.5238095238095238
0.4090909090909091
0.2727272727272727
0.47368421052631576
0.6666666666666666
0.6
0.43478260869565216
0.4117647058823529
0.2727272727272727
0.5555555555555556
0.42857142857142855
0.4444444444444444
0.48717948717948717
0.5
0.3333333333333333
0.38461538461538464
0.4230769230769231
0.4444444444444444
0.46551724137931033
0.25
0.4827586206896552
0.5384615384615384
0.44
0.5416666666666666
0.4827586206896552
0.3333333333333333
0.45454545454545453
0.3684210526315789
0.41379310344827586
0.45
0.48
0.4782608695652174
0.47619047619047616
0.5
0.42857142857142855
0.4782608695652174
0.3333333333333333
0.4
0.475
0.5283018867924528
0.38095238095238093
0.5416666666666666
0.42105263157894735
0.42857142857142855
0.5
0.5454545454545454
0.4782608695652174
0.45
0.5263157894736842
0.5
0.5161290322580645
0.5
0.4444444444444444
0.4897959183673469
0.5151515151515151
0.5
0.5
0.5
0.4810126582278481
0.5555555555555556
0.5
0.4634146341463415
0.4864864864864865
0.5
0.515625
0.4583333333333333
0.5217391304347826
0.5
0.49019607843137253
0.5217391304347826
0.5230769230769231
0.5245901639344263
0.5
0.5166666666666667
0.5211267605633803
0.5357142857142857
0.5283018867924528
0.4583333333333333
0.5283018867924528
0.5074626865671642
0.532258064516129
0.52
0.5348837209302325
0.5242718446601942
0.5573770491803278
0.5048543689320388
0.5285714285714286
0.5303030303030303
0.5
0.5203252032520326
0.52
0.45161290322580644
0.5454545454545454
0.5277777777777778
0.5531914893617021
0.5283018867924528
0.5403225806451613
0.44166666666666665
0.5490196078431373
0.5024630541871922
0.5163043478260869
0.5573770491803278
0.5631067961165048
0.4927536231884058
0.4507042253521127
0.4426229508196721
0.5531914893617021
0.47244094488188976
0.44285714285714284
0.4642857142857143
0.47191011235955055
0.4358974358974359
0.4489795918367347
0.504424778761062
0.47770700636942676
0.4915254237288136
0.45
0.44
0.44166666666666665
0.4588235294117647
0.5357142857142857
0.42857142857142855
0.48314606741573035
0.48936170212765956
0.4375
0.45454545454545453
0.4444444444444444
0.49074074074074076
0.4514285714285714
0.4444444444444444
0.48175182481751827
0.4745762711864407
0.5207100591715976
0.4909090909090909
0.5018181818181818
0.5060975609756098
0.4846153846153846
0.48299319727891155
0.5066666666666667
0.48484848484848486
0.49324324324324326
0.5142857142857142
0.48148148148148145
0.4716981132075472
0.5020576131687243
0.4941860465116279
0.49666666666666665
0.4772727272727273
0.49
0.5163043478260869
0.49
0.48333333333333334
0.5164835164835165
0.4752475247524752
0.4866666666666667
0.49333333333333335
0.5066666666666667
0.5033333333333333
0.4962121212121212
0.5171102661596958
0.5133333333333333
0.4831081081081081
0.49
0.5066666666666667
0.5033333333333333
0.5026737967914439
0.51
0.4941860465116279
0.49666666666666665
0.5166666666666667
0.4866666666666667
0.4909090909090909
0.5066666666666667
0.4962962962962963
0.5052631578947369
0.5033333333333333
0.5066666666666667
0.5033333333333333
0.5110132158590308
0.49333333333333335
0.5045045045045045
0.49666666666666665
0.4866666666666667
0.4866666666666667
0.5074074074074074
0.49603174603174605
0.49333333333333335
0.49666666666666665
0.49666666666666665
0.49666666666666665
0.4911504424778761
0.5033333333333333
0.49333333333333335
0.49666666666666665
0.51
0.5033333333333333
0.49193548387096775
0.49666666666666665
0.5026178010471204
0.4953271028037383
0.5066666666666667
0.5
0.49666666666666665
0.5133333333333333
0.5
0.5
0.49333333333333335
0.51
0.49333333333333335
0.5
0.5
0.49666666666666665
0.5033333333333333
0.5066666666666667
0.5033333333333333
0.48672566371681414
0.4948453608247423
0.49666666666666665
0.5
0.5
0.5033333333333333
0.5033333333333333
0.47058823529411764
0.5033333333333333
0.5
0.5033333333333333
0.5033333333333333
0.47692307692307695
0.49333333333333335
0.4981949458483754
0.5033333333333333
0.5038759689922481
0.4916387959866221
0.4785714285714286
0.484304932735426
0.49615384615384617
0.49666666666666665
0.4921259842519685
0.48360655737704916
0.49666666666666665
0.4831932773109244
0.5
0.49666666666666665
0.49333333333333335
0.4966216216216216
0.49
0.4536082474226804
0.49122807017543857
0.49666666666666665
0.5
0.4897959183673469
0.5033333333333333
0.5033333333333333
0.4979757085020243
0.5033333333333333
0.5
0.5
0.49333333333333335
0.4883720930232558
0.5133333333333333
0.5066666666666667
0.4857142857142857
0.5023255813953489
0.47619047619047616
0.5
0.46601941747572817
0.5054945054945055
0.449438202247191
0.46464646464646464
0.49
0.4318181818181818
0.5066666666666667
0.49206349206349204
0.48936170212765956
0.4942084942084942
0.49173553719008267
0.49034749034749037
0.4826086956521739
0.4924812030075188
0.46511627906976744
0.4896907216494845
0.4926829268292683
0.4888888888888889
0.49
0.48214285714285715
0.48
0.49295774647887325
0.4861111111111111
0.495
0.49321266968325794
0.4945652173913043
0.4962962962962963
0.48598130841121495
0.4878048780487805
0.4834123222748815
0.45454545454545453
0.49159663865546216
0.45
0.4953271028037383
0.4691358024691358
0.4956140350877193
0.49572649572649574
0.4827586206896552
0.5
0.49473684210526314
0.4642857142857143
0.48905109489051096
0.5033333333333333
0.5
0.49666666666666665
0.4793814432989691
0.5
0.49666666666666665
0.5
0.5033333333333333
0.5
0.5
0.5
0.489247311827957
0.49666666666666665
0.49666666666666665
0.5033333333333333
0.5
0.49606299212598426
0.5033333333333333
0.5
0.5
0.49666666666666665
0.49
0.49333333333333335
0.5034722222222222
0.49333333333333335
0.5033333333333333
0.5
0.5
0.49666666666666665
0.49666666666666665
0.5
0.49333333333333335
0.4943820224719101
0.4657534246575342
0.48484848484848486
0.49
0.5
0.5
0.5033333333333333
0.49333333333333335
0.5
0.5066666666666667
0.49333333333333335
0.49666666666666665
0.5033333333333333
0.5
0.49666666666666665
0.5033333333333333
0.5
0.49666666666666665
0.5
0.49666666666666665
0.5033333333333333
0.49666666666666665
0.51
0.5033333333333333
0.5
0.49666666666666665
0.5
0.5033333333333333
0.5
0.5033333333333333
0.5263157894736842
0.49333333333333335
0.5
0.5033333333333333
0.49666666666666665
0.5
0.49666666666666665
0.48214285714285715
0.5
0.5
0.49
0.5
0.4895397489539749
0.51
0.49666666666666665
0.51
0.49666666666666665
0.5
0.49696969696969695
0.5
0.5
0.49333333333333335
0.5033333333333333
0.49523809523809526
0.5
0.4966216216216216
0.5
0.4915254237288136
0.5033333333333333
0.49666666666666665
0.5789473684210527
0.5033333333333333
0.5117647058823529
0.5
0.5033333333333333
0.5
0.4819277108433735
0.5
0.4765625
0.5
0.5
0.5
0.49666666666666665
0.48760330578512395
0.5194805194805194
0.5033333333333333
0.49333333333333335
0.5
0.49666666666666665
0.5033333333333333
0.5056179775280899
0.5
0.49214659685863876
0.5033333333333333
0.5
0.5066666666666667
0.5066666666666667
0.5
0.51
0.49333333333333335
0.5
0.49666666666666665
0.5033333333333333
0.5020746887966805
0.5
0.5033333333333333
0.49666666666666665
0.5033333333333333
0.5033333333333333
0.5033333333333333
0.49666666666666665
0.5
0.5033333333333333
0.5
0.5033333333333333
0.49333333333333335
0.5
0.5033333333333333
0.5066666666666667
0.5
0.5
0.49666666666666665
0.49666666666666665
0.5066666666666667
0.5
0.49666666666666665
0.5033333333333333
0.5033333333333333
0.49666666666666665
0.5
0.49666666666666665
0.5
0.5
0.49666666666666665
0.5
0.5033333333333333
0.5033333333333333
0.5
0.5
0.49666666666666665
0.49666666666666665
0.5
0.5
0.5
0.5
0.5
0.5
0.49666666666666665
0.5033333333333333
0.5
0.5
0.49666666666666665
0.5
0.49666666666666665
0.49666666666666665
0.49666666666666665
0.5
0.5
0.49666666666666665
0.49666666666666665
0.5033333333333333
0.49333333333333335
0.5033333333333333
0.49333333333333335
0.4981684981684982
0.4979253112033195
0.4896265560165975
0.4951923076923077
0.4939759036144578
0.4945054945054945
0.4931506849315068
0.4794520547945205
0.4827586206896552
0.49382716049382713
0.46774193548387094
0.4806201550387597
0.47619047619047616
0.47580645161290325
0.47540983606557374
0.47692307692307695
0.4672131147540984
0.45535714285714285
0.4745762711864407
0.46017699115044247
0.4645669291338583
0.46875
0.4772727272727273
0.4672131147540984
0.4609375
0.45535714285714285
0.46825396825396826
0.44545454545454544
0.4645669291338583
0.45528455284552843
0.46774193548387094
0.4642857142857143
0.4603174603174603
0.46774193548387094
0.4609375
0.4666666666666667
0.46153846153846156
0.4596774193548387
0.45217391304347826
0.4573643410852713
0.46153846153846156
0.4596774193548387
0.46511627906976744
0.45217391304347826
0.4634146341463415
0.46923076923076923
0.46564885496183206
0.4632352941176471
0.4576271186440678
0.45081967213114754
0.46825396825396826
0.4596774193548387
0.4576271186440678
0.4714285714285714
0.44954128440366975
0.46616541353383456
0.45454545454545453
0.4626865671641791
0.47101449275362317
0.45901639344262296
0.4645669291338583
0.46564885496183206
0.4666666666666667
0.4596774193548387
0.45528455284552843
0.4596774193548387
0.4701492537313433
0.4666666666666667
0.4621212121212121
0.45985401459854014
0.45871559633027525
0.46511627906976744
0.45045045045045046
0.4626865671641791
0.4583333333333333
0.46564885496183206
0.46616541353383456
0.46017699115044247
0.452991452991453
0.45528455284552843
0.46616541353383456
0.4423076923076923
0.4528301886792453
0.4485981308411215
0.453781512605042
0.4609375
0.4368932038834951
0.453125
0.45161290322580644
0.42857142857142855
0.44715447154471544
0.4444444444444444
0.4336283185840708
0.4396551724137931
0.43434343434343436
0.4482758620689655
0.422680412371134
0.4339622641509434
0.43137254901960786
0.43564356435643564
0.4411764705882353
0.42718446601941745
0.43119266055045874
0.4339622641509434
0.4339622641509434
0.4158415841584158
0.44545454545454544
0.43
0.4215686274509804
0.4473684210526316
0.43243243243243246
0.42990654205607476
0.44036697247706424
0.4482758620689655
0.42990654205607476
0.4230769230769231
0.4358974358974359
0.4369747899159664
0.4336283185840708
0.43636363636363634
0.4482758620689655
0.4339622641509434
0.4375
0.42857142857142855
0.4326923076923077
0.4339622641509434
0.43243243243243246
0.4380952380952381
0.44
0.4423076923076923
0.4406779661016949
0.43636363636363634
0.422680412371134
0.4298245614035088
0.43636363636363634
0.42105263157894735
0.422680412371134
0.4392523364485981
0.42727272727272725
0.4392523364485981
0.43119266055045874
0.44166666666666665
0.42592592592592593
0.43636363636363634
0.41346153846153844
0.42592592592592593
0.42857142857142855
0.44537815126050423
0.43636363636363634
0.4339622641509434
0.43434343434343436
0.42857142857142855
0.4270833333333333
0.4406779661016949
0.43243243243243246
0.43859649122807015
0.4406779661016949
0.44036697247706424
0.422680412371134
0.4336283185840708
0.44715447154471544
0.42718446601941745
0.42105263157894735
0.4406779661016949
0.42727272727272725
0.43478260869565216
0.4424778761061947
0.4396551724137931
0.4434782608695652
0.4375
0.44166666666666665
0.45
0.45
0.43478260869565216
0.44144144144144143
0.43119266055045874
0.4375
0.42857142857142855
0.45384615384615384
0.4444444444444444
0.44036697247706424
0.43
0.453781512605042
0.45454545454545453
0.44881889763779526
0.44954128440366975
0.453781512605042
0.44
0.4392523364485981
0.45454545454545453
0.4573643410852713
0.43859649122807015
0.4473684210526316
0.45217391304347826
0.4434782608695652
0.44642857142857145
0.4566929133858268
0.456
0.4482758620689655
0.4523809523809524
0.45901639344262296
0.45081967213114754
0.4537037037037037
0.45081967213114754
0.45689655172413796
0.45
0.464
0.45454545454545453
0.45217391304347826
0.4626865671641791
0.4491525423728814
0.4434782608695652
0.45528455284552843
0.45454545454545453
0.464
0.44642857142857145
0.45
0.44954128440366975
0.4566929133858268
0.46218487394957986
0.4380952380952381
0.452991452991453
0.47101449275362317
0.4566929133858268
0.45454545454545453
0.47101449275362317
0.45217391304347826
0.46564885496183206
0.464
0.47244094488188976
0.46511627906976744
0.4744525547445255
0.46153846153846156
0.4740740740740741
0.475177304964539
0.4580152671755725
0.4755244755244755
0.4657534246575342
0.4726027397260274
0.46875
0.4714285714285714
0.46218487394957986
0.4722222222222222
0.4666666666666667
0.47244094488188976
0.46825396825396826
0.46825396825396826
0.46923076923076923
0.4728682170542636
0.4701492537313433
0.46153846153846156
0.47368421052631576
0.47244094488188976
0.46511627906976744
0.45528455284552843
0.47368421052631576
0.472
0.4728682170542636
0.4740740740740741
0.4661016949152542
0.4580152671755725
0.4748201438848921
0.4696969696969697
0.47619047619047616
0.4745762711864407
0.47586206896551725
0.46153846153846156
0.4672131147540984
0.47244094488188976
0.47692307692307695
0.46923076923076923
0.4701492537313433
0.4740740740740741
0.4861111111111111
0.47183098591549294
0.48175182481751827
0.48201438848920863
0.4782608695652174
0.4794520547945205
0.4791666666666667
0.48344370860927155
0.48125
0.4768211920529801
0.4825174825174825
0.4883720930232558
0.4911242603550296
0.4819277108433735
0.4797297297297297
0.4885057471264368
0.48484848484848486
0.48427672955974843
0.48936170212765956
0.4840764331210191
0.4869109947643979
0.4861878453038674
0.4930232558139535
0.49206349206349204
0.4878048780487805
0.48847926267281105
0.4880382775119617
0.48677248677248675
0.49038461538461536
0.49122807017543857
0.4959016393442623
0.49099099099099097
0.49019607843137253
0.49145299145299143
0.4900398406374502
0.49794238683127573
0.49280575539568344
0.4930875576036866
0.49572649572649574
0.4924812030075188
0.49333333333333335
0.4980392156862745
0.4981549815498155
0.4898785425101215
0.49469964664310956
0.4965277777777778
0.49666666666666665
0.49242424242424243
0.49454545454545457
0.49823321554770317
0.49480968858131485
0.4965986394557823
0.49666666666666665
0.49146757679180886
0.4930555555555556
0.4943820224719101
0.49333333333333335
0.49645390070921985
0.4962686567164179
0.4944649446494465
0.49110320284697506
0.496
0.49122807017543857
0.4945054945054945
0.48917748917748916
0.49038461538461536
0.49107142857142855
0.4909090909090909
0.4897959183673469
0.48826291079812206
0.49019607843137253
0.4898989898989899
0.4898989898989899
0.4861878453038674
0.48128342245989303
0.484375
0.49019607843137253
0.48826291079812206
0.4842105263157895
0.4895833333333333
0.484375
0.47674418604651164
0.480225988700565
0.48554913294797686
0.47643979057591623
0.4860335195530726
0.4861878453038674
0.48484848484848486
0.4838709677419355
0.4819277108433735
0.47560975609756095
0.48214285714285715
0.47368421052631576
0.4785276073619632
0.4805194805194805
0.4774193548387097
0.4823529411764706
0.46938775510204084
0.4726027397260274
0.4805194805194805
0.47019867549668876
0.47530864197530864
0.4774193548387097
0.47368421052631576
0.47368421052631576
0.47333333333333333
0.46774193548387094
0.4755244755244755
0.4748201438848921
0.46825396825396826
0.4662576687116564
0.4744525547445255
0.460431654676259
0.47770700636942676
0.46853146853146854
0.4634146341463415
0.47297297297297297
0.4632352941176471
0.46099290780141844
0.463768115942029
0.4632352941176471
0.464
0.4676258992805755
0.4748201438848921
0.47619047619047616
0.4697986577181208
0.4676258992805755
0.4580152671755725
0.463768115942029
0.45864661654135336
0.4647887323943662
0.4626865671641791
0.460431654676259
0.4583333333333333
0.4652777777777778
0.46808510638297873
0.4580152671755725
0.45864661654135336
0.46153846153846156
0.475177304964539
0.4634146341463415
0.47244094488188976
0.46218487394957986
0.46938775510204084
0.4580152671755725
0.4580152671755725
0.47183098591549294
0.46153846153846156
0.4676258992805755
0.46564885496183206
0.4714285714285714
0.4632352941176471
0.45925925925925926
0.4714285714285714
0.47058823529411764
0.464
0.46938775510204084
0.4596774193548387
0.4768211920529801
0.475177304964539
0.46835443037974683
0.47183098591549294
0.4720496894409938
0.47058823529411764
0.46808510638297873
0.46938775510204084
0.4696969696969697
0.47368421052631576
0.46853146853146854
0.47019867549668876
0.4722222222222222
0.4695121951219512
0.46808510638297873
0.4676258992805755
0.47058823529411764
0.4713375796178344
0.46153846153846156
0.46938775510204084
0.4657534246575342
0.46099290780141844
0.4645161290322581
0.46835443037974683
0.47019867549668876
0.46938775510204084
0.47019867549668876
0.47019867549668876
0.4768211920529801
0.4689655172413793
0.4642857142857143
0.4666666666666667
0.46258503401360546
0.47368421052631576
0.4697986577181208
0.4675324675324675
0.4689655172413793
0.47513812154696133
0.47096774193548385
0.4720496894409938
0.47093023255813954
0.46621621621621623
0.4697986577181208
0.46853146853146854
0.47297297297297297
0.46875
0.4714285714285714
0.47058823529411764
0.4697986577181208
0.4666666666666667
0.463768115942029
0.47096774193548385
0.46808510638297873
0.4713375796178344
0.4675324675324675
