0.49356223175965663
0.49606299212598426
0.49469964664310956
0.49666666666666665
0.4948453608247423
0.5
0.49818181818181817
0.49491525423728816
0.5
0.4965277777777778
0.49823321554770317
0.49666666666666665
0.4965034965034965
0.49666666666666665
0.49666666666666665
0.49666666666666665
0.49666666666666665
0.49666666666666665
0.49666666666666665
0.49666666666666665
0.5
0.49666666666666665
0.49640287769784175
0.4983277591973244
0.4982456140350877
0.4962686567164179
0.4943820224719101
0.5
0.49666666666666665
0.49666666666666665
0.49666666666666665
0.49666666666666665
0.49666666666666665
0.5
0.49666666666666665
0.49666666666666665
0.5
0.5
0.49666666666666665
0.5
0.49666666666666665
0.49666666666666665
0.49666666666666665
0.49666666666666665
0.49666666666666665
0.49666666666666665
0.49666666666666665
0.49666666666666665
0.49666666666666665
0.49666666666666665
0.49666666666666665
0.5
0.5
0.49666666666666665
0.49666666666666665
0.5
0.49666666666666665
0.5
0.49666666666666665
0.5
0.5
0.5
0.5
0.5
0.5
0.5
0.5
0.49666666666666665
0.5
0.5
0.49666666666666665
0.5
0.5
0.5
0.5
0.5
0.5
0.5
0.5
0.5
0.5
0.49666666666666665
0.49666666666666665
0.5
0.49666666666666665
0.5
0.5
0.49666666666666665
0.49666666666666665
0.5
0.5
0.49666666666666665
0.5
0.49666666666666665
0.5
0.49666666666666665
0.5
0.5
0.49666666666666665
0.5
0.5
0.5
0.49666666666666665
0.5
0.5
0.49666666666666665
0.5
0.49666666666666665
0.5
0.5
0.5
0.5
0.49666666666666665
0.5
0.49666666666666665
0.5
0.49666666666666665
0.49666666666666665
0.4961832061068702
0.49640287769784175
0.4925373134328358
0.4978540772532189
0.49407114624505927
0.4930232558139535
0.491869918699187
0.49557522123893805
0.4931506849315068
0.4954954954954955
0.4976303317535545
0.49295774647887325
0.4954128440366973
0.49514563106796117
0.49038461538461536
0.49065420560747663
0.4931506849315068
0.4888888888888889
0.49321266968325794
0.49794238683127573
0.49586776859504134
0.49615384615384617
0.49642857142857144
0.49829351535836175
0.49666666666666665
0.49666666666666665
0.49666666666666665
0.5
0.49666666666666665
0.5
0.5
0.5
0.5
0.49666666666666665
0.5
0.49666666666666665
0.5
0.49666666666666665
0.5
0.5
0.5
0.5
0.5
0.5033333333333333
0.5
0.5
0.5
0.5
0.5
0.5
0.5
0.49666666666666665
0.5
0.5
0.5
0.5
0.5
0.49666666666666665
0.5
0.5033333333333333
0.5
0.5
0.5
0.5
0.49666666666666665
0.5
0.5
0.5
0.5
0.5
0.5
0.5
0.5
0.5
0.5
0.49666666666666665
0.5
0.5
0.5
0.5
0.5
0.5
0.5
0.49666666666666665
0.49666666666666665
0.5
0.5
0.5
0.5
0.5
0.5
0.5
0.5033333333333333
0.49666666666666665
0.5
0.5
0.5
0.49666666666666665
0.5
0.5033333333333333
0.5
0.5
0.49666666666666665
0.5
0.5
0.5
0.5033333333333333
0.5
0.5
0.5
0.5
0.5
0.49666666666666665
0.5
0.5
0.5
0.5
0.5
0.5
0.5
0.5
0.5
0.5
0.5
0.5
0.5
0.5
0.5
0.5
0.5
0.5
0.5
0.5
0.5033333333333333
0.5
0.5
0.5
0.5
0.5
0.5
0.5
0.5
0.5
0.5
0.5
0.5
0.5
0.5
0.5
0.49666666666666665
0.5
0.5
0.5
0.5
0.5
0.5
0.5
0.5
0.5
0.5
0.5033333333333333
0.49666666666666665
0.5
0.5
0.5
0.5
0.5
0.5
0.5
0.5
0.5
0.5
0.5
0.5
0.5
0.5033333333333333
0.5
0.5
0.5
0.49666666666666665
0.5033333333333333
0.5
0.5
0.5033333333333333
0.5
0.5033333333333333
0.5033333333333333
0.5
0.5
0.5
0.5
0.5
0.5
0.5
0.5
0.5
0.5
0.49666666666666665
0.5
0.5
0.5
0.5
0.5
0.5
0.5
0.5033333333333333
0.5
0.5
0.4978165938864629
0.49523809523809526
0.43478260869565216
0.49673202614379086
0.5
0.49122807017543857
0.49044585987261147
0.4931506849315068
0.496551724137931
0.4892086330935252
0.4927536231884058
0.48760330578512395
0.45454545454545453
0.484375
0.4796747967479675
0.4444444444444444
0.42105263157894735
0.47619047619047616
0.4838709677419355
0.48360655737704916
0.47413793103448276
0.47368421052631576
0.4878048780487805
0.42857142857142855
0.47619047619047616
0.4666666666666667
0.4745762711864407
0.48760330578512395
0.4745762711864407
0.4838709677419355
0.4782608695652174
0.48360655737704916
0.47863247863247865
0.42857142857142855
0.45
0.47058823529411764
0.47058823529411764
0.4793388429752066
0.4838709677419355
0.48360655737704916
0.4745762711864407
0.4732142857142857
0.45454545454545453
0.47540983606557374
0.4789915966386555
0.4666666666666667
0.45
0.47107438016528924
0.47863247863247865
0.4230769230769231
0.484375
0.47863247863247865
0.4778761061946903
0.4690265486725664
0.47368421052631576
0.46956521739130436
0.4796747967479675
0.47368421052631576
0.48
0.475
0.47580645161290325
0.475
0.4789915966386555
0.47580645161290325
0.4846153846153846
0.47368421052631576
0.4881889763779528
0.48412698412698413
0.4765625
0.48091603053435117
0.48031496062992124
0.45
0.48412698412698413
0.47692307692307695
0.48091603053435117
0.48484848484848486
0.48091603053435117
0.4375
0.4859154929577465
0.48412698412698413
0.484375
0.47794117647058826
0.5
0.4796747967479675
0.4852941176470588
0.48031496062992124
0.4825174825174825
0.48412698412698413
0.472
0.4838709677419355
0.4796747967479675
0.4806201550387597
0.4166666666666667
0.4765625
0.47244094488188976
0.48091603053435117
0.4796747967479675
0.47619047619047616
0.48031496062992124
0.47619047619047616
0.472
0.484375
0.48031496062992124
0.4732824427480916
0.4765625
0.47619047619047616
0.4728682170542636
0.47413793103448276
0.48031496062992124
0.4772727272727273
0.47540983606557374
0.4732824427480916
0.4765625
0.4715447154471545
0.47692307692307695
0.4672131147540984
0.4765625
0.4772727272727273
0.48
0.4672131147540984
0.47244094488188976
0.4732824427480916
0.47540983606557374
0.47540983606557374
0.47540983606557374
0.47761194029850745
0.47580645161290325
0.4672131147540984
0.47368421052631576
0.46774193548387094
0.47244094488188976
0.47244094488188976
0.47244094488188976
0.47107438016528924
0.47540983606557374
0.47580645161290325
0.4666666666666667
0.4700854700854701
0.46923076923076923
0.464
0.47540983606557374
0.475
0.46956521739130436
0.47107438016528924
0.4666666666666667
0.472
0.475
0.4672131147540984
0.46551724137931033
0.4715447154471545
0.4649122807017544
0.4672131147540984
0.47244094488188976
0.46551724137931033
0.46551724137931033
0.46551724137931033
0.4649122807017544
0.46218487394957986
0.46153846153846156
0.46956521739130436
0.4642857142857143
0.4636363636363636
0.4608695652173913
0.4642857142857143
0.46153846153846156
0.46218487394957986
0.45871559633027525
0.4666666666666667
0.4636363636363636
0.46017699115044247
0.4594594594594595
0.4519230769230769
0.4608695652173913
0.4661016949152542
0.46017699115044247
0.45794392523364486
0.45454545454545453
0.46218487394957986
0.46153846153846156
0.4628099173553719
0.45454545454545453
0.45871559633027525
0.4634146341463415
0.46296296296296297
0.4666666666666667
0.46153846153846156
0.4628099173553719
0.46153846153846156
0.45689655172413796
0.46551724137931033
0.4649122807017544
0.45614035087719296
0.47058823529411764
0.4690265486725664
0.4672131147540984
0.4594594594594595
0.4576271186440678
0.47058823529411764
0.45535714285714285
0.4642857142857143
0.4649122807017544
0.45614035087719296
0.4666666666666667
0.4661016949152542
0.4642857142857143
0.4672131147540984
0.46551724137931033
0.4649122807017544
0.4649122807017544
0.4628099173553719
0.46956521739130436
0.464
0.4608695652173913
0.464
0.4672131147540984
0.46551724137931033
0.46218487394957986
0.4715447154471545
0.42857142857142855
0.47244094488188976
0.4634146341463415
0.4765625
0.47619047619047616
0.46875
0.47794117647058826
0.4794520547945205
0.46875
0.4782608695652174
0.48175182481751827
0.48226950354609927
0.4788732394366197
0.4755244755244755
0.48299319727891155
0.48322147651006714
0.4797297297297297
0.4868421052631579
0.4827586206896552
0.4840764331210191
0.48344370860927155
0.4774193548387097
0.47651006711409394
0.4840764331210191
0.4861111111111111
0.48717948717948717
0.4805194805194805
0.4866666666666667
0.4807692307692308
0.4875
0.4807692307692308
0.4866666666666667
0.48427672955974843
0.4838709677419355
0.48344370860927155
0.48717948717948717
0.4868421052631579
0.49056603773584906
0.4906832298136646
0.48366013071895425
0.4805194805194805
0.49044585987261147
0.4879518072289157
0.4880952380952381
0.484472049689441
0.4823529411764706
0.48520710059171596
0.4887640449438202
0.49404761904761907
0.4945054945054945
0.4945054945054945
0.4895833333333333
0.49
0.4950980392156863
0.495
0.4928909952606635
0.495
0.49523809523809526
0.4977578475336323
0.49282296650717705
0.4976303317535545
0.4930875576036866
0.4955357142857143
0.4955357142857143
0.5
0.49767441860465117
0.49382716049382713
0.49372384937238495
0.46153846153846156
0.49586776859504134
0.49583333333333335
0.4933920704845815
0.4979253112033195
0.4977973568281938
0.49583333333333335
0.4979757085020243
0.49794238683127573
0.5
0.4956140350877193
0.4956521739130435
0.5
0.4977578475336323
0.4977578475336323
0.49537037037037035
0.4975369458128079
0.4927536231884058
0.45
0.4972677595628415
0.49171270718232046
0.4945652173913043
0.49122807017543857
0.4906832298136646
0.4876543209876543
0.49032258064516127
0.4897959183673469
0.48366013071895425
0.4863013698630137
0.4892086330935252
0.4861111111111111
0.4861111111111111
0.48299319727891155
0.45
0.4788732394366197
0.48366013071895425
0.48299319727891155
0.4791666666666667
0.48299319727891155
0.4861111111111111
0.4805194805194805
0.49019607843137253
0.49044585987261147
0.4810126582278481
0.4876543209876543
0.49696969696969695
0.4878048780487805
0.4880952380952381
0.49101796407185627
0.47058823529411764
0.4878048780487805
0.49142857142857144
0.49056603773584906
0.4883720930232558
0.48863636363636365
0.48823529411764705
0.49171270718232046
0.4946236559139785
0.4913294797687861
0.4972067039106145
0.4919786096256685
0.4948453608247423
0.49504950495049505
0.495
0.49514563106796117
0.49504950495049505
0.49514563106796117
0.49523809523809526
0.49074074074074076
0.4978723404255319
0.49344978165938863
0.49612403100775193
0.49795918367346936
0.49387755102040815
0.49606299212598426
0.49609375
0.49586776859504134
0.5
0.5
0.5
0.49812734082397003
0.49473684210526314
0.49825783972125437
0.49640287769784175
0.49666666666666665
0.49666666666666665
0.5
0.49666666666666665
0.49666666666666665
0.5
0.5
0.5
0.49666666666666665
0.49666666666666665
0.5
0.49666666666666665
0.5
0.49666666666666665
0.5
0.5
0.49666666666666665
0.5
0.5
0.5
0.5
0.49666666666666665
0.5
0.49666666666666665
0.5
0.5
0.5
0.5
0.5
0.5
0.5
0.5
0.5
0.49666666666666665
0.5
0.5
0.5
0.5
0.5
0.5
0.5
0.5
0.49666666666666665
0.5
0.5
0.5
0.5
0.5
0.49666666666666665
0.5033333333333333
0.5
0.49666666666666665
0.5
0.5033333333333333
0.49666666666666665
0.49666666666666665
0.49666666666666665
0.5
0.49666666666666665
0.5
0.5
0.5033333333333333
0.5
0.5
0.5
0.5
0.49666666666666665
0.49666666666666665
0.5
0.5
0.49666666666666665
0.5
0.5
0.5
0.5
0.5
0.4375
0.49666666666666665
0.5
0.6363636363636364
0.5833333333333334
0.5454545454545454
0.6363636363636364
0.49
0.45454545454545453
0.509009009009009
0.7777777777777778
0.4666666666666667
0.6363636363636364
0.6363636363636364
0.7
0.5
0.527027027027027
0.5033333333333333
0.6363636363636364
0.37037037037037035
0.7
0.7272727272727273
0.6666666666666666
0.4393939393939394
0.46153846153846156
0.5
0.6
0.43333333333333335
0.7
0.5106382978723404
0.7272727272727273
0.8
0.4074074074074074
0.6363636363636364
0.4945054945054945
0.6
0.7
0.6363636363636364
0.6363636363636364
0.7272727272727273
0.5833333333333334
0.5033333333333333
0.5384615384615384
0.6363636363636364
0.49666666666666665
0.48
0.5833333333333334
0.4864864864864865
0.5033333333333333
0.6
0.5
0.5
0.5
0.49504950495049505
0.5
0.5
0.6363636363636364
0.8
0.6666666666666666
0.6363636363636364
0.8888888888888888
0.8
0.7
0.8
0.7777777777777778
0.39285714285714285
0.5
0.9
0.9
0.7777777777777778
0.6
0.9
0.875
0.5
0.75
0.7777777777777778
0.8
0.8181818181818182
0.8
0.9
0.7777777777777778
0.9
0.8
0.7
0.7777777777777778
0.8888888888888888
0.8
1.0
0.7
0.6363636363636364
0.7777777777777778
0.8
0.6
1.0
0.8888888888888888
0.9
0.5833333333333334
0.6
0.7777777777777778
0.6666666666666666
0.8
0.8
0.7777777777777778
0.8888888888888888
0.9090909090909091
0.6
0.6666666666666666
0.8
0.7777777777777778
1.0
0.7777777777777778
0.9
0.7777777777777778
0.8888888888888888
0.9
0.75
0.7272727272727273
0.8
0.8
0.8181818181818182
0.7777777777777778
0.9
0.8888888888888888
1.0
0.9
0.8888888888888888
0.8888888888888888
0.7
0.8181818181818182
0.875
0.6666666666666666
0.7777777777777778
0.8888888888888888
0.7777777777777778
0.8888888888888888
0.75
0.8
0.8181818181818182
0.875
0.7777777777777778
0.7272727272727273
0.8
0.7777777777777778
0.8181818181818182
0.6666666666666666
0.9
0.7777777777777778
0.9090909090909091
0.9
0.7777777777777778
0.5833333333333334
0.7272727272727273
0.8
0.7777777777777778
0.8
0.7
0.7
0.9
0.7
0.7272727272727273
0.5454545454545454
0.7272727272727273
0.8
0.9
0.8888888888888888
0.8888888888888888
1.0
0.8
0.75
0.6666666666666666
0.7777777777777778
0.7
0.9090909090909091
0.8888888888888888
0.6666666666666666
0.6666666666666666
0.7777777777777778
0.7272727272727273
0.7
0.7
0.6666666666666666
0.6363636363636364
0.8888888888888888
0.7272727272727273
0.9
0.9
0.9
0.7272727272727273
0.6
0.7777777777777778
0.7272727272727273
0.7777777777777778
0.7777777777777778
0.8888888888888888
0.6
0.75
0.8888888888888888
0.6666666666666666
0.6363636363636364
0.7777777777777778
0.6666666666666666
0.9
0.8888888888888888
0.7272727272727273
0.8
0.8
0.8888888888888888
0.75
0.9
0.6666666666666666
0.7
0.9
0.7777777777777778
0.7
0.8888888888888888
0.8
0.8181818181818182
0.9
0.9
0.9
0.7
0.9
0.7777777777777778
0.7
0.7777777777777778
0.8888888888888888
1.0
0.7777777777777778
