0.7692307692307693
0.8
0.6818181818181818
0.47619047619047616
0.6666666666666666
0.6
0.5
0.5238095238095238
0.6923076923076923
0.5238095238095238
0.6666666666666666
0.5128205128205128
0.5263157894736842
0.4
0.5
0.8
0.4838709677419355
0.5
0.4444444444444444
0.5079365079365079
0.4583333333333333
0.5238095238095238
0.45161290322580644
0.42105263157894735
0.3333333333333333
0.5
0.4807692307692308
0.5098039215686274
0.5454545454545454
0.47368421052631576
0.5116279069767442
0.5555555555555556
0.46938775510204084
0.5
0.5217391304347826
0.46296296296296297
0.4375
0.5555555555555556
0.509090909090909
0.47761194029850745
0.5283018867924528
0.5454545454545454
0.5517241379310345
0.5714285714285714
0.5384615384615384
0.5405405405405406
0.5
0.524390243902439
0.5476190476190477
0.5217391304347826
0.46153846153846156
0.48148148148148145
0.52
0.5161290322580645
0.46153846153846156
0.4666666666666667
0.47368421052631576
0.5277777777777778
0.53125
0.5
0.4782608695652174
0.5151515151515151
0.484375
0.45161290322580644
0.4883720930232558
0.47368421052631576
0.5666666666666667
0.5454545454545454
0.4625
0.5263157894736842
0.4953271028037383
0.5357142857142857
0.5283018867924528
0.5
0.5384615384615384
0.5263157894736842
0.4895833333333333
0.5402298850574713
0.5106382978723404
0.49019607843137253
0.5128205128205128
0.4782608695652174
0.546875
0.5
0.5310344827586206
0.5421686746987951
0.5161290322580645
0.4819277108433735
0.484375
0.4642857142857143
0.48333333333333334
0.463768115942029
0.487012987012987
0.524390243902439
0.4523809523809524
0.48936170212765956
0.5454545454545454
0.5636363636363636
0.4625
0.47959183673469385
0.5342465753424658
0.4838709677419355
0.48427672955974843
0.46987951807228917
0.524390243902439
0.5454545454545454
0.4444444444444444
0.47058823529411764
0.5576923076923077
0.5170068027210885
0.4528301886792453
0.5206611570247934
0.5371900826446281
0.5454545454545454
0.5588235294117647
0.4808743169398907
0.5569620253164557
0.5050505050505051
0.5555555555555556
0.5177664974619289
0.5566037735849056
0.5614035087719298
0.5327868852459017
0.5341614906832298
0.5
0.5176470588235295
0.5139664804469274
0.5266272189349113
0.53
0.535483870967742
0.5186915887850467
0.5476190476190477
0.5203619909502263
0.5185185185185185
0.5357142857142857
0.5259259259259259
0.505
0.5347593582887701
0.5168539325842697
0.5
0.4930232558139535
0.5166666666666667
0.5026455026455027
0.5460992907801419
0.5100671140939598
0.5079365079365079
0.532258064516129
0.5338983050847458
0.5121951219512195
0.5416666666666666
0.5196850393700787
0.5095541401273885
0.5
0.532258064516129
0.5581395348837209
0.5220588235294118
0.5121107266435986
0.5167785234899329
0.5
0.5038167938931297
0.4943820224719101
0.5
0.49666666666666665
0.49333333333333335
0.5033333333333333
0.49
0.49333333333333335
0.5
0.5
0.5
0.49333333333333335
0.498220640569395
0.5
0.5
0.51
0.5066666666666667
0.5033333333333333
0.51
0.5
0.5
0.5033333333333333
0.49666666666666665
0.51
0.49666666666666665
0.5066666666666667
0.49333333333333335
0.5033333333333333
0.5066666666666667
0.5066666666666667
0.5033333333333333
0.49666666666666665
0.5
0.5066666666666667
0.5066666666666667
0.5027932960893855
0.4956521739130435
0.5166666666666667
0.5033333333333333
0.5156794425087108
0.5133333333333333
0.5133333333333333
0.5166666666666667
0.5166666666666667
0.5109489051094891
0.51
0.503968253968254
0.5066666666666667
0.5100671140939598
0.5133333333333333
0.5083612040133779
0.5133333333333333
0.51
0.5066666666666667
0.4943820224719101
0.5133333333333333
0.4962686567164179
0.5066666666666667
0.4883720930232558
0.49808429118773945
0.49666666666666665
0.5033333333333333
0.5
0.48739495798319327
0.5043478260869565
0.49333333333333335
0.4982456140350877
0.5133333333333333
0.51
0.5066666666666667
0.5018867924528302
0.5061224489795918
0.5021097046413502
0.49666666666666665
0.5066666666666667
0.5133333333333333
0.51
0.4962962962962963
0.5060240963855421
0.5066666666666667
0.495
0.49666666666666665
0.506896551724138
0.5
0.49333333333333335
0.49666666666666665
0.49
0.5017667844522968
0.4890829694323144
0.5
0.5124378109452736
0.5
0.49528301886792453
0.4866666666666667
0.49666666666666665
0.5
0.5027322404371585
0.4866666666666667
0.49828178694158076
0.5201793721973094
0.49666666666666665
0.5093457943925234
0.5023696682464455
0.49666666666666665
0.5
0.4866666666666667
0.5103092783505154
0.5020408163265306
0.49280575539568344
0.5
0.4912891986062718
0.49666666666666665
0.49
0.5097087378640777
0.49333333333333335
0.5
0.5097087378640777
0.4866666666666667
0.5066666666666667
0.4975124378109453
0.5037878787878788
0.5026737967914439
0.4965277777777778
0.49642857142857144
0.4866920152091255
0.5104602510460251
0.4866666666666667
0.49146757679180886
0.5106382978723404
0.5063829787234042
0.49666666666666665
0.5104895104895105
0.4970414201183432
0.508833922261484
0.5084745762711864
0.49333333333333335
0.48148148148148145
0.4973821989528796
0.5066666666666667
0.4911504424778761
0.4942528735632184
0.49818181818181817
0.4943181818181818
0.4866666666666667
0.5089285714285714
0.48295454545454547
0.49765258215962443
0.49693251533742333
0.514018691588785
0.5227272727272727
0.532608695652174
0.5252525252525253
0.48823529411764705
0.5
0.5348837209302325
0.5294117647058824
0.49710982658959535
0.5
0.5357142857142857
0.5333333333333333
0.5402298850574713
0.5087719298245614
0.5432098765432098
0.5357142857142857
0.5333333333333333
0.5340909090909091
0.5569620253164557
0.5301204819277109
0.49390243902439024
0.5348837209302325
0.5434782608695652
0.5647058823529412
0.52
0.5263157894736842
0.5045045045045045
0.5148514851485149
0.5104166666666666
0.5368421052631579
0.49
0.5454545454545454
0.5529411764705883
0.5357142857142857
0.5428571428571428
0.5333333333333333
0.5027027027027027
0.514018691588785
0.5257731958762887
0.5483870967741935
0.5
0.5114503816793893
0.5173913043478261
0.5225225225225225
0.5225225225225225
0.5137614678899083
0.5159817351598174
0.511520737327189
0.5024875621890548
0.5162790697674419
0.5289256198347108
0.5149700598802395
0.5288461538461539
0.5071428571428571
0.503448275862069
0.5037037037037037
0.5210084033613446
0.525
0.507177033492823
0.5041322314049587
0.5081967213114754
0.5078534031413613
0.5075757575757576
0.5026178010471204
0.5120772946859904
0.5133928571428571
0.5204081632653061
0.5238095238095238
0.5180180180180181
0.5113122171945701
0.5135135135135135
0.5
0.5033333333333333
0.5033333333333333
0.5066666666666667
0.5033333333333333
0.5033333333333333
0.5066666666666667
0.5066666666666667
0.5066666666666667
0.51
0.5066666666666667
0.5033333333333333
0.5066666666666667
0.5
0.5033333333333333
0.5066666666666667
0.5066666666666667
0.5
0.5066666666666667
0.5066666666666667
0.5033333333333333
0.49666666666666665
0.5033333333333333
0.5
0.5033333333333333
0.5
0.5
0.49666666666666665
0.5033333333333333
0.5033333333333333
0.5
0.5
0.5
0.5033333333333333
0.5
0.5
0.5066666666666667
0.5
0.49333333333333335
0.5
0.5
0.5066666666666667
0.5
0.5033333333333333
0.5033333333333333
0.5033333333333333
0.5033333333333333
0.5066666666666667
0.49333333333333335
0.5
0.5033333333333333
0.5033333333333333
0.51
0.5
0.5033333333333333
0.5033333333333333
0.5066666666666667
0.5066666666666667
0.5066666666666667
0.5066666666666667
0.5
0.5
0.5
0.5
0.5066666666666667
0.49666666666666665
0.49666666666666665
0.5
0.5
0.5
0.49666666666666665
0.49666666666666665
0.5
0.5
0.5
0.5
0.5
0.5033333333333333
0.5074626865671642
0.5033333333333333
0.5066666666666667
0.5
0.5033333333333333
0.5101351351351351
0.5066666666666667
0.5053003533568905
0.5055350553505535
0.5109489051094891
0.5142857142857142
0.5078125
0.509009009009009
0.52
0.5152838427947598
0.5067264573991032
0.5045454545454545
0.5069767441860465
0.515
0.5087719298245614
0.5076923076923077
0.5416666666666666
0.5207100591715976
0.5235294117647059
0.5169491525423728
0.5212121212121212
0.5240963855421686
0.5036496350364964
0.5342465753424658
0.5263157894736842
0.538961038961039
0.5217391304347826
0.5153846153846153
0.525974025974026
0.5212121212121212
0.5246913580246914
0.5287356321839081
0.5316455696202531
0.5153846153846153
0.5276073619631901
0.5170068027210885
0.5341614906832298
0.5517241379310345
0.5274725274725275
0.5384615384615384
0.5251396648044693
0.5345911949685535
0.5240963855421686
0.5202312138728323
0.5279503105590062
0.5256410256410257
0.5276073619631901
0.5269461077844312
0.5209580838323353
0.5222929936305732
0.525
0.5253164556962026
0.5269461077844312
0.5229885057471264
0.5432098765432098
0.5240963855421686
0.5298013245033113
0.5205479452054794
0.5217391304347826
0.5416666666666666
0.5416666666666666
0.5073529411764706
0.5128205128205128
0.5286624203821656
0.525
0.5207100591715976
0.524390243902439
0.5227272727272727
0.5185185185185185
0.5483870967741935
0.5284090909090909
0.5240963855421686
0.521505376344086
0.5067567567567568
0.5166666666666667
0.5209580838323353
0.5248618784530387
0.5277777777777778
0.5254237288135594
0.5164835164835165
0.5233160621761658
0.5212765957446809
0.518324607329843
0.5181347150259067
0.521978021978022
0.5174418604651163
0.5141242937853108
0.5138121546961326
0.5257142857142857
0.5151515151515151
0.5139664804469274
0.5272727272727272
0.521505376344086
0.5207100591715976
0.514792899408284
0.5061728395061729
0.5232558139534884
0.50625
0.51875
0.5225806451612903
0.5193798449612403
0.5189873417721519
0.5217391304347826
0.5159235668789809
0.5165562913907285
0.5151515151515151
0.5214723926380368
0.5207100591715976
0.5190839694656488
0.5131578947368421
0.5140845070422535
0.5179856115107914
0.5144927536231884
0.5220588235294118
0.5223880597014925
0.5190839694656488
0.5223880597014925
0.5223880597014925
0.5193798449612403
0.5170068027210885
0.51875
0.518796992481203
0.5211267605633803
0.5223880597014925
0.52
0.524822695035461
0.518796992481203
0.5255474452554745
0.5229885057471264
0.5266666666666666
0.5144927536231884
0.5227272727272727
0.5147058823529411
0.5210084033613446
0.5245901639344263
0.5193798449612403
0.5182481751824818
0.5263157894736842
0.5327868852459017
0.5147058823529411
0.5317460317460317
0.5161290322580645
0.52
0.5263157894736842
0.5202702702702703
0.5241379310344828
0.5165562913907285
0.5259259259259259
0.5197368421052632
0.5185185185185185
0.515625
0.5167785234899329
0.52
0.5161290322580645
0.5131578947368421
0.5245901639344263
0.5211267605633803
0.5227272727272727
0.5202702702702703
0.5185185185185185
0.5167785234899329
0.5182481751824818
0.5260115606936416
0.5131578947368421
0.5189873417721519
0.5163398692810458
0.5255474452554745
0.5208333333333334
0.524822695035461
0.5220588235294118
0.5212121212121212
0.52046783625731
0.5240963855421686
0.5238095238095238
0.519774011299435
0.5182926829268293
0.5240641711229946
0.5172413793103449
0.5229885057471264
0.5195530726256983
0.5164835164835165
0.5202312138728323
0.5133689839572193
0.5166666666666667
0.5125628140703518
0.5177664974619289
0.5083798882681564
0.5172413793103449
0.518918918918919
0.518918918918919
0.5170731707317073
0.5130890052356021
0.5132275132275133
0.515
0.5153061224489796
0.5208333333333334
0.515
0.5243243243243243
0.5126903553299492
0.518918918918919
0.5174418604651163
0.52046783625731
0.5176470588235295
0.5263157894736842
0.5176470588235295
0.5139664804469274
0.5149700598802395
0.524390243902439
0.5163398692810458
0.5159235668789809
0.5272727272727272
0.5174825174825175
0.5205479452054794
0.5225806451612903
0.5214285714285715
0.5227272727272727
0.5221238938053098
0.5317460317460317
0.5323741007194245
0.5344827586206896
0.5179856115107914
0.5227272727272727
0.5241935483870968
0.5185185185185185
0.5304347826086957
0.5241935483870968
0.5277777777777778
0.5309734513274337
0.53
0.5714285714285714
0.5353535353535354
0.5471698113207547
0.5350877192982456
0.5445544554455446
0.5412844036697247
0.5517241379310345
0.5652173913043478
0.5304347826086957
0.5520833333333334
0.5454545454545454
0.5384615384615384
0.5428571428571428
0.5666666666666667
0.5185185185185185
0.5412844036697247
0.5714285714285714
0.5555555555555556
0.5666666666666667
0.5523809523809524
0.5454545454545454
0.5483870967741935
0.5321100917431193
0.5714285714285714
0.575
0.5666666666666667
0.5416666666666666
0.5350877192982456
0.5353535353535354
0.5333333333333333
0.5420560747663551
0.5757575757575758
0.5514018691588785
0.5454545454545454
0.5490196078431373
0.5384615384615384
0.5321100917431193
0.5483870967741935
0.5420560747663551
0.5363636363636364
0.5454545454545454
0.5535714285714286
0.5471698113207547
0.5446428571428571
0.5544554455445545
0.5517241379310345
0.5555555555555556
0.5384615384615384
0.5462962962962963
0.5370370370370371
0.5370370370370371
0.5339805825242718
0.543859649122807
0.5321100917431193
0.5299145299145299
0.5210084033613446
0.5289256198347108
0.5357142857142857
0.5309734513274337
0.5227272727272727
0.5344827586206896
0.5263157894736842
0.525
0.5229357798165137
0.5267175572519084
0.525
0.536
0.5225225225225225
0.528
0.5185185185185185
0.528169014084507
0.5303030303030303
0.5354330708661418
0.5294117647058824
0.5206611570247934
0.5220588235294118
0.5223880597014925
0.5277777777777778
0.5263157894736842
0.5158730158730159
0.5303030303030303
0.5517241379310345
0.5298013245033113
0.5254237288135594
0.5328467153284672
0.5294117647058824
0.5214285714285715
0.5307692307692308
0.5263157894736842
0.5251798561151079
0.5263157894736842
0.5238095238095238
0.5194805194805194
0.5214285714285715
0.5234899328859061
0.524822695035461
0.52
0.5222929936305732
0.52
0.5275590551181102
0.5208333333333334
0.5208333333333334
0.5211267605633803
0.5238095238095238
0.5241379310344828
0.5255474452554745
0.528169014084507
0.525
0.5256410256410257
0.5253164556962026
0.5272727272727272
0.5229885057471264
0.5178571428571429
0.5253164556962026
0.5232558139534884
0.5222929936305732
0.5227272727272727
0.5217391304347826
0.5176470588235295
0.5212765957446809
0.5124378109452736
0.5191256830601093
0.5078534031413613
0.5104166666666666
0.5064935064935064
0.5130434782608696
0.5114503816793893
0.5040983606557377
0.5050167224080268
0.5072463768115942
0.5084745762711864
0.5120274914089347
0.5033333333333333
0.51
0.5
0.5033333333333333
0.5033333333333333
0.5033333333333333
0.5
0.5
0.5033333333333333
0.5033333333333333
0.5066666666666667
0.5033333333333333
0.5033333333333333
0.5033333333333333
0.5033333333333333
0.5
0.5066666666666667
0.5066666666666667
0.5033333333333333
0.5033333333333333
0.5033333333333333
0.5066666666666667
0.5
0.5
0.5066666666666667
0.5033333333333333
0.5066666666666667
0.5033333333333333
0.5033333333333333
0.5033333333333333
0.5
0.5033333333333333
0.5033333333333333
0.5033333333333333
0.5
0.5066666666666667
0.5033333333333333
0.5033333333333333
0.5066666666666667
0.5033333333333333
0.5
0.5033333333333333
0.5066666666666667
0.5033333333333333
0.5033333333333333
0.5033333333333333
0.5
0.5033333333333333
0.5033333333333333
0.5
0.5
0.5033333333333333
0.5066666666666667
0.5033333333333333
0.5033333333333333
0.5033333333333333
0.5066666666666667
0.5033333333333333
0.5033333333333333
0.5066666666666667
0.5033333333333333
0.5
0.5050505050505051
0.5033333333333333
0.5066666666666667
0.5050847457627119
0.5076923076923077
0.5093632958801498
0.5072992700729927
0.5094339622641509
0.5102739726027398
0.5060728744939271
0.505
0.5062761506276151
0.5110132158590308
0.5123152709359606
0.51
0.515
0.5175879396984925
0.5126903553299492
0.517948717948718
0.5133689839572193
0.5153061224489796
0.5193370165745856
0.5151515151515151
0.5135135135135135
0.5193370165745856
0.5126903553299492
0.5139664804469274
0.5111111111111111
0.5174418604651163
0.5148514851485149
0.5116279069767442
0.5153061224489796
0.5142857142857142
0.52046783625731
0.5159574468085106
0.5163043478260869
0.5195530726256983
0.5168539325842697
0.5178571428571429
0.5168539325842697
0.5276073619631901
0.5220125786163522
0.5209580838323353
0.5121951219512195
0.5209580838323353
0.5126582278481012
0.5298013245033113
0.5263157894736842
0.5240963855421686
0.527027027027027
0.5220125786163522
0.5324675324675324
0.5333333333333333
0.5225806451612903
0.5364238410596026
0.5306122448979592
0.5256410256410257
0.5238095238095238
0.525974025974026
0.525974025974026
0.5352112676056338
0.5266666666666666
0.5238095238095238
0.5266666666666666
0.5347222222222222
0.5234899328859061
0.5298013245033113
0.51875
0.5217391304347826
0.5225806451612903
0.5263157894736842
0.5231788079470199
0.5263157894736842
0.525974025974026
0.56
0.5238095238095238
0.5220125786163522
0.5225806451612903
0.528169014084507
0.55
0.5225806451612903
0.5286624203821656
0.5238095238095238
0.5255474452554745
0.5266666666666666
0.5208333333333334
0.5304878048780488
0.5310344827586206
0.5314685314685315
0.5238095238095238
0.5231788079470199
0.5294117647058824
0.5263157894736842
0.5208333333333334
0.5263157894736842
0.5256410256410257
0.5277777777777778
0.5328947368421053
0.524822695035461
0.5298013245033113
0.5314685314685315
0.5228758169934641
0.5333333333333333
0.535031847133758
0.5273972602739726
0.5238095238095238
0.5273972602739726
0.5212121212121212
0.5316455696202531
0.5253164556962026
0.5202312138728323
0.5220125786163522
0.5364238410596026
0.5157232704402516
0.5253164556962026
0.5483870967741935
