0.4375
0.5
0.46153846153846156
0.8888888888888888
0.5098039215686274
0.7692307692307693
0.4888888888888889
0.2857142857142857
0.4857142857142857
0.6086956521739131
0.45454545454545453
0.5
0.5142857142857142
0.42857142857142855
0.5
0.5416666666666666
0.4772727272727273
0.2222222222222222
0.4230769230769231
0.5789473684210527
0.35
0.4716981132075472
0.4861111111111111
0.5666666666666667
0.5
0.4
0.5
0.5405405405405406
0.5151515151515151
0.5789473684210527
0.5416666666666666
0.42105263157894735
0.5384615384615384
0.48214285714285715
0.5238095238095238
0.4864864864864865
0.525
0.5416666666666666
0.47058823529411764
0.5121951219512195
0.5
0.5
0.5
0.5106382978723404
0.52
0.5
0.5
0.5306122448979592
0.5208333333333334
0.5555555555555556
0.5555555555555556
0.48484848484848486
0.5185185185185185
0.43243243243243246
0.5357142857142857
0.453125
0.48484848484848486
0.5507246376811594
0.4716981132075472
0.47126436781609193
0.4444444444444444
0.47619047619047616
0.4722222222222222
0.4807692307692308
0.4583333333333333
0.48314606741573035
0.5378787878787878
0.4716981132075472
0.47619047619047616
0.48214285714285715
0.45454545454545453
0.43037974683544306
0.5031055900621118
0.509090909090909
0.5384615384615384
0.5227272727272727
0.5615384615384615
0.48717948717948717
0.4626865671641791
0.5652173913043478
0.5114503816793893
0.5026737967914439
0.5267857142857143
0.5038759689922481
0.48484848484848486
0.5196078431372549
0.5102040816326531
0.5210526315789473
0.5268817204301075
0.5083798882681564
0.4978165938864629
0.5483870967741935
0.5333333333333333
0.4697674418604651
0.4768211920529801
0.5094339622641509
0.4880952380952381
0.5084745762711864
0.49710982658959535
0.4868421052631579
0.4827586206896552
0.4859154929577465
0.5038167938931297
0.5058365758754864
0.5138888888888888
0.48333333333333334
0.5164835164835165
0.4967741935483871
0.49666666666666665
0.5126050420168067
0.5229357798165137
0.5
0.51
0.5215311004784688
0.51
0.49666666666666665
0.5059760956175299
0.5172413793103449
0.5102040816326531
0.5217391304347826
0.5129310344827587
0.5058823529411764
0.5504587155963303
0.5348837209302325
0.5285714285714286
0.524390243902439
0.5244755244755245
0.5123152709359606
0.5423728813559322
0.5285714285714286
0.5220588235294118
0.526595744680851
0.5157894736842106
0.5119617224880383
0.5555555555555556
0.5241379310344828
0.5384615384615384
0.5161290322580645
0.5137254901960784
0.5153061224489796
0.5033333333333333
0.5052083333333334
0.5125448028673835
0.5033333333333333
0.5033333333333333
0.5
0.5033333333333333
0.49333333333333335
0.5
0.5
0.5064102564102564
0.49666666666666665
0.5
0.5
0.5033333333333333
0.5
0.5066666666666667
0.49666666666666665
0.5
0.5076335877862596
0.49666666666666665
0.49333333333333335
0.5066666666666667
0.5066666666666667
0.4962962962962963
0.5095238095238095
0.5
0.4090909090909091
0.48986486486486486
0.49333333333333335
0.48863636363636365
0.5033333333333333
0.5033333333333333
0.49333333333333335
0.49609375
0.49
0.5119617224880383
0.49666666666666665
0.5059523809523809
0.5163043478260869
0.49666666666666665
0.49666666666666665
0.5033333333333333
0.49666666666666665
0.5
0.5066666666666667
0.49333333333333335
0.49666666666666665
0.49333333333333335
0.5066666666666667
0.5
0.5066666666666667
0.5033333333333333
0.49666666666666665
0.5066666666666667
0.5033333333333333
0.5
0.51
0.5066666666666667
0.5133333333333333
0.49666666666666665
0.49333333333333335
0.5066666666666667
0.49666666666666665
0.5033333333333333
0.5033333333333333
0.5
0.5066666666666667
0.5066666666666667
0.5
0.5
0.49666666666666665
0.5
0.5066666666666667
0.49666666666666665
0.5066666666666667
0.5066666666666667
0.4866666666666667
0.5111111111111111
0.5
0.48863636363636365
0.5066666666666667
0.51
0.5066666666666667
0.49666666666666665
0.5
0.5033333333333333
0.5033333333333333
0.49666666666666665
0.49333333333333335
0.5066666666666667
0.49666666666666665
0.49469964664310956
0.49666666666666665
0.4858757062146893
0.4854014598540146
0.4918032786885246
0.4916387959866221
0.4875
0.49666666666666665
0.5
0.4866666666666667
0.48788927335640137
0.5
0.49137931034482757
0.48091603053435117
0.4926829268292683
0.49666666666666665
0.5033333333333333
0.48366013071895425
0.5
0.47107438016528924
0.45652173913043476
0.46774193548387094
0.47928994082840237
0.4444444444444444
0.4473684210526316
0.46875
0.4855072463768116
0.46938775510204084
0.43137254901960786
0.4489795918367347
0.46511627906976744
0.4485981308411215
0.453125
0.4645161290322581
0.4444444444444444
0.4716981132075472
0.45714285714285713
0.4528301886792453
0.47586206896551725
0.43564356435643564
0.4566929133858268
0.456
0.4661016949152542
0.4797297297297297
0.4473684210526316
0.46825396825396826
0.48823529411764705
0.460431654676259
0.4666666666666667
0.4782608695652174
0.4672131147540984
0.47368421052631576
0.477124183006536
0.4742857142857143
0.484375
0.48148148148148145
0.4666666666666667
0.48255813953488375
0.4818181818181818
0.4934210526315789
0.4841628959276018
0.4716981132075472
0.48717948717948717
0.4908256880733945
0.48951048951048953
0.4890829694323144
0.4881889763779528
0.48760330578512395
0.5
0.4867924528301887
0.5
0.49666666666666665
0.49666666666666665
0.49333333333333335
0.49333333333333335
0.5
0.49
0.5033333333333333
0.5
0.5033333333333333
0.49666666666666665
0.5
0.5
0.5066666666666667
0.49666666666666665
0.5033333333333333
0.5066666666666667
0.4956521739130435
0.5
0.5066666666666667
0.5
0.5072463768115942
0.49333333333333335
0.49491525423728816
0.5
0.49
0.49
0.5
0.49666666666666665
0.5031055900621118
0.5066666666666667
0.5033333333333333
0.5033333333333333
0.5024154589371981
0.49333333333333335
0.49666666666666665
0.49333333333333335
0.5033333333333333
0.5033333333333333
0.49333333333333335
0.5
0.5033333333333333
0.5
0.5
0.49666666666666665
0.5066666666666667
0.49666666666666665
0.5066666666666667
0.5
0.5
0.5
0.5033333333333333
0.49333333333333335
0.49666666666666665
0.5
0.5033333333333333
0.5033333333333333
0.49666666666666665
0.5
0.5
0.5066666666666667
0.5033333333333333
0.5033333333333333
0.5
0.5
0.5
0.5
0.5033333333333333
0.5033333333333333
0.5
0.49666666666666665
0.5
0.5033333333333333
0.49666666666666665
0.5
0.5
0.5066666666666667
0.5066666666666667
0.5066666666666667
0.49666666666666665
0.5
0.5
0.5
0.5033333333333333
0.5
0.5
0.5033333333333333
0.51
0.49
0.5033333333333333
0.5066666666666667
0.5
0.49333333333333335
0.5
0.5
0.49666666666666665
0.5
0.49666666666666665
0.5066666666666667
0.49666666666666665
0.5066666666666667
0.51
0.49666666666666665
0.49666666666666665
0.49666666666666665
0.5
0.5
0.5066666666666667
0.49666666666666665
0.5
0.49666666666666665
0.5
0.5
0.49666666666666665
0.49333333333333335
0.49333333333333335
0.49310344827586206
0.49333333333333335
0.49666666666666665
0.45544554455445546
0.5
0.49666666666666665
0.5
0.49666666666666665
0.5
0.5
0.49666666666666665
0.5
0.5033333333333333
0.49230769230769234
0.5066666666666667
0.5033333333333333
0.49333333333333335
0.49333333333333335
0.49666666666666665
0.5
0.49107142857142855
0.5033333333333333
0.49666666666666665
0.4959349593495935
0.47863247863247865
0.4740740740740741
0.4827586206896552
0.4642857142857143
0.46296296296296297
0.47107438016528924
0.45217391304347826
0.46923076923076923
0.453781512605042
0.472
0.44329896907216493
0.45045045045045046
0.44761904761904764
0.45
0.4491525423728814
0.43859649122807015
0.4368932038834951
0.42857142857142855
0.46153846153846156
0.43434343434343436
0.42857142857142855
0.4424778761061947
0.42718446601941745
0.422680412371134
0.45
0.42592592592592593
0.46875
0.4344262295081967
0.44036697247706424
0.4298245614035088
0.42718446601941745
0.44680851063829785
0.4158415841584158
0.4326923076923077
0.42857142857142855
0.4326923076923077
0.4423076923076923
0.44036697247706424
0.46551724137931033
0.4462809917355372
0.4423076923076923
0.4375
0.43243243243243246
0.4406779661016949
0.44339622641509435
0.4375
0.4336283185840708
0.44144144144144143
0.45614035087719296
0.448
0.44144144144144143
0.4326923076923077
0.45384615384615384
0.4603174603174603
0.44036697247706424
0.46153846153846156
0.45871559633027525
0.4434782608695652
0.4596774193548387
0.4645669291338583
0.4696969696969697
0.4326923076923077
0.4583333333333333
0.4797297297297297
0.45384615384615384
0.47761194029850745
0.48704663212435234
0.44545454545454544
0.4794520547945205
0.47619047619047616
0.4880382775119617
0.49029126213592233
0.49019607843137253
0.4868421052631579
0.489010989010989
0.4895833333333333
0.4898989898989899
0.49206349206349204
0.4925373134328358
0.49489795918367346
0.49444444444444446
0.49224806201550386
0.4945652173913043
0.49666666666666665
0.49433962264150944
0.49333333333333335
0.4909090909090909
0.49666666666666665
0.49666666666666665
0.49
0.5033333333333333
0.49666666666666665
0.5
0.49666666666666665
0.5033333333333333
0.5033333333333333
0.49666666666666665
0.49333333333333335
0.5
0.49666666666666665
0.5
0.5
0.5066666666666667
0.5
0.5
0.5
0.49666666666666665
0.5027624309392266
0.5
0.49666666666666665
0.49666666666666665
0.5
0.5
0.49
0.4961832061068702
0.5
0.5
0.5
0.5
0.49666666666666665
0.5
0.5033333333333333
0.5
0.5
0.45569620253164556
0.49666666666666665
0.5033333333333333
0.49666666666666665
0.49
0.49333333333333335
0.5
0.49333333333333335
0.49666666666666665
0.4626865671641791
0.5
0.475
0.51
0.5
0.5
0.4824561403508772
0.5
0.5
0.5033333333333333
0.49666666666666665
0.5033333333333333
0.5
0.5
0.5
0.5033333333333333
0.49333333333333335
0.5
0.5066666666666667
0.5
0.49666666666666665
0.49666666666666665
0.5
0.5
0.5
0.5
0.49333333333333335
0.49666666666666665
0.5
0.5033333333333333
0.49666666666666665
0.5033333333333333
0.49666666666666665
0.5033333333333333
0.5
0.49666666666666665
0.5033333333333333
0.5
0.5
0.5
0.5
0.4935064935064935
0.49666666666666665
0.5
0.5
0.5
0.5
0.49666666666666665
0.49666666666666665
0.49666666666666665
0.49666666666666665
0.5
0.5033333333333333
0.5
0.5033333333333333
0.5033333333333333
0.49666666666666665
0.49666666666666665
0.5
0.5
0.49666666666666665
0.5
0.49666666666666665
0.5
0.5033333333333333
0.5
0.5
0.5066666666666667
0.5
0.5
0.49666666666666665
0.49333333333333335
0.49333333333333335
0.49666666666666665
0.5033333333333333
0.5
0.5033333333333333
0.5
0.49767441860465117
0.5
0.5
0.5033333333333333
0.5066666666666667
0.5033333333333333
0.5033333333333333
0.5033333333333333
0.5
0.5033333333333333
0.5
0.5
0.5066666666666667
0.5033333333333333
0.5
0.49666666666666665
0.5033333333333333
0.5033333333333333
0.5
0.5066666666666667
0.5066666666666667
0.5033333333333333
0.5
0.49666666666666665
0.5033333333333333
0.49666666666666665
0.49666666666666665
0.5033333333333333
0.5
0.5033333333333333
0.49666666666666665
0.5066666666666667
0.5
0.5
0.5033333333333333
0.5
0.5
0.5033333333333333
0.5
0.5
0.49666666666666665
0.5
0.5
0.5
0.5
0.49666666666666665
0.5
0.5033333333333333
0.49666666666666665
0.5
0.5
0.5033333333333333
0.49666666666666665
0.5066666666666667
0.5
0.49666666666666665
0.5
0.5
0.5
0.5
0.49666666666666665
0.5033333333333333
0.5033333333333333
0.5
0.5033333333333333
0.5066666666666667
0.5033333333333333
0.5033333333333333
0.5
0.49666666666666665
0.5
0.5
0.5
0.49666666666666665
0.49333333333333335
0.5033333333333333
0.5
0.5
0.5
0.5
0.5033333333333333
0.5
0.5
0.49666666666666665
0.5
0.5
0.49666666666666665
0.5066666666666667
0.49666666666666665
0.5
0.5
0.5
0.5
0.5033333333333333
0.5
0.5
0.5033333333333333
0.5
0.5
0.49666666666666665
0.5
0.5066666666666667
0.5
0.49666666666666665
0.49666666666666665
0.5033333333333333
0.5033333333333333
0.5033333333333333
0.49666666666666665
0.5033333333333333
0.5
0.5
0.5
0.5
0.5
0.5033333333333333
0.5
0.5
0.49666666666666665
0.5
0.5
0.5
0.49666666666666665
0.5
0.49666666666666665
0.5066666666666667
0.5
0.5
0.5
0.5
0.5033333333333333
0.5033333333333333
0.5033333333333333
0.5
0.5033333333333333
0.5
0.5
0.5
0.5033333333333333
0.5033333333333333
0.5
0.5
0.5066666666666667
0.49666666666666665
0.5033333333333333
0.5033333333333333
0.5033333333333333
0.5066666666666667
0.5
0.49666666666666665
0.5033333333333333
0.5
0.5033333333333333
0.5
0.49666666666666665
0.49333333333333335
0.5033333333333333
0.5
0.49666666666666665
0.5033333333333333
0.49666666666666665
0.5033333333333333
0.5033333333333333
0.5033333333333333
0.5033333333333333
0.5033333333333333
0.5
0.5
0.5
0.49333333333333335
0.5
0.5
0.5066666666666667
0.5066666666666667
0.5033333333333333
0.49666666666666665
0.5033333333333333
0.49666666666666665
0.5
0.5
0.5
0.5
0.49666666666666665
0.49666666666666665
0.49333333333333335
0.5
0.5033333333333333
0.5
0.49666666666666665
0.5
0.49666666666666665
0.49333333333333335
0.49666666666666665
0.49333333333333335
0.5
0.49333333333333335
0.5
0.49666666666666665
0.49666666666666665
0.5
0.5
0.5
0.49666666666666665
0.49666666666666665
0.49333333333333335
0.49333333333333335
0.49666666666666665
0.5
0.49666666666666665
0.5
0.49333333333333335
0.49666666666666665
0.49333333333333335
0.5
0.5033333333333333
0.5
0.49666666666666665
0.5
0.49666666666666665
0.49333333333333335
0.49666666666666665
0.5
0.49666666666666665
0.49666666666666665
0.49666666666666665
0.5033333333333333
0.5
0.49333333333333335
0.5092592592592593
0.5033333333333333
0.5
0.49333333333333335
0.49666666666666665
0.5
0.49333333333333335
0.5033333333333333
0.4972972972972973
0.49333333333333335
0.49666666666666665
0.5033333333333333
0.49333333333333335
0.49666666666666665
0.49333333333333335
0.49666666666666665
0.49
0.5
0.49666666666666665
0.49666666666666665
0.49
0.5066666666666667
0.49666666666666665
0.5
0.5
0.5
0.49666666666666665
0.49666666666666665
0.49666666666666665
0.49666666666666665
0.49666666666666665
0.5
0.5
0.49828178694158076
0.49666666666666665
0.49666666666666665
0.5
0.49666666666666665
0.49333333333333335
0.5
0.49333333333333335
0.5
0.5
0.49333333333333335
0.49333333333333335
0.49666666666666665
0.5033333333333333
0.49666666666666665
0.49666666666666665
0.49666666666666665
0.49666666666666665
0.5
0.5
0.49333333333333335
0.5056603773584906
0.504424778761062
0.5114503816793893
0.5062240663900415
0.5060728744939271
0.5061728395061729
0.5018450184501845
0.5098039215686274
0.5038461538461538
0.5
0.5018315018315018
0.5033333333333333
0.5
0.5
0.5035460992907801
0.5033333333333333
0.5
0.5017543859649123
0.504
0.5
0.5125628140703518
0.509009009009009
0.5087719298245614
0.5110132158590308
0.5144230769230769
0.5111111111111111
0.5124378109452736
0.5117370892018779
0.5123152709359606
0.5116279069767442
0.5045871559633027
0.5067264573991032
0.5555555555555556
0.5088495575221239
0.508695652173913
0.5
0.5
0.5018181818181818
0.5
0.5
0.5
0.5
0.49666666666666665
0.5176470588235295
0.5033333333333333
0.49666666666666665
0.49666666666666665
0.5
0.49666666666666665
0.5066666666666667
0.5
0.5033333333333333
0.5
0.5033333333333333
0.49666666666666665
0.49666666666666665
0.5033333333333333
0.5
0.5
0.5
0.5033333333333333
0.5
0.5
0.5
0.49666666666666665
