0.4732142857142857
0.4636363636363636
0.47540983606557374
0.47058823529411764
0.46551724137931033
0.475
0.475
0.47058823529411764
0.47580645161290325
0.47540983606557374
0.47058823529411764
0.47540983606557374
0.4772727272727273
0.4745762711864407
0.47761194029850745
0.4745762711864407
0.48333333333333334
0.4846153846153846
0.4690265486725664
0.4793388429752066
0.48
0.4830508474576271
0.4661016949152542
0.4690265486725664
0.4700854700854701
0.47058823529411764
0.4672897196261682
0.4473684210526316
0.4690265486725664
0.43478260869565216
0.4563106796116505
0.4482758620689655
0.45794392523364486
0.46846846846846846
0.4528301886792453
0.45454545454545453
0.45794392523364486
0.4411764705882353
0.4642857142857143
0.4594594594594595
0.4636363636363636
0.46551724137931033
0.45454545454545453
0.45871559633027525
0.45454545454545453
0.4375
0.4649122807017544
0.45871559633027525
0.4661016949152542
0.4519230769230769
0.4649122807017544
0.4732142857142857
0.44954128440366975
0.47058823529411764
0.45
0.46846846846846846
0.46846846846846846
0.45871559633027525
0.47107438016528924
0.45535714285714285
0.4528301886792453
0.4411764705882353
0.45714285714285713
0.4387755102040816
0.44954128440366975
0.4537037037037037
0.45871559633027525
0.4444444444444444
0.44954128440366975
0.45614035087719296
0.46153846153846156
0.44554455445544555
0.45161290322580644
0.44954128440366975
0.44
0.45045045045045046
0.44036697247706424
0.4368932038834951
0.44554455445544555
0.4392523364485981
0.4326923076923077
0.4392523364485981
0.4563106796116505
0.4444444444444444
0.44144144144144143
0.4380952380952381
0.44036697247706424
0.4411764705882353
0.44954128440366975
0.4392523364485981
0.43902439024390244
0.43564356435643564
0.4423076923076923
0.4423076923076923
0.4411764705882353
0.44339622641509435
0.42105263157894735
0.43137254901960786
0.42857142857142855
0.4423076923076923
0.4392523364485981
0.43564356435643564
0.43564356435643564
0.44
0.4444444444444444
0.4392523364485981
0.4423076923076923
0.4423076923076923
0.43564356435643564
0.43434343434343436
0.43137254901960786
0.4326923076923077
0.4392523364485981
0.4368932038834951
0.43
0.42857142857142855
0.43137254901960786
0.4339622641509434
0.43636363636363634
0.4423076923076923
0.4329896907216495
0.42592592592592593
0.43137254901960786
0.43
0.4339622641509434
0.44339622641509435
0.42857142857142855
0.4351851851851852
0.4424778761061947
0.42857142857142855
0.44036697247706424
0.42990654205607476
0.42857142857142855
0.4375
0.4368932038834951
0.4326923076923077
0.42990654205607476
0.4380952380952381
0.4326923076923077
0.4380952380952381
0.42
0.4351851851851852
0.4392523364485981
0.43859649122807015
0.42718446601941745
0.4351851851851852
0.42857142857142855
0.4406779661016949
0.4424778761061947
0.4423076923076923
0.4396551724137931
0.4396551724137931
0.44642857142857145
0.43859649122807015
0.44144144144144143
0.4444444444444444
0.43636363636363634
0.44144144144144143
0.4339622641509434
0.44642857142857145
0.44642857142857145
0.4444444444444444
0.45045045045045046
0.44642857142857145
0.4392523364485981
0.45132743362831856
0.45217391304347826
0.4406779661016949
0.44339622641509435
0.44642857142857145
0.45454545454545453
0.4424778761061947
0.45384615384615384
0.453781512605042
0.45454545454545453
0.4740740740740741
0.45901639344262296
0.4573643410852713
0.46715328467153283
0.47244094488188976
0.46808510638297873
0.4689655172413793
0.47619047619047616
0.46938775510204084
0.4716981132075472
0.48
0.47674418604651164
0.48
0.4810810810810811
0.48148148148148145
0.48
0.4827586206896552
0.4861878453038674
0.4782608695652174
0.4838709677419355
0.4869109947643979
0.4854368932038835
0.4748603351955307
0.4842105263157895
0.4810810810810811
0.4827586206896552
0.4772727272727273
0.47701149425287354
0.4808743169398907
0.4716981132075472
0.47619047619047616
0.47337278106508873
0.48044692737430167
0.47904191616766467
0.47530864197530864
0.4759036144578313
0.47878787878787876
0.47468354430379744
0.48044692737430167
0.47560975609756095
0.47333333333333333
0.47770700636942676
0.47878787878787876
0.474025974025974
0.4768211920529801
0.46715328467153283
0.46808510638297873
0.4759036144578313
0.4716981132075472
0.4720496894409938
0.477124183006536
0.4722222222222222
0.4748201438848921
0.4722222222222222
0.4744525547445255
0.4791666666666667
0.4782608695652174
0.4755244755244755
0.4797297297297297
0.4825174825174825
0.4810126582278481
0.4794520547945205
0.4857142857142857
0.4876543209876543
0.4911242603550296
0.49333333333333335
0.4881516587677725
0.48633879781420764
0.49361702127659574
0.49523809523809526
0.4955357142857143
0.4981684981684982
0.4965986394557823
0.49666666666666665
0.5
0.5
0.5
0.4980237154150198
0.49809885931558934
0.4977168949771689
0.4930232558139535
0.4956140350877193
0.49065420560747663
0.4883720930232558
0.4896907216494845
0.49044585987261147
0.4887640449438202
0.48823529411764705
0.4875
0.48214285714285715
0.4805194805194805
0.48466257668711654
0.4875
0.4788732394366197
0.4807692307692308
0.4797297297297297
0.47651006711409394
0.47651006711409394
0.477124183006536
0.46938775510204084
0.4785714285714286
0.475177304964539
0.4696969696969697
0.4634146341463415
0.4696969696969697
0.46218487394957986
0.46875
0.4715447154471545
0.46511627906976744
0.4583333333333333
0.45614035087719296
0.46511627906976744
0.4573643410852713
0.45528455284552843
0.4715447154471545
0.45901639344262296
0.46218487394957986
0.4603174603174603
0.4583333333333333
0.45689655172413796
0.45045045045045046
0.452991452991453
0.46218487394957986
0.4661016949152542
0.4596774193548387
0.44954128440366975
0.4608695652173913
0.45614035087719296
0.4580152671755725
0.4609375
0.4576271186440678
0.4634146341463415
0.4583333333333333
0.45689655172413796
0.46551724137931033
0.45614035087719296
0.45614035087719296
0.4666666666666667
0.4634146341463415
0.47107438016528924
0.46774193548387094
0.46875
0.46551724137931033
0.47107438016528924
0.4621212121212121
0.46923076923076923
0.46825396825396826
0.4645669291338583
0.4645669291338583
0.4696969696969697
0.4788732394366197
0.4744525547445255
0.4744525547445255
0.4732824427480916
0.4744525547445255
0.47297297297297297
0.4797297297297297
0.47761194029850745
0.4748201438848921
0.4785714285714286
0.4840764331210191
0.4774193548387097
0.4774193548387097
0.47651006711409394
0.4797297297297297
0.477124183006536
0.48026315789473684
0.484472049689441
0.47468354430379744
0.4810126582278481
0.4880952380952381
0.48520710059171596
0.4823529411764706
0.4885057471264368
0.48502994011976047
0.4827586206896552
0.4895833333333333
0.48863636363636365
0.4888888888888889
0.4898989898989899
0.48947368421052634
0.48826291079812206
0.4896907216494845
0.48756218905472637
0.485
0.49282296650717705
0.49321266968325794
0.49557522123893805
0.4883720930232558
0.4928909952606635
0.49344978165938863
0.4933920704845815
0.49361702127659574
0.4930232558139535
0.4933920704845815
0.49583333333333335
0.4956521739130435
0.49387755102040815
0.49809885931558934
0.4939271255060729
0.4924812030075188
0.49473684210526314
0.49635036496350365
0.4965986394557823
0.49666666666666665
0.5
0.49666666666666665
0.493006993006993
0.49666666666666665
0.49666666666666665
0.4963768115942029
0.49333333333333335
0.49333333333333335
0.4963768115942029
0.49469964664310956
0.498220640569395
0.493006993006993
0.4944237918215613
0.49635036496350365
0.49070631970260226
0.4962686567164179
0.4962686567164179
0.492
0.4959349593495935
0.49130434782608695
0.4935064935064935
0.49159663865546216
0.49372384937238495
0.49586776859504134
0.4909090909090909
0.4935064935064935
0.4895397489539749
0.4870689655172414
0.4918032786885246
0.49122807017543857
0.48936170212765956
0.4897959183673469
0.49583333333333335
0.4940239043824701
0.49193548387096775
0.49606299212598426
0.49416342412451364
0.4444444444444444
0.49224806201550386
0.49242424242424243
0.4959677419354839
0.49056603773584906
0.49411764705882355
0.49387755102040815
0.48760330578512395
0.4942084942084942
0.4981132075471698
0.4959349593495935
0.4942084942084942
0.4963768115942029
0.49635036496350365
0.49416342412451364
0.4942528735632184
0.4964788732394366
0.4943820224719101
0.49477351916376305
0.49407114624505927
0.4927007299270073
0.4981132075471698
0.4939759036144578
0.4981132075471698
0.4897119341563786
0.4899598393574297
0.4957983193277311
0.49372384937238495
0.4979757085020243
0.49583333333333335
0.5
0.496
0.49145299145299143
0.4921875
0.496
0.49794238683127573
0.4980237154150198
0.4959016393442623
0.496
0.49407114624505927
0.49236641221374045
0.4963235294117647
0.5
0.49603174603174605
0.49825783972125437
0.49230769230769234
0.4962686567164179
0.5
0.4944649446494465
0.4945054945054945
0.49606299212598426
0.4918032786885246
0.4959016393442623
0.4935064935064935
0.49624060150375937
0.49264705882352944
0.4940239043824701
0.4980694980694981
0.49295774647887325
0.4963235294117647
0.5
0.49666666666666665
0.49666666666666665
0.49666666666666665
0.5
0.49666666666666665
0.5
0.49666666666666665
0.5
0.5
0.49666666666666665
0.5
0.5
0.49666666666666665
0.5
0.5
0.49666666666666665
0.49666666666666665
0.49666666666666665
0.5
0.5
0.5
0.49666666666666665
0.49666666666666665
0.49666666666666665
0.5
0.5
0.5
0.5
0.5
0.5
0.5
0.5
0.5
0.5
0.49666666666666665
0.5
0.49666666666666665
0.5
0.49666666666666665
0.5
0.5
0.49666666666666665
0.5
0.49666666666666665
0.5
0.49666666666666665
0.5
0.5
0.5
0.5
0.49333333333333335
0.5
0.5
0.49666666666666665
0.49666666666666665
0.5
0.5
0.49666666666666665
0.5
0.5033333333333333
0.5
0.5
0.5
0.5
0.5
0.5
0.49666666666666665
0.5033333333333333
0.5
0.5
0.49666666666666665
0.5
0.5033333333333333
0.49666666666666665
0.5
0.49666666666666665
0.5
0.5
0.49666666666666665
0.5
0.5
0.49666666666666665
0.5
0.5033333333333333
0.5
0.49666666666666665
0.5
0.5
0.5
0.5
0.5
0.49666666666666665
0.49666666666666665
0.5
0.5
0.5
0.5033333333333333
0.5
0.5
0.5
0.5
0.5
0.5033333333333333
0.5
0.5
0.5
0.5
0.5
0.5
0.5
0.5
0.5
0.5
0.5
0.49666666666666665
0.5
0.5
0.5
0.49666666666666665
0.5
0.49666666666666665
0.5
0.5
0.5
0.5
0.5
0.5
0.5
0.5
0.5
0.5
0.5
0.5
0.5
0.5
0.5033333333333333
0.5
0.5
0.5033333333333333
0.5033333333333333
0.5
0.5033333333333333
0.5033333333333333
0.5
0.5
0.5
0.5
0.5
0.5033333333333333
0.5033333333333333
0.5034246575342466
0.5
0.5038167938931297
0.508
0.5061224489795918
0.5094339622641509
0.5091743119266054
0.511520737327189
0.5048543689320388
0.5052631578947369
0.5076923076923077
0.5054347826086957
0.5081081081081081
0.5079365079365079
0.5053191489361702
0.5054347826086957
0.5159574468085106
0.5078534031413613
0.5108695652173914
0.5071090047393365
0.5045871559633027
0.5048076923076923
0.5068493150684932
0.5043103448275862
0.5021834061135371
0.502092050209205
0.5064935064935064
0.501779359430605
0.5
0.5034246575342466
0.5033333333333333
0.5033333333333333
0.5
0.5
0.5
0.50187265917603
0.5060240963855421
0.5061224489795918
0.5045045045045045
0.5046296296296297
0.5072463768115942
0.5024875621890548
0.5072463768115942
0.5049019607843137
0.5073170731707317
0.5050505050505051
0.5048076923076923
0.5084745762711864
0.5077720207253886
0.51
0.5080213903743316
0.5026455026455027
0.5104166666666666
0.5053763440860215
0.5081081081081081
0.510989010989011
0.5049019607843137
0.5084745762711864
0.5081081081081081
0.5080213903743316
0.5076923076923077
0.5111111111111111
0.5113636363636364
0.510989010989011
0.51
0.5114942528735632
0.5080213903743316
0.510752688172043
0.507537688442211
0.5082872928176796
0.5098039215686274
0.5132275132275133
0.5043859649122807
0.5020242914979757
0.5
0.5
0.5
0.5033333333333333
0.5
0.5
0.5033333333333333
0.5
0.5
0.5033333333333333
0.5033333333333333
0.5
0.5
0.5
0.5
0.5
0.5
0.5
0.5
0.5
0.5
0.5
0.5
0.5033333333333333
0.5
0.5
0.49666666666666665
0.5
0.5
0.5033333333333333
0.5
0.5
0.49666666666666665
0.5
0.5
0.5
0.5033333333333333
0.5
0.5033333333333333
0.5
0.5
0.5033333333333333
0.5
0.5033333333333333
0.5
0.5
0.5
0.5
0.5
0.5033333333333333
0.5
0.5
0.5
0.5033333333333333
0.5
0.5
0.5033333333333333
0.5
0.5
0.5033333333333333
0.5
0.49666666666666665
0.5
0.5
0.5
0.5
0.5
0.5
0.5
0.5
0.5
0.5
0.49666666666666665
0.5
0.49666666666666665
0.5
0.5033333333333333
0.5
0.5
0.5
0.5
0.5
0.5033333333333333
0.5
0.5
0.5
0.5
0.5
0.5
0.5
0.5
0.5
0.5
0.5033333333333333
0.5
0.5033333333333333
0.5
0.5033333333333333
0.5
0.49666666666666665
0.5033333333333333
0.5033333333333333
0.5
0.5
0.5
0.5033333333333333
0.5
0.5033333333333333
0.5
0.5
0.5
0.5
0.5
0.5
0.5
0.5
0.5
0.5
0.5
0.5
0.5
0.5
0.5
0.5033333333333333
0.49666666666666665
0.5
0.5
0.49666666666666665
0.5
0.5
0.49666666666666665
0.5
0.5
0.5
0.5
0.49666666666666665
0.5033333333333333
0.5033333333333333
0.5033333333333333
0.5033333333333333
0.5033333333333333
0.5
0.49666666666666665
0.5
0.5033333333333333
0.5
0.49666666666666665
0.5033333333333333
0.5033333333333333
0.5
0.49666666666666665
0.5
0.5
0.5
0.49666666666666665
0.49666666666666665
0.5384615384615384
0.5
0.5
0.5
0.5
0.5
0.5033333333333333
0.5
0.5
0.49666666666666665
0.5
0.5
0.5
0.5
0.5033333333333333
0.5
0.5
0.49666666666666665
0.49666666666666665
0.5
0.5033333333333333
0.49666666666666665
0.5
0.5
0.5033333333333333
0.49666666666666665
0.49666666666666665
0.5
0.5
0.5033333333333333
0.5
0.5033333333333333
0.5
0.5033333333333333
0.5
0.5033333333333333
0.5
0.5
0.5
0.5
0.5
0.5
0.5
0.5
0.5
0.5
0.5
0.5
0.5
0.5
0.49666666666666665
0.5
0.5
0.49666666666666665
0.5
0.5
0.5
0.5
0.5033333333333333
0.5
0.5
0.5033333333333333
0.5
0.5
0.5
0.49666666666666665
0.5033333333333333
0.5
0.5
0.5033333333333333
0.5033333333333333
0.5
0.5
0.5
0.5
0.5
0.5033333333333333
0.5
0.5
0.5033333333333333
0.5
0.5033333333333333
0.5033333333333333
0.5
0.5
0.5033333333333333
0.5
0.5033333333333333
0.5
0.5
0.5033333333333333
0.5
0.5
0.5
0.5033333333333333
0.5033333333333333
0.5033333333333333
0.5033333333333333
0.5
0.5
0.5
0.5
0.5
0.5
0.5
0.5
0.5
0.5033333333333333
0.5
0.5017182130584192
0.5018181818181818
0.5057471264367817
0.5057034220532319
0.5043859649122807
0.5067264573991032
0.5069767441860465
0.5076923076923077
0.5051020408163265
0.5047619047619047
0.510752688172043
0.5106382978723404
0.5026455026455027
0.5139664804469274
0.5116279069767442
0.5217391304347826
0.5146198830409356
0.5120481927710844
0.515527950310559
0.5123456790123457
0.5125
0.5126582278481012
0.5121951219512195
0.5159235668789809
0.512987012987013
0.5170068027210885
0.5205479452054794
0.5126582278481012
0.5140845070422535
0.5174825174825175
0.5179856115107914
0.5197368421052632
0.5172413793103449
