0.4576271186440678
0.5384615384615384
0.48
0.4186046511627907
0.6153846153846154
0.42857142857142855
0.5172413793103449
0.4117647058823529
0.6666666666666666
0.5
0.5
0.5454545454545454
0.5151515151515151
0.5306122448979592
0.5217391304347826
0.6
0.5294117647058824
0.42857142857142855
0.4897959183673469
0.48484848484848486
0.48148148148148145
0.5
0.5185185185185185
0.47058823529411764
0.4594594594594595
0.5061728395061729
0.5
0.4791666666666667
0.5
0.47959183673469385
0.56
0.5
0.4634146341463415
0.5344827586206896
0.532258064516129
0.5172413793103449
0.5555555555555556
0.47540983606557374
0.5245901639344263
0.4722222222222222
0.49206349206349204
0.5
0.4782608695652174
0.53125
0.4838709677419355
0.53125
0.5060240963855421
0.4727272727272727
0.4444444444444444
0.49
0.5
0.4782608695652174
0.5303030303030303
0.4878048780487805
0.5
0.5071428571428571
0.5394736842105263
0.46153846153846156
0.4778761061946903
0.45161290322580644
0.45161290322580644
0.48
0.5
0.4594594594594595
0.4827586206896552
0.5106382978723404
0.5294117647058824
0.5221238938053098
0.5094339622641509
0.5272727272727272
0.46153846153846156
0.4857142857142857
0.4588235294117647
0.4588235294117647
0.512
0.5
0.5306122448979592
0.48936170212765956
0.46511627906976744
0.47692307692307695
0.53125
0.5
0.4857142857142857
0.5652173913043478
0.4573170731707317
0.4845360824742268
0.4827586206896552
0.46875
0.503030303030303
0.45112781954887216
0.47619047619047616
0.4444444444444444
0.4827586206896552
0.49206349206349204
0.4576271186440678
0.5483870967741935
0.46511627906976744
0.5081967213114754
0.4864864864864865
0.49473684210526314
0.4666666666666667
0.4430379746835443
0.45901639344262296
0.514018691588785
0.43609022556390975
0.5
0.4794520547945205
0.4634146341463415
0.46808510638297873
0.52
0.520618556701031
0.5272727272727272
0.5185185185185185
0.5344827586206896
0.5
0.5209125475285171
0.5727272727272728
0.5287356321839081
0.5368421052631579
0.5375
0.5188679245283019
0.5488721804511278
0.5510204081632653
0.512
0.5158730158730159
0.5303030303030303
0.5555555555555556
0.5384615384615384
0.5208333333333334
0.5436241610738255
0.532258064516129
0.5174825174825175
0.55
0.5326633165829145
0.5066666666666667
0.49324324324324326
0.484375
0.5238095238095238
0.5133333333333333
0.44680851063829785
0.48255813953488375
0.46511627906976744
0.4537037037037037
0.46564885496183206
0.4583333333333333
0.4444444444444444
0.4392523364485981
0.4485981308411215
0.41935483870967744
0.44776119402985076
0.45161290322580644
0.5057471264367817
0.4444444444444444
0.47368421052631576
0.45544554455445546
0.4722222222222222
0.4396551724137931
0.4473684210526316
0.45454545454545453
0.46153846153846156
0.4909090909090909
0.48484848484848486
0.4339622641509434
0.4473684210526316
0.4444444444444444
0.4473684210526316
0.4426229508196721
0.4892086330935252
0.45588235294117646
0.45454545454545453
0.4918032786885246
0.49714285714285716
0.4368932038834951
0.4827586206896552
0.4634146341463415
0.4537037037037037
0.4860335195530726
0.46710526315789475
0.46511627906976744
0.453781512605042
0.4652777777777778
0.4794520547945205
0.47058823529411764
0.4846153846153846
0.4624277456647399
0.45985401459854014
0.45081967213114754
0.4461538461538462
0.45901639344262296
0.46357615894039733
0.4719626168224299
0.46621621621621623
0.47619047619047616
0.475
0.48333333333333334
0.47058823529411764
0.4756756756756757
0.4810810810810811
0.48292682926829267
0.48372093023255813
0.49
0.475
0.4803921568627451
0.4891304347826087
0.4889705882352941
0.48659003831417624
0.48427672955974843
0.4931506849315068
0.4866666666666667
0.48559670781893005
0.4963235294117647
0.49666666666666665
0.49666666666666665
0.5
0.51
0.49
0.49333333333333335
0.49666666666666665
0.49
0.5
0.4866666666666667
0.5033333333333333
0.49
0.5
0.49666666666666665
0.5
0.49
0.5
0.49666666666666665
0.509009009009009
0.49666666666666665
0.52
0.5
0.49333333333333335
0.5
0.5
0.48523206751054854
0.5019607843137255
0.5
0.49
0.49666666666666665
0.49333333333333335
0.5033333333333333
0.49666666666666665
0.4931506849315068
0.5
0.48863636363636365
0.5028901734104047
0.5
0.5066666666666667
0.484375
0.5121951219512195
0.49056603773584906
0.49333333333333335
0.49666666666666665
0.5026178010471204
0.49612403100775193
0.49700598802395207
0.4885057471264368
0.49498327759197325
0.5033333333333333
0.49333333333333335
0.51
0.5066666666666667
0.49830508474576274
0.5017921146953405
0.5017921146953405
0.5016722408026756
0.49333333333333335
0.49
0.49666666666666665
0.49666666666666665
0.5066666666666667
0.502262443438914
0.51
0.5027027027027027
0.5033333333333333
0.5075187969924813
0.5017667844522968
0.5042016806722689
0.5033333333333333
0.49572649572649574
0.4866666666666667
0.49
0.51
0.49444444444444446
0.4947916666666667
0.5066666666666667
0.5035714285714286
0.49
0.49206349206349204
0.4885057471264368
0.5066666666666667
0.51
0.51
0.49748743718592964
0.49333333333333335
0.49666666666666665
0.5054151624548736
0.5026737967914439
0.49333333333333335
0.5
0.5083333333333333
0.5066666666666667
0.49375
0.5
0.4897959183673469
0.48366013071895425
0.5188679245283019
0.5131578947368421
0.5114155251141552
0.49171270718232046
0.5066666666666667
0.5
0.48554913294797686
0.4909090909090909
0.5066666666666667
0.5254237288135594
0.5
0.4956521739130435
0.5088757396449705
0.5121951219512195
0.4830917874396135
0.48366013071895425
0.5055350553505535
0.502127659574468
0.5052083333333334
0.5116279069767442
0.49603174603174605
0.5100671140939598
0.5019455252918288
0.4935064935064935
0.509090909090909
0.5110294117647058
0.4930555555555556
0.48484848484848486
0.5
0.48148148148148145
0.5133333333333333
0.4978165938864629
0.5083612040133779
0.484375
0.4945054945054945
0.51
0.5
0.5029940119760479
0.49473684210526314
0.5033333333333333
0.5033333333333333
0.48739495798319327
0.5133333333333333
0.5043478260869565
0.49361702127659574
0.4942528735632184
0.5033333333333333
0.503448275862069
0.49159663865546216
0.5033333333333333
0.5041666666666667
0.5067114093959731
0.49666666666666665
0.5070422535211268
0.49666666666666665
0.49038461538461536
0.5
0.49333333333333335
0.49333333333333335
0.49333333333333335
0.5
0.5
0.49333333333333335
0.49
0.49666666666666665
0.5033333333333333
0.49666666666666665
0.49666666666666665
0.49666666666666665
0.5
0.49666666666666665
0.5019762845849802
0.49666666666666665
0.49666666666666665
0.49666666666666665
0.5
0.4925373134328358
0.502262443438914
0.49666666666666665
0.49666666666666665
0.5066666666666667
0.5
0.5033333333333333
0.5
0.5066666666666667
0.5
0.49333333333333335
0.5033333333333333
0.5033333333333333
0.5033333333333333
0.5033333333333333
0.49666666666666665
0.49333333333333335
0.5033333333333333
0.49666666666666665
0.49666666666666665
0.5
0.49666666666666665
0.49666666666666665
0.5
0.49666666666666665
0.5
0.5
0.49666666666666665
0.5033333333333333
0.5033333333333333
0.51171875
0.5033333333333333
0.5066666666666667
0.5151515151515151
0.5087719298245614
0.5133928571428571
0.5062761506276151
0.5087719298245614
0.5071428571428571
0.5141700404858299
0.5113636363636364
0.5016722408026756
0.5097276264591439
0.5066666666666667
0.5033333333333333
0.5166666666666667
0.4926829268292683
0.5033333333333333
0.5046296296296297
0.505338078291815
0.5099601593625498
0.5040322580645161
0.5033333333333333
0.5033333333333333
0.49537037037037035
0.5126050420168067
0.5066666666666667
0.5133333333333333
0.5
0.4927536231884058
0.512396694214876
0.5229357798165137
0.5033333333333333
0.5138888888888888
0.48792270531400966
0.5033333333333333
0.5033783783783784
0.51
0.5033333333333333
0.5284552845528455
0.48826291079812206
0.51
0.48717948717948717
0.5066666666666667
0.49666666666666665
0.4928909952606635
0.5083612040133779
0.5066666666666667
0.49557522123893805
0.49666666666666665
0.5066666666666667
0.5130434782608696
0.5050167224080268
0.5
0.49333333333333335
0.515625
0.5033333333333333
0.495
0.5
0.49333333333333335
0.5016949152542373
0.5067567567567568
0.5
0.5149253731343284
0.49333333333333335
0.5
0.5033333333333333
0.49504950495049505
0.49666666666666665
0.5
0.49666666666666665
0.49760765550239233
0.5126353790613718
0.49333333333333335
0.5034722222222222
0.5033333333333333
0.49295774647887325
0.49
0.5196078431372549
0.5
0.49214659685863876
0.5071428571428571
0.49666666666666665
0.49666666666666665
0.5254237288135594
0.5033333333333333
0.5
0.5225225225225225
0.5035714285714286
0.49666666666666665
0.49666666666666665
0.5
0.5051903114186851
0.494949494949495
0.49666666666666665
0.49666666666666665
0.4945054945054945
0.5037593984962406
0.4866666666666667
0.49333333333333335
0.509090909090909
0.49666666666666665
0.51
0.5070921985815603
0.49333333333333335
0.5
0.5
0.49333333333333335
0.49666666666666665
0.49466192170818507
0.5061728395061729
0.5
0.510548523206751
0.49666666666666665
0.4909090909090909
0.5033333333333333
0.49333333333333335
0.49333333333333335
0.49666666666666665
0.5
0.5042372881355932
0.4868421052631579
0.49
0.5033333333333333
0.49333333333333335
0.5
0.5
0.5033333333333333
0.49
0.49333333333333335
0.5
0.5133333333333333
0.49666666666666665
0.5063291139240507
0.5
0.49666666666666665
0.49666666666666665
0.5069124423963134
0.5033333333333333
0.5
0.5
0.5038759689922481
0.5066666666666667
0.5033333333333333
0.5021834061135371
0.49666666666666665
0.4965277777777778
0.4946236559139785
0.5
0.5
0.5045871559633027
0.4892086330935252
0.5033333333333333
0.5053763440860215
0.49666666666666665
0.5033333333333333
0.5033333333333333
0.5066666666666667
0.5
0.4928571428571429
0.5033333333333333
0.51
0.4944237918215613
0.5033333333333333
0.5033333333333333
0.5066666666666667
0.51
0.5033333333333333
0.5
0.5033333333333333
0.5102040816326531
0.5066666666666667
0.5084175084175084
0.5033333333333333
0.5033333333333333
0.5066666666666667
0.5033333333333333
0.5066666666666667
0.5033333333333333
0.5066666666666667
0.5154639175257731
0.5066666666666667
0.5033333333333333
0.5151515151515151
0.5
0.5118483412322274
0.5057034220532319
0.509090909090909
0.504424778761062
0.5136363636363637
0.5118483412322274
0.5119617224880383
0.5113122171945701
0.5091743119266054
0.5094339622641509
0.5063829787234042
0.508695652173913
0.5041666666666667
0.5111111111111111
0.5055350553505535
0.5
0.5068027210884354
0.5033333333333333
0.5
0.5066666666666667
0.5
0.5
0.5
0.5033333333333333
0.5066666666666667
0.5066666666666667
0.5033333333333333
0.5
0.5033333333333333
0.49666666666666665
0.5033333333333333
0.5066666666666667
0.5033333333333333
0.49666666666666665
0.5066666666666667
0.5066666666666667
0.5066666666666667
0.5033333333333333
0.5066666666666667
0.5066666666666667
0.5066666666666667
0.5033333333333333
0.5066666666666667
0.5033333333333333
0.5066666666666667
0.5033333333333333
0.5033333333333333
0.49666666666666665
0.5033333333333333
0.5
0.5033333333333333
0.5033333333333333
0.5026178010471204
0.5033333333333333
0.5
0.5033333333333333
0.51
0.5033333333333333
0.5066666666666667
0.5
0.5033333333333333
0.5066666666666667
0.5033333333333333
0.5033333333333333
0.49666666666666665
0.5066666666666667
0.5066666666666667
0.5
0.49666666666666665
0.49333333333333335
0.49666666666666665
0.5076923076923077
0.5
0.5
0.5
0.5066666666666667
0.49333333333333335
0.49666666666666665
0.5066666666666667
0.5
0.5
0.5
0.5066666666666667
0.49666666666666665
0.5
0.5033333333333333
0.5
0.5
0.5
0.5033333333333333
0.5
0.49333333333333335
0.5066666666666667
0.5
0.49666666666666665
0.5033333333333333
0.51
0.5033333333333333
0.5
0.5
0.49666666666666665
0.5066666666666667
0.5
0.49666666666666665
0.49666666666666665
0.5033333333333333
0.49333333333333335
0.5
0.5
0.5066666666666667
0.49666666666666665
0.5
0.5
0.49666666666666665
0.49666666666666665
0.49666666666666665
0.5066666666666667
0.49666666666666665
0.5
0.5033333333333333
0.49666666666666665
0.5
0.5
0.5033333333333333
0.49666666666666665
0.49666666666666665
0.49333333333333335
0.5033333333333333
0.5
0.5
0.5
0.49333333333333335
0.509090909090909
0.5018450184501845
0.5
0.5
0.5
0.49666666666666665
0.5033333333333333
0.4953271028037383
0.49666666666666665
0.5
0.5
0.49666666666666665
0.49333333333333335
0.49666666666666665
0.49666666666666665
0.49666666666666665
0.49333333333333335
0.5
0.49333333333333335
0.49666666666666665
0.49666666666666665
0.49666666666666665
0.5033333333333333
0.5
0.5066666666666667
0.5
0.5
0.5
0.49666666666666665
0.5033783783783784
0.49809885931558934
0.5033333333333333
0.5066666666666667
0.5025380710659898
0.5
0.5
0.5033333333333333
0.5033333333333333
0.5124378109452736
0.5
0.5133333333333333
0.49324324324324326
0.5033333333333333
0.5033333333333333
0.5033333333333333
0.5033333333333333
0.49666666666666665
0.5066666666666667
0.5033333333333333
0.5033333333333333
0.5066666666666667
0.5033333333333333
0.49333333333333335
0.5033333333333333
0.5066666666666667
0.5
0.5033333333333333
0.49666666666666665
0.5033333333333333
0.5033333333333333
0.49666666666666665
0.49666666666666665
0.5066666666666667
0.5033333333333333
0.5066666666666667
0.49666666666666665
0.5066666666666667
0.5050505050505051
0.502283105022831
0.5066666666666667
0.5
0.5066666666666667
0.5
0.5033333333333333
0.5066666666666667
0.5
0.5033333333333333
0.5033333333333333
0.5
0.5066666666666667
0.49666666666666665
0.5033333333333333
0.4900662251655629
0.49333333333333335
0.5033333333333333
0.507177033492823
0.5033333333333333
0.5033333333333333
0.504424778761062
0.5
0.5066666666666667
0.5066666666666667
0.5033333333333333
0.5033333333333333
0.5066666666666667
0.5021645021645021
0.5
0.49666666666666665
0.5033333333333333
0.5066666666666667
0.5
0.5066666666666667
0.5033333333333333
0.5
0.5
0.5033333333333333
0.5
0.5
0.49666666666666665
0.5
0.49666666666666665
0.49666666666666665
0.5
0.51
0.5033333333333333
0.5033333333333333
0.5033333333333333
0.49666666666666665
0.5
0.5066666666666667
0.5
0.5
0.5033333333333333
0.5
0.5
0.5033333333333333
0.5033333333333333
0.5033333333333333
0.49666666666666665
0.49666666666666665
0.5
0.5
0.49333333333333335
0.5033333333333333
0.5
0.5
0.5033333333333333
0.49666666666666665
0.5033333333333333
0.5033333333333333
0.49333333333333335
0.5
0.49666666666666665
0.5
0.5033333333333333
0.49666666666666665
0.5
0.49666666666666665
0.5066666666666667
0.5
0.5
0.49666666666666665
0.5
0.5
0.49
0.49666666666666665
0.49666666666666665
0.49666666666666665
0.49333333333333335
0.49666666666666665
0.49
0.5066666666666667
0.5075757575757576
0.49333333333333335
0.5
0.4866666666666667
0.4866666666666667
0.49666666666666665
0.49333333333333335
0.5178571428571429
0.49333333333333335
0.49333333333333335
0.5
0.5
0.5
0.5
0.5033333333333333
0.49666666666666665
0.49333333333333335
0.49666666666666665
0.5
0.5
0.5106382978723404
0.5075187969924813
0.5033333333333333
0.5028571428571429
0.49666666666666665
0.5033333333333333
0.5
0.5033333333333333
0.5
0.5
0.5033333333333333
0.5
0.5033333333333333
0.5033333333333333
0.5033333333333333
0.5033333333333333
0.5033333333333333
0.5033333333333333
0.5033333333333333
0.5033333333333333
0.5033333333333333
0.5033333333333333
0.5
0.5033333333333333
0.5033333333333333
0.5
0.5066666666666667
0.5066666666666667
0.5
0.5066666666666667
0.5066666666666667
0.5066666666666667
0.5066666666666667
0.5033333333333333
0.5
0.5
0.5033333333333333
0.5066666666666667
0.5066666666666667
0.5066666666666667
0.5033333333333333
0.5033333333333333
0.49666666666666665
0.5033333333333333
0.5033333333333333
0.5033333333333333
0.5
0.5
0.49666666666666665
0.5066666666666667
0.5
0.5018587360594795
0.5066666666666667
0.5
0.5066666666666667
0.49666666666666665
0.5033333333333333
0.5033333333333333
0.5033333333333333
0.5
0.5
0.5
0.5
0.49666666666666665
0.5033333333333333
0.5033333333333333
0.5066666666666667
0.5033333333333333
0.5033333333333333
0.5
0.5033333333333333
0.5033333333333333
0.5
0.5
0.5033333333333333
0.5
0.5033333333333333
0.5033333333333333
0.51
0.5033333333333333
0.49666666666666665
0.5033333333333333
0.5
0.5
0.5
0.5
0.5
