0.4965277777777778
0.498220640569395
0.4962686567164179
0.4965986394557823
0.4982078853046595
0.49666666666666665
0.49666666666666665
0.4963235294117647
0.4962686567164179
0.4965034965034965
0.4963235294117647
0.4980237154150198
0.4943820224719101
0.49642857142857144
0.5
0.49624060150375937
0.49491525423728816
0.49818181818181817
0.5
0.49480968858131485
0.4966216216216216
0.4928571428571429
0.4963235294117647
0.4965034965034965
0.49818181818181817
0.4944237918215613
0.49429657794676807
0.4940239043824701
0.4942528735632184
0.5
0.4943820224719101
0.49372384937238495
0.4980392156862745
0.5
0.5
0.49666666666666665
0.49645390070921985
0.5
0.49818181818181817
0.49624060150375937
0.49642857142857144
0.498220640569395
0.49612403100775193
0.49224806201550386
0.4930555555555556
0.49642857142857144
0.4946236559139785
0.4940239043824701
0.49491525423728816
0.49642857142857144
0.4963768115942029
0.4944649446494465
0.4946236559139785
0.49609375
0.4982078853046595
0.4962962962962963
0.496551724137931
0.5
0.4962686567164179
0.4948453608247423
0.49583333333333335
0.494949494949495
0.4940239043824701
0.49466192170818507
0.49586776859504134
0.49828178694158076
0.4962686567164179
0.4962962962962963
0.4962121212121212
0.49624060150375937
0.49818181818181817
0.4962962962962963
0.49635036496350365
0.4965277777777778
0.49377593360995853
0.4964788732394366
0.4962686567164179
0.5
0.4959349593495935
0.4957627118644068
0.49635036496350365
0.4944649446494465
0.49666666666666665
0.4962686567164179
0.49477351916376305
0.4964788732394366
0.4959677419354839
0.49666666666666665
0.49411764705882355
0.4979757085020243
0.496
0.4943820224719101
0.49818181818181817
0.496
0.4980694980694981
0.4939759036144578
0.498220640569395
0.49295774647887325
0.49477351916376305
0.49615384615384617
0.4962121212121212
0.49809885931558934
0.4944649446494465
0.49454545454545457
0.49809885931558934
0.4965034965034965
0.4943820224719101
0.49829351535836175
0.496551724137931
0.49635036496350365
0.4963768115942029
0.49624060150375937
0.5
0.49635036496350365
0.4944237918215613
0.4948805460750853
0.49583333333333335
0.49814126394052044
0.4921259842519685
0.49666666666666665
0.5
0.4983277591973244
0.4981949458483754
0.49635036496350365
0.4948453608247423
0.4962962962962963
0.4983164983164983
0.5
0.49828178694158076
0.49794238683127573
0.4944237918215613
0.5
0.49411764705882355
0.49454545454545457
0.49809885931558934
0.4981949458483754
0.4981684981684982
0.5
0.49666666666666665
0.49606299212598426
0.4980694980694981
0.4963768115942029
0.4946236559139785
0.4945054945054945
0.5
0.49477351916376305
0.4963235294117647
0.49411764705882355
0.49603174603174605
0.4966216216216216
0.49382716049382713
0.4965986394557823
0.4946236559139785
0.5
0.4963235294117647
0.49640287769784175
0.49666666666666665
0.49624060150375937
0.49814126394052044
0.4963235294117647
0.4944237918215613
0.49454545454545457
0.49466192170818507
0.49624060150375937
0.4981949458483754
0.4980237154150198
0.4983164983164983
0.5
0.49808429118773945
0.49666666666666665
0.49586776859504134
0.49809885931558934
0.4948453608247423
0.49830508474576274
0.49586776859504134
0.4966216216216216
0.49642857142857144
0.49635036496350365
0.49666666666666665
0.4964788732394366
0.49666666666666665
0.4962686567164179
0.49829351535836175
0.4963768115942029
0.4982078853046595
0.4954954954954955
0.49458483754512633
0.49645390070921985
0.4963235294117647
0.4980237154150198
0.5
0.49666666666666665
0.4945054945054945
0.5
0.49666666666666665
0.49666666666666665
0.49583333333333335
0.49583333333333335
0.4981132075471698
0.49433962264150944
0.4959016393442623
0.49666666666666665
0.49666666666666665
0.49642857142857144
0.49666666666666665
0.49242424242424243
0.49606299212598426
0.4966442953020134
0.4980544747081712
0.49828178694158076
0.49828178694158076
0.49823321554770317
0.4942528735632184
0.4965034965034965
0.4959349593495935
0.4963235294117647
0.49606299212598426
0.4982078853046595
0.4966442953020134
0.498220640569395
0.49830508474576274
0.4981132075471698
0.49603174603174605
0.49640287769784175
0.4980544747081712
0.49458483754512633
0.49615384615384617
0.4961832061068702
0.4981549815498155
0.4962686567164179
0.49640287769784175
0.4945054945054945
0.49823321554770317
0.49498327759197325
0.4965277777777778
0.4979919678714859
0.5
0.498220640569395
0.49387755102040815
0.49498327759197325
0.49640287769784175
0.4979919678714859
0.5
0.49586776859504134
0.49407114624505927
0.4966442953020134
0.49666666666666665
0.4963235294117647
0.4980392156862745
0.49387755102040815
0.4962962962962963
0.4961832061068702
0.49477351916376305
0.4977578475336323
0.49433962264150944
0.49603174603174605
0.4965986394557823
0.4962962962962963
0.49645390070921985
0.4981549815498155
0.49814126394052044
0.4965753424657534
0.49666666666666665
0.49480968858131485
0.4943820224719101
0.49666666666666665
0.49480968858131485
0.4980544747081712
0.49454545454545457
0.49635036496350365
0.4946236559139785
0.4929078014184397
0.49193548387096775
0.49606299212598426
0.49411764705882355
0.49823321554770317
0.49666666666666665
0.49666666666666665
0.49609375
0.49795918367346936
0.49666666666666665
0.49606299212598426
0.49635036496350365
0.49812734082397003
0.4980544747081712
0.49814126394052044
0.49411764705882355
0.4942528735632184
0.49829351535836175
0.4959677419354839
0.49809885931558934
0.49794238683127573
0.49645390070921985
0.4962686567164179
0.4983277591973244
0.49666666666666665
0.49823321554770317
0.49814126394052044
0.4962962962962963
0.4966442953020134
0.4944237918215613
0.49640287769784175
0.491869918699187
0.49818181818181817
0.4962686567164179
0.49615384615384617
0.4957983193277311
0.49609375
0.4963235294117647
0.49642857142857144
0.49666666666666665
0.4944649446494465
0.4966442953020134
0.4981549815498155
0.4945054945054945
0.4942528735632184
0.496
0.4980237154150198
0.49666666666666665
0.49666666666666665
0.4981132075471698
0.49491525423728816
0.5
0.49466192170818507
0.4965986394557823
0.49645390070921985
0.4963768115942029
0.49603174603174605
0.49823321554770317
0.4981949458483754
0.4940239043824701
0.49814126394052044
0.4981132075471698
0.49264705882352944
0.49666666666666665
0.49480968858131485
0.5
0.49377593360995853
0.49829351535836175
0.49640287769784175
0.49615384615384617
0.49635036496350365
0.49794238683127573
0.4959016393442623
0.4965034965034965
0.4978540772532189
0.496
0.4962121212121212
0.4982078853046595
0.5
0.4962121212121212
0.4980694980694981
0.4963768115942029
0.4928571428571429
0.4982698961937716
0.5
0.4942528735632184
0.49635036496350365
0.4980237154150198
0.492
0.5
0.4981949458483754
0.4957627118644068
0.49814126394052044
0.4982456140350877
0.4963235294117647
0.49828178694158076
0.49800796812749004
0.4983277591973244
0.49454545454545457
0.49603174603174605
0.49491525423728816
0.49809885931558934
0.4982078853046595
0.49635036496350365
0.4957627118644068
0.49609375
0.49264705882352944
0.4963768115942029
0.49666666666666665
0.49624060150375937
0.4981949458483754
0.49615384615384617
0.49818181818181817
0.49416342412451364
0.4930555555555556
0.49407114624505927
0.5
0.49818181818181817
0.49635036496350365
0.4981949458483754
0.49808429118773945
0.49429657794676807
0.4981132075471698
0.4965277777777778
0.4983164983164983
0.49416342412451364
0.49823321554770317
0.49606299212598426
0.49606299212598426
0.4962121212121212
0.49809885931558934
0.4963768115942029
0.49609375
0.49458483754512633
0.4962121212121212
0.49666666666666665
0.49818181818181817
0.496
0.5
0.5
0.49454545454545457
0.49642857142857144
0.49829351535836175
0.4944649446494465
0.4966216216216216
0.49433962264150944
0.49635036496350365
0.49809885931558934
0.4964788732394366
0.4961832061068702
0.49224806201550386
0.5
0.49624060150375937
0.4959349593495935
0.4965034965034965
0.493006993006993
0.4965277777777778
0.49794238683127573
0.49473684210526314
0.4964788732394366
0.49666666666666665
0.5
0.49640287769784175
0.4963768115942029
0.4965277777777778
0.5
0.4965034965034965
0.4962121212121212
0.49818181818181817
0.4965753424657534
0.49491525423728816
0.49666666666666665
0.49814126394052044
0.4982698961937716
0.496
0.4956521739130435
0.5
0.49433962264150944
0.49193548387096775
0.4981132075471698
0.49818181818181817
0.496551724137931
0.49477351916376305
0.4946236559139785
0.4964788732394366
0.5
0.49377593360995853
0.49808429118773945
0.49498327759197325
0.49624060150375937
0.49603174603174605
0.49666666666666665
0.49615384615384617
0.4983164983164983
0.49829351535836175
0.49615384615384617
0.4961832061068702
0.49586776859504134
0.49433962264150944
0.4983164983164983
0.49361702127659574
0.49825783972125437
0.49666666666666665
0.4980694980694981
0.49466192170818507
0.4961832061068702
0.4946236559139785
0.4963235294117647
0.4983277591973244
0.4946236559139785
0.49583333333333335
0.49808429118773945
0.49242424242424243
0.4962962962962963
0.49829351535836175
0.49606299212598426
0.4943820224719101
0.49609375
0.49473684210526314
0.4982078853046595
0.49473684210526314
0.4965986394557823
0.49825783972125437
0.49377593360995853
0.49828178694158076
0.5
0.4940239043824701
0.49823321554770317
0.49612403100775193
0.49818181818181817
0.4980392156862745
0.49609375
0.49642857142857144
0.49640287769784175
0.4982698961937716
0.4979253112033195
0.4942528735632184
0.4981949458483754
0.49814126394052044
0.49666666666666665
0.4962686567164179
0.49818181818181817
0.4981949458483754
0.5
0.49609375
0.4979253112033195
0.4964788732394366
0.4962121212121212
0.49829351535836175
0.4965986394557823
0.5
0.4962962962962963
0.4979757085020243
0.49642857142857144
0.4966442953020134
0.49433962264150944
0.49382716049382713
0.4981684981684982
0.49635036496350365
0.49603174603174605
0.4981132075471698
0.4963768115942029
0.4981684981684982
0.49640287769784175
0.4940239043824701
0.491869918699187
0.49829351535836175
0.4966216216216216
0.49666666666666665
0.4963235294117647
0.4983277591973244
0.4981684981684982
0.49829351535836175
0.49818181818181817
0.4963235294117647
0.5
0.49666666666666665
0.49812734082397003
0.49477351916376305
0.4963235294117647
0.49640287769784175
0.49642857142857144
0.4962121212121212
0.4962686567164179
0.49433962264150944
0.49814126394052044
0.4944649446494465
0.4946236559139785
0.4963768115942029
0.4965753424657534
0.49433962264150944
0.4940239043824701
0.49795918367346936
0.4943820224719101
0.49612403100775193
0.49645390070921985
0.4956521739130435
0.49666666666666665
0.4965986394557823
0.4945054945054945
0.49640287769784175
0.498220640569395
0.5
0.49666666666666665
0.49056603773584906
0.4965753424657534
0.49825783972125437
0.49498327759197325
0.4946236559139785
0.49480968858131485
0.4942528735632184
0.49473684210526314
0.4943820224719101
0.4962962962962963
0.5
0.4963768115942029
0.49830508474576274
0.49454545454545457
0.4983164983164983
0.4945054945054945
0.4921259842519685
0.49635036496350365
0.4981684981684982
0.49480968858131485
0.49640287769784175
0.4965277777777778
0.49606299212598426
0.49333333333333335
0.49666666666666665
0.4965034965034965
0.49814126394052044
0.4959349593495935
0.4982456140350877
0.4963768115942029
0.4962686567164179
0.5
0.49433962264150944
0.4963235294117647
0.4982456140350877
0.49606299212598426
0.4981684981684982
0.49606299212598426
0.49280575539568344
0.4980237154150198
0.49411764705882355
0.49609375
0.49808429118773945
0.4979919678714859
0.49829351535836175
0.5
0.5
0.49612403100775193
0.4965277777777778
0.49491525423728816
0.49808429118773945
0.49666666666666665
0.49603174603174605
0.496551724137931
0.49642857142857144
0.49666666666666665
0.5
0.49491525423728816
0.4965986394557823
0.49606299212598426
0.5
0.49800796812749004
0.49635036496350365
0.49411764705882355
0.4957627118644068
0.4944237918215613
0.4980694980694981
0.49645390070921985
0.498220640569395
0.49609375
0.49794238683127573
0.4965277777777778
0.4963768115942029
0.49666666666666665
0.5
0.49609375
0.49429657794676807
0.4983277591973244
0.49645390070921985
0.49609375
0.49224806201550386
0.4982698961937716
0.4944237918215613
0.49433962264150944
0.4980392156862745
0.4944649446494465
0.49666666666666665
0.49429657794676807
0.49603174603174605
0.49829351535836175
0.49666666666666665
0.4965034965034965
0.49609375
0.4981949458483754
0.49557522123893805
0.49642857142857144
0.5
0.49612403100775193
0.4963235294117647
0.49642857142857144
0.4980237154150198
0.49407114624505927
0.4943820224719101
0.496551724137931
0.49666666666666665
0.4957627118644068
0.49666666666666665
0.49825783972125437
0.4965753424657534
0.49666666666666665
0.49473684210526314
0.4981949458483754
0.4944649446494465
0.4940239043824701
0.4925925925925926
0.49809885931558934
0.49433962264150944
0.49480968858131485
0.4978723404255319
0.49666666666666665
0.4957983193277311
0.49645390070921985
0.49640287769784175
0.49377593360995853
0.49236641221374045
0.4946236559139785
0.49666666666666665
0.49491525423728816
0.49624060150375937
0.4981949458483754
0.4983277591973244
0.5
0.4980544747081712
0.49666666666666665
0.49642857142857144
0.4962962962962963
0.49458483754512633
0.4945054945054945
0.4963768115942029
0.5
0.49242424242424243
0.498220640569395
0.5
0.4942528735632184
0.49640287769784175
0.49411764705882355
0.498220640569395
0.5
0.4964788732394366
0.49642857142857144
0.4961832061068702
0.5
0.4979757085020243
0.4942084942084942
0.496551724137931
0.4959677419354839
0.4961832061068702
0.4981684981684982
0.496
0.498220640569395
0.496551724137931
0.49264705882352944
0.4982456140350877
0.4945054945054945
0.4981132075471698
0.49642857142857144
0.4980544747081712
0.5018587360594795
0.49615384615384617
0.49615384615384617
0.49615384615384617
0.4924812030075188
0.49586776859504134
0.5
0.4965753424657534
0.49640287769784175
0.4959677419354839
0.49624060150375937
0.49666666666666665
0.4979919678714859
0.49808429118773945
0.4945054945054945
0.49828178694158076
0.4981949458483754
0.49603174603174605
0.49615384615384617
0.49407114624505927
0.4982456140350877
0.49828178694158076
0.4962121212121212
0.4959677419354839
0.4915254237288136
0.4982456140350877
0.498220640569395
0.4983277591973244
0.4963235294117647
0.4978540772532189
0.4965277777777778
0.49809885931558934
0.49645390070921985
0.49642857142857144
0.4935064935064935
0.4980237154150198
0.49458483754512633
0.49477351916376305
0.4962121212121212
0.49615384615384617
0.496551724137931
0.4981549815498155
0.4980544747081712
0.49193548387096775
0.4982698961937716
0.4982078853046595
0.4943820224719101
0.49666666666666665
0.4964788732394366
0.49624060150375937
0.49612403100775193
0.4983277591973244
0.4982078853046595
0.49666666666666665
0.4939271255060729
0.49411764705882355
0.49280575539568344
0.49818181818181817
0.4963768115942029
0.49666666666666665
0.4965277777777778
0.49666666666666665
0.49800796812749004
0.4962121212121212
0.49416342412451364
0.49458483754512633
0.4954545454545455
0.49666666666666665
0.4927007299270073
0.4948805460750853
0.496551724137931
0.4963235294117647
0.5
0.4980392156862745
0.5
0.49828178694158076
0.49635036496350365
0.49818181818181817
0.49825783972125437
0.4965753424657534
0.4961832061068702
0.49666666666666665
0.4946236559139785
0.4981132075471698
0.5
0.4959016393442623
0.498220640569395
0.4942528735632184
0.49666666666666665
0.49808429118773945
0.4981132075471698
0.498220640569395
0.4980694980694981
0.49814126394052044
0.4946236559139785
0.4965986394557823
0.49640287769784175
0.49466192170818507
0.49264705882352944
0.4939271255060729
0.49454545454545457
0.49814126394052044
0.5
0.49429657794676807
0.4939271255060729
0.49809885931558934
0.5
0.49645390070921985
0.4962962962962963
0.5
0.49812734082397003
0.5
0.4979253112033195
0.5
0.4982456140350877
0.4965277777777778
0.5
0.49642857142857144
0.4980694980694981
0.49612403100775193
0.4965753424657534
0.49615384615384617
0.4943820224719101
0.49800796812749004
0.49666666666666665
0.4946236559139785
0.4980544747081712
0.49615384615384617
0.5
0.496
0.49429657794676807
0.4962962962962963
0.4962121212121212
0.5
0.4959349593495935
0.49666666666666665
0.49458483754512633
0.4929078014184397
0.5
0.4983164983164983
0.49666666666666665
0.4965034965034965
0.4962962962962963
0.4925373134328358
0.49624060150375937
0.49825783972125437
0.5
0.49624060150375937
0.49666666666666665
0.49809885931558934
0.49666666666666665
0.5
0.49814126394052044
0.49469964664310956
0.49635036496350365
0.49454545454545457
0.498220640569395
0.4965986394557823
0.4964788732394366
0.49407114624505927
0.4981949458483754
0.5
0.49280575539568344
0.49818181818181817
0.4962686567164179
0.49603174603174605
0.4965986394557823
0.5
0.4962962962962963
0.4948805460750853
0.5
0.49356223175965663
0.49473684210526314
0.4981132075471698
0.49609375
0.4943820224719101
0.49433962264150944
0.49416342412451364
0.4962962962962963
0.49666666666666665
0.49800796812749004
0.49454545454545457
0.4962686567164179
0.4982698961937716
0.49411764705882355
0.498220640569395
0.5
0.4965986394557823
0.49469964664310956
0.496
0.49666666666666665
0.4982698961937716
0.4964788732394366
0.4964788732394366
0.4983164983164983
0.49433962264150944
0.49387755102040815
0.5
0.49809885931558934
0.49795918367346936
0.49612403100775193
0.49809885931558934
0.49473684210526314
0.49477351916376305
0.4982078853046595
0.496551724137931
0.49666666666666665
0.4981949458483754
0.49818181818181817
0.4940239043824701
0.4965277777777778
0.4980237154150198
0.4979919678714859
0.49823321554770317
0.4982456140350877
0.49640287769784175
0.49809885931558934
0.49666666666666665
0.4980237154150198
0.4980237154150198
0.4982078853046595
0.49469964664310956
0.4977973568281938
0.4946236559139785
0.49666666666666665
0.4944649446494465
0.4939271255060729
0.49823321554770317
0.49458483754512633
0.5
0.49829351535836175
0.4980544747081712
0.4965277777777778
0.49387755102040815
0.49606299212598426
0.4981684981684982
0.49825783972125437
0.49823321554770317
0.4966442953020134
0.4959677419354839
0.49407114624505927
0.49666666666666665
0.4983164983164983
0.4981132075471698
0.4963235294117647
0.49795918367346936
0.49498327759197325
0.4961832061068702
0.49612403100775193
0.4963768115942029
0.4962121212121212
0.4980237154150198
0.4963235294117647
0.49823321554770317
0.49666666666666665
0.49818181818181817
0.4962686567164179
0.498220640569395
