0.6875
0.5
0.5714285714285714
0.42857142857142855
0.48484848484848486
0.5416666666666666
0.4838709677419355
0.6428571428571429
0.4666666666666667
0.3333333333333333
0.7222222222222222
0.48936170212765956
0.5833333333333334
0.47058823529411764
0.23076923076923078
0.4
0.6216216216216216
0.4878048780487805
0.5483870967741935
0.5405405405405406
0.47058823529411764
0.2727272727272727
0.3125
0.42424242424242425
0.4117647058823529
0.52
0.2727272727272727
0.5238095238095238
0.4897959183673469
0.5208333333333334
0.4
0.36363636363636365
0.5283018867924528
0.42857142857142855
0.4583333333333333
0.475
0.4444444444444444
0.43478260869565216
0.5098039215686274
0.5147058823529411
0.5161290322580645
0.25
0.47368421052631576
0.5535714285714286
0.4807692307692308
0.5217391304347826
0.4444444444444444
0.5416666666666666
0.5172413793103449
0.53125
0.5714285714285714
0.46153846153846156
0.5263157894736842
0.5
0.5
0.5217391304347826
0.48333333333333334
0.55
0.5217391304347826
0.45161290322580644
0.5571428571428572
0.5384615384615384
0.48
0.5
0.5
0.5128205128205128
0.48314606741573035
0.48717948717948717
0.5102040816326531
0.52
0.4838709677419355
0.5434782608695652
0.47058823529411764
0.46774193548387094
0.532258064516129
0.5
0.4827586206896552
0.48148148148148145
0.5319148936170213
0.4634146341463415
0.48148148148148145
0.4925373134328358
0.47368421052631576
0.4634146341463415
0.52
0.5405405405405406
0.4772727272727273
0.4959349593495935
0.5405405405405406
0.5161290322580645
0.5714285714285714
0.5
0.5
0.4583333333333333
0.5151515151515151
0.48484848484848486
0.4696969696969697
0.5185185185185185
0.5396825396825397
0.5368421052631579
0.5142857142857142
0.5319148936170213
0.5
0.44761904761904764
0.4727272727272727
0.539568345323741
0.5575221238938053
0.4782608695652174
0.5208333333333334
0.5076923076923077
0.52
0.5316455696202531
0.5423728813559322
0.46835443037974683
0.5
0.525
0.4649122807017544
0.49214659685863876
0.5246913580246914
0.5299145299145299
0.5212765957446809
0.4976958525345622
0.5409836065573771
0.5294117647058824
0.5066666666666667
0.5161290322580645
0.5033333333333333
0.5114503816793893
0.5037593984962406
0.49795918367346936
0.5020408163265306
0.49666666666666665
0.5
0.49
0.5
0.49333333333333335
0.508
0.5117370892018779
0.5
0.5050505050505051
0.506896551724138
0.4976958525345622
0.5
0.5
0.5066666666666667
0.49333333333333335
0.5069124423963134
0.5
0.5033333333333333
0.49333333333333335
0.5033333333333333
0.5102040816326531
0.5121951219512195
0.5033333333333333
0.5066666666666667
0.5129533678756477
0.5066666666666667
0.5159574468085106
0.5117845117845118
0.52
0.49333333333333335
0.5152671755725191
0.5205479452054794
0.5121951219512195
0.5033333333333333
0.5133333333333333
0.5290322580645161
0.5180180180180181
0.5133079847908745
0.5136186770428015
0.5033333333333333
0.5129533678756477
0.49333333333333335
0.5163636363636364
0.5058365758754864
0.5
0.5133333333333333
0.5085324232081911
0.49666666666666665
0.5148514851485149
0.51
0.5286624203821656
0.5166666666666667
0.5
0.5271739130434783
0.5209302325581395
0.5133333333333333
0.5136186770428015
0.5175097276264592
0.5
0.4808362369337979
0.4845814977973568
0.5142857142857142
0.5111111111111111
0.4844290657439446
0.5133333333333333
0.5159817351598174
0.48788927335640137
0.5226130653266332
0.5140845070422535
0.478494623655914
0.5137931034482759
0.5155555555555555
0.4626865671641791
0.4809688581314879
0.4700854700854701
0.4731182795698925
0.5299145299145299
0.4790874524714829
0.4648648648648649
0.4652777777777778
0.48333333333333334
0.4634146341463415
0.49333333333333335
0.46875
0.47692307692307695
0.4722222222222222
0.5188284518828452
0.4830508474576271
0.4792626728110599
0.4711111111111111
0.5133333333333333
0.47985347985347987
0.47593582887700536
0.4807692307692308
0.4867924528301887
0.5033333333333333
0.5033333333333333
0.5124555160142349
0.4866666666666667
0.5145631067961165
0.5033333333333333
0.5136986301369864
0.5118483412322274
0.5133333333333333
0.5121951219512195
0.5120274914089347
0.51
0.5167785234899329
0.5206611570247934
0.5280898876404494
0.5263157894736842
0.5119617224880383
0.5169491525423728
0.5277777777777778
0.525
0.5287356321839081
0.5259259259259259
0.5175438596491229
0.5317919075144508
0.5168539325842697
0.5159235668789809
0.5147058823529411
0.5317919075144508
0.5273972602739726
0.519774011299435
0.5061728395061729
0.5220125786163522
0.5230769230769231
0.521978021978022
0.5227272727272727
0.5176991150442478
0.5105263157894737
0.5175879396984925
0.5146198830409356
0.5209580838323353
0.5152838427947598
0.527027027027027
0.5329341317365269
0.5120772946859904
0.5300546448087432
0.5266666666666666
0.5231788079470199
0.5176991150442478
0.5193370165745856
0.5123152709359606
0.5284974093264249
0.5243243243243243
0.5168539325842697
0.49019607843137253
0.5095238095238095
0.4838709677419355
0.520618556701031
0.5204918032786885
0.5187165775401069
0.5194174757281553
0.52
0.5230769230769231
0.5235849056603774
0.5123456790123457
0.5159574468085106
0.5284090909090909
0.5298013245033113
0.5189873417721519
0.5283018867924528
0.5112359550561798
0.5116279069767442
0.521978021978022
0.5205479452054794
0.5263157894736842
0.5220125786163522
0.5212121212121212
0.5096153846153846
0.5367647058823529
0.5214723926380368
0.5227272727272727
0.5274725274725275
0.5242718446601942
0.5198237885462555
0.5369127516778524
0.5234899328859061
0.5277777777777778
0.5324675324675324
0.5205479452054794
0.5308641975308642
0.5214723926380368
0.5186915887850467
0.5333333333333333
0.5333333333333333
0.5276381909547738
0.5341614906832298
0.5371428571428571
0.5259259259259259
0.5294117647058824
0.5309278350515464
0.5266272189349113
0.526595744680851
0.5235602094240838
0.5263157894736842
0.5260416666666666
0.5328947368421053
0.5198019801980198
0.527027027027027
0.5260416666666666
0.5129533678756477
0.5219512195121951
0.5158730158730159
0.5187165775401069
0.5198237885462555
0.5242718446601942
0.526595744680851
0.5228758169934641
0.5224719101123596
0.5066666666666667
0.5188284518828452
0.5303867403314917
0.521551724137931
0.5192307692307693
0.5185185185185185
0.5198019801980198
0.5221238938053098
0.519774011299435
0.5221674876847291
0.5
0.5235294117647059
0.5251396648044693
0.5176470588235295
0.5170940170940171
0.5212765957446809
0.5254237288135594
0.511520737327189
0.5102040816326531
0.5172413793103449
0.5137254901960784
0.5260663507109005
0.5123152709359606
0.5240963855421686
0.525
0.5161290322580645
0.5170731707317073
0.5147679324894515
0.5170731707317073
0.5228426395939086
0.526829268292683
0.5168539325842697
0.49122807017543857
0.515625
0.5091575091575091
0.5092936802973977
0.5072463768115942
0.51
0.5133333333333333
0.5066666666666667
0.49666666666666665
0.5033333333333333
0.5033333333333333
0.5
0.5033333333333333
0.5
0.5066666666666667
0.5033333333333333
0.49666666666666665
0.5033333333333333
0.49666666666666665
0.5
0.5033333333333333
0.5
0.49666666666666665
0.5
0.5
0.49666666666666665
0.49333333333333335
0.49666666666666665
0.49
0.5
0.49333333333333335
0.49097472924187724
0.49333333333333335
0.49666666666666665
0.48698884758364314
0.48717948717948717
0.49224806201550386
0.49333333333333335
0.4801587301587302
0.49333333333333335
0.4918032786885246
0.49
0.49333333333333335
0.4931972789115646
0.494949494949495
0.4883720930232558
0.4910394265232975
0.49333333333333335
0.4899598393574297
0.49333333333333335
0.4915254237288136
0.49333333333333335
0.49
0.4881516587677725
0.4881889763779528
0.49666666666666665
0.48917748917748916
0.48659003831417624
0.48484848484848486
0.49666666666666665
0.48695652173913045
0.49333333333333335
0.4857142857142857
0.48518518518518516
0.4954545454545455
0.4875444839857651
0.4891304347826087
0.5
0.49049429657794674
0.5
0.4928571428571429
0.49070631970260226
0.49333333333333335
0.48627450980392156
0.5
0.49333333333333335
0.5
0.5
0.49666666666666665
0.49666666666666665
0.49666666666666665
0.49666666666666665
0.49666666666666665
0.49333333333333335
0.5
0.49333333333333335
0.49666666666666665
0.49666666666666665
0.49666666666666665
0.5033333333333333
0.49666666666666665
0.5
0.49333333333333335
0.49666666666666665
0.5
0.5033333333333333
0.5033333333333333
0.49666666666666665
0.49666666666666665
0.5
0.5
0.5033333333333333
0.49666666666666665
0.5033333333333333
0.5
0.5
0.49666666666666665
0.49666666666666665
0.49333333333333335
0.5033333333333333
0.5
0.5033333333333333
0.5
0.51
0.5
0.5033333333333333
0.5
0.49666666666666665
0.5033333333333333
0.49666666666666665
0.5033333333333333
0.49666666666666665
0.5033333333333333
0.5
0.5066666666666667
0.5066666666666667
0.5033333333333333
0.49666666666666665
0.51
0.5033333333333333
0.5033333333333333
0.5036764705882353
0.5
0.49333333333333335
0.5
0.5
0.5051903114186851
0.5075757575757576
0.504
0.5120967741935484
0.5050167224080268
0.5086505190311419
0.5033333333333333
0.5033333333333333
0.5
0.5033333333333333
0.5033333333333333
0.5
0.5
0.49666666666666665
0.49666666666666665
0.49333333333333335
0.49666666666666665
0.5
0.5033333333333333
0.5
0.5092592592592593
0.49666666666666665
0.5
0.5033333333333333
0.49666666666666665
0.5
0.49666666666666665
0.5033333333333333
0.49666666666666665
0.5033333333333333
0.5066666666666667
0.5033333333333333
0.49333333333333335
0.49333333333333335
0.5066666666666667
0.49666666666666665
0.5066666666666667
0.49666666666666665
0.5
0.49666666666666665
0.5067567567567568
0.5
0.5120481927710844
0.5033333333333333
0.49333333333333335
0.49666666666666665
0.5033333333333333
0.49666666666666665
0.5
0.5033333333333333
0.5066666666666667
0.5033333333333333
0.49333333333333335
0.5
0.5033333333333333
0.5033333333333333
0.5033333333333333
0.5
0.5033333333333333
0.5033333333333333
0.49666666666666665
0.49333333333333335
0.5
0.5
0.49666666666666665
0.5033333333333333
0.5
0.5
0.49666666666666665
0.5
0.5033333333333333
0.49666666666666665
0.5
0.5
0.4976303317535545
0.5033333333333333
0.5033333333333333
0.49666666666666665
0.5
0.5
0.49666666666666665
0.5
0.49333333333333335
0.51
0.5
0.5
0.49666666666666665
0.49333333333333335
0.5033333333333333
0.5
0.5
0.49666666666666665
0.5033333333333333
0.5033333333333333
0.5066666666666667
0.5
0.5
0.5033333333333333
0.5
0.5055555555555555
0.5033333333333333
0.49666666666666665
0.5
0.5
0.49666666666666665
0.5066666666666667
0.5
0.5
0.4864864864864865
0.49666666666666665
0.5185185185185185
0.5
0.5085714285714286
0.5066666666666667
0.5040983606557377
0.5
0.5033333333333333
0.5033333333333333
0.5033333333333333
0.5033333333333333
0.49473684210526314
0.5
0.5051194539249146
0.5
0.5033333333333333
0.5033333333333333
0.5033333333333333
0.5064377682403434
0.5033333333333333
0.5033333333333333
0.5
0.5066666666666667
0.48847926267281105
0.5
0.49444444444444446
0.51
0.5
0.5
0.5033333333333333
0.5033333333333333
0.5
0.5205479452054794
0.5
0.5033333333333333
0.5
0.49666666666666665
0.5033333333333333
0.5285714285714286
0.5
0.5
0.5066666666666667
0.5
0.49666666666666665
0.5066666666666667
0.49666666666666665
0.49666666666666665
0.5033333333333333
0.5066666666666667
0.49666666666666665
0.5033333333333333
0.5
0.5020746887966805
0.5
0.5033333333333333
0.5033333333333333
0.5033333333333333
0.5033333333333333
0.5033333333333333
0.5066666666666667
0.5066666666666667
0.5045045045045045
0.5
0.49666666666666665
0.51
0.5
0.5
0.5033333333333333
0.5033333333333333
0.5
0.4957627118644068
0.49666666666666665
0.5
0.5033333333333333
0.5
0.5033333333333333
0.5
0.5
0.5
0.5033333333333333
0.5033333333333333
0.5033333333333333
0.5
0.5066666666666667
0.49666666666666665
0.51
0.5033333333333333
0.49333333333333335
0.5
0.5
0.5
0.5
0.49666666666666665
0.5
0.5033333333333333
0.5033333333333333
0.5
0.5
0.5
0.5
0.5
0.5
0.5033333333333333
0.5066666666666667
0.5033333333333333
0.5033333333333333
0.5033333333333333
0.5
0.5033333333333333
0.5
0.5
0.5
0.5
0.5033333333333333
0.5
0.49666666666666665
0.5
0.5033333333333333
0.5
0.5033333333333333
0.5
0.5
0.5
0.5
0.5
0.5
0.49666666666666665
0.5
0.5
0.5033333333333333
0.5
0.5033333333333333
0.49666666666666665
0.5033333333333333
0.5
0.49666666666666665
0.5033333333333333
0.49666666666666665
0.5033333333333333
0.5
0.5033333333333333
0.5
0.5033333333333333
0.5
0.5
0.5
0.5
0.5
0.5033333333333333
0.49666666666666665
0.49666666666666665
0.5
0.5
0.49666666666666665
0.5
0.5
0.5
0.5066666666666667
0.49666666666666665
0.5
0.5
0.5
0.5033333333333333
0.5
0.5033333333333333
0.5033333333333333
0.5
0.5
0.5
0.5
0.5
0.5033333333333333
0.5033333333333333
0.49666666666666665
0.5
0.5
0.5
0.5
0.5
0.5033333333333333
0.5
0.5033333333333333
0.49666666666666665
0.49666666666666665
0.5
0.5
0.51
0.49666666666666665
0.49666666666666665
0.5
0.5
0.5033333333333333
0.5
0.49666666666666665
0.49666666666666665
0.5
0.5033333333333333
0.49666666666666665
0.5
0.49666666666666665
0.5
0.5
0.5
0.5
0.5033333333333333
0.5
0.49666666666666665
0.5
0.5
0.49666666666666665
0.5
0.5
0.5
0.5
0.49666666666666665
0.5
0.5
0.5
0.5
0.5033333333333333
0.5
0.49666666666666665
0.49666666666666665
0.5
0.5
0.49666666666666665
0.5033333333333333
0.5
0.5
0.5
0.5
0.5
0.5
0.5033333333333333
0.5
0.5
0.5033333333333333
0.5033333333333333
0.49666666666666665
0.5
0.5033333333333333
0.49666666666666665
0.5
0.5
0.5066666666666667
0.49666666666666665
0.5033333333333333
0.5
0.5
0.49666666666666665
0.5033333333333333
0.5033333333333333
0.49666666666666665
0.5033333333333333
0.5033333333333333
0.5
0.5
0.5
0.5033333333333333
0.5
0.5
0.49666666666666665
0.5
0.5
0.5
0.49666666666666665
0.49333333333333335
0.5
0.49666666666666665
0.5
0.49666666666666665
0.49666666666666665
0.5
0.49666666666666665
0.49666666666666665
0.49666666666666665
0.49666666666666665
0.5
0.49666666666666665
0.49666666666666665
0.4846153846153846
0.4744525547445255
0.49333333333333335
0.49666666666666665
0.4666666666666667
0.4785714285714286
0.49666666666666665
0.49666666666666665
0.49666666666666665
0.4866666666666667
0.48507462686567165
0.5
0.49666666666666665
0.49666666666666665
0.49666666666666665
0.49666666666666665
0.49666666666666665
0.49333333333333335
0.49666666666666665
0.5
0.49666666666666665
0.49666666666666665
0.49666666666666665
0.4935897435897436
0.5
0.49666666666666665
0.49333333333333335
0.49333333333333335
0.49666666666666665
0.5
0.5
0.4896551724137931
0.49333333333333335
0.5
0.4827586206896552
0.47107438016528924
0.49333333333333335
0.49666666666666665
0.49242424242424243
0.5
0.47761194029850745
0.49333333333333335
0.48872180451127817
0.49666666666666665
0.49333333333333335
0.49
0.49193548387096775
0.49333333333333335
0.5
0.49
0.5019011406844106
0.49666666666666665
0.49333333333333335
0.49333333333333335
0.49333333333333335
0.5
0.49333333333333335
0.49
0.4899328859060403
0.49
0.49019607843137253
0.4888888888888889
0.4789915966386555
0.496551724137931
0.49
0.46511627906976744
0.4825174825174825
0.48201438848920863
0.4649122807017544
0.49101796407185627
0.48201438848920863
0.48344370860927155
0.47058823529411764
0.46774193548387094
0.46825396825396826
0.4788732394366197
0.47540983606557374
0.4899328859060403
0.48091603053435117
0.4785714285714286
0.49333333333333335
0.46153846153846156
0.48344370860927155
0.46923076923076923
0.4715447154471545
0.4935064935064935
0.4838709677419355
0.46923076923076923
0.4794520547945205
0.4765625
0.48026315789473684
0.49214659685863876
0.4634146341463415
0.4868421052631579
0.4868421052631579
0.5033333333333333
0.4768211920529801
0.4892086330935252
0.5033333333333333
0.5033333333333333
