0.23076923076923078
0.8
0.2
0.18181818181818182
0.23529411764705882
0.3888888888888889
0.7692307692307693
0.35
0.4375
0.52
0.16666666666666666
0.46153846153846156
0.6666666666666666
0.44
0.4166666666666667
0.7
0.8333333333333334
0.6
0.4666666666666667
0.532258064516129
0.5714285714285714
0.75
0.6666666666666666
0.3333333333333333
0.8333333333333334
0.5272727272727272
0.3157894736842105
0.5789473684210527
0.5384615384615384
0.4594594594594595
0.26666666666666666
0.4
0.5909090909090909
0.7142857142857143
0.6153846153846154
0.5272727272727272
0.6
0.38461538461538464
0.5588235294117647
0.6153846153846154
0.5714285714285714
0.3333333333333333
0.5714285714285714
0.5217391304347826
0.47058823529411764
0.5882352941176471
0.5185185185185185
0.6666666666666666
0.6875
0.75
0.5
0.484375
0.47368421052631576
0.48
0.4634146341463415
0.4827586206896552
0.5161290322580645
0.625
0.5081967213114754
0.48717948717948717
0.45454545454545453
0.5
0.4166666666666667
0.5
0.4897959183673469
0.5
0.5
0.5032679738562091
0.5
0.46153846153846156
0.48717948717948717
0.5
0.42857142857142855
0.5
0.5333333333333333
0.4444444444444444
0.5333333333333333
0.5
0.5
0.5135135135135135
0.48484848484848486
0.5050505050505051
0.4634146341463415
0.45454545454545453
0.475
0.5555555555555556
0.4807692307692308
0.4533333333333333
0.5121951219512195
0.4411764705882353
0.5348837209302325
0.5357142857142857
0.48484848484848486
0.5348837209302325
0.4864864864864865
0.4318181818181818
0.46938775510204084
0.4666666666666667
0.5354330708661418
0.4642857142857143
0.42201834862385323
0.5476190476190477
0.5074626865671642
0.5037593984962406
0.4915254237288136
0.5476190476190477
0.4725274725274725
0.4973821989528796
0.5154639175257731
0.512280701754386
0.47297297297297297
0.49324324324324326
0.47058823529411764
0.5555555555555556
0.4876847290640394
0.4878048780487805
0.47023809523809523
0.49246231155778897
0.4911242603550296
0.4811715481171548
0.5066666666666667
0.48484848484848486
0.5
0.496
0.527363184079602
0.5261194029850746
0.5
0.5207100591715976
0.5
0.5277777777777778
0.508695652173913
0.5220588235294118
0.5327102803738317
0.526595744680851
0.5094339622641509
0.5179856115107914
0.5350877192982456
0.5420560747663551
0.5494505494505495
0.5161290322580645
0.532258064516129
0.5384615384615384
0.5384615384615384
0.5503875968992248
0.5714285714285714
0.5338345864661654
0.5294117647058824
0.5470085470085471
0.5
0.5490196078431373
0.5603448275862069
0.5473684210526316
0.5461538461538461
0.5641025641025641
0.53125
0.5391304347826087
0.5121951219512195
0.512396694214876
0.5480769230769231
0.5333333333333333
0.5149700598802395
0.5063291139240507
0.5240963855421686
0.5254237288135594
0.5161290322580645
0.5111111111111111
0.5078740157480315
0.5107142857142857
0.5
0.48295454545454547
0.5
0.5033333333333333
0.5033333333333333
0.5190311418685121
0.503030303030303
0.5054945054945055
0.49
0.49333333333333335
0.49333333333333335
0.5100671140939598
0.4895833333333333
0.49666666666666665
0.5141509433962265
0.5
0.5104166666666666
0.49416342412451364
0.5121951219512195
0.449438202247191
0.49333333333333335
0.4900662251655629
0.5066666666666667
0.4896551724137931
0.5048076923076923
0.49333333333333335
0.4966442953020134
0.49328859060402686
0.5
0.49242424242424243
0.487012987012987
0.5
0.51
0.5
0.49
0.5033333333333333
0.49333333333333335
0.49498327759197325
0.5037593984962406
0.49666666666666665
0.49666666666666665
0.5066666666666667
0.49
0.5033333333333333
0.5
0.5
0.5033333333333333
0.5
0.49333333333333335
0.5033333333333333
0.49333333333333335
0.49666666666666665
0.5033333333333333
0.49666666666666665
0.49666666666666665
0.49333333333333335
0.5
0.49666666666666665
0.492
0.5033333333333333
0.5
0.49333333333333335
0.49666666666666665
0.49666666666666665
0.49666666666666665
0.5
0.5066666666666667
0.5033333333333333
0.5
0.49666666666666665
0.49666666666666665
0.5066666666666667
0.5066666666666667
0.5109170305676856
0.5033333333333333
0.516260162601626
0.5233160621761658
0.5159817351598174
0.5188679245283019
0.5230769230769231
0.5370370370370371
0.5106382978723404
0.5175879396984925
0.5284552845528455
0.5104895104895105
0.5227272727272727
0.5289256198347108
0.5757575757575758
0.528
0.53125
0.5327868852459017
0.5607476635514018
0.5371900826446281
0.5238095238095238
0.5384615384615384
0.55
0.5303030303030303
0.5206611570247934
0.5476190476190477
0.5
0.5419847328244275
0.5384615384615384
0.5384615384615384
0.5416666666666666
0.5363636363636364
0.55
0.5234375
0.5670103092783505
0.5307692307692308
0.5727272727272728
0.5341614906832298
0.5535714285714286
0.52
0.5365853658536586
0.5241935483870968
0.525
0.5259259259259259
0.5413533834586466
0.5136986301369864
0.5235294117647059
0.5157894736842106
0.5342465753424658
0.5166666666666667
0.5232558139534884
0.51440329218107
0.515527950310559
0.5137614678899083
0.5057471264367817
0.5167464114832536
0.5245098039215687
0.5118483412322274
0.514018691588785
0.5045454545454545
0.5172413793103449
0.5125628140703518
0.5165876777251185
0.5228426395939086
0.5089285714285714
0.5120772946859904
0.5277777777777778
0.5148514851485149
0.5177664974619289
0.5123152709359606
0.5240641711229946
0.509090909090909
0.5245098039215687
0.5176991150442478
0.5168539325842697
0.517948717948718
0.5219512195121951
0.5174129353233831
0.5124378109452736
0.5114155251141552
0.5185185185185185
0.5226130653266332
0.5263157894736842
0.5164835164835165
0.5086705202312138
0.5132275132275133
0.518324607329843
0.5454545454545454
0.5034965034965035
0.5175879396984925
0.510989010989011
0.5165876777251185
0.526595744680851
0.5098039215686274
0.51010101010101
0.5169082125603864
0.521505376344086
0.5089285714285714
0.49390243902439024
0.508
0.5157894736842106
0.520618556701031
0.5174129353233831
0.5157894736842106
0.50390625
0.5208333333333334
0.5263157894736842
0.508833922261484
0.5268817204301075
0.5164319248826291
0.515695067264574
0.5394736842105263
0.5675675675675675
0.5128205128205128
0.518324607329843
0.5177664974619289
0.5233160621761658
0.5089820359281437
0.5106382978723404
0.5161290322580645
0.5193370165745856
0.515625
0.5098039215686274
0.5059523809523809
0.5192307692307693
0.5151515151515151
0.5376344086021505
0.5124378109452736
0.5157894736842106
0.5141509433962265
0.5196850393700787
0.5040983606557377
0.5
0.5066666666666667
0.5087719298245614
0.5
0.5066666666666667
0.5033333333333333
0.5174418604651163
0.5102040816326531
0.49
0.5066666666666667
0.5082644628099173
0.5120481927710844
0.5033333333333333
0.53125
0.5133333333333333
0.4980237154150198
0.5106382978723404
0.5238095238095238
0.5148514851485149
0.5144230769230769
0.5757575757575758
0.5270935960591133
0.5555555555555556
0.5144230769230769
0.5151515151515151
0.5130890052356021
0.5229357798165137
0.507537688442211
0.5031446540880503
0.5208333333333334
0.5072463768115942
0.5495495495495496
0.5177664974619289
0.514018691588785
0.5137614678899083
0.5119617224880383
0.5189873417721519
0.5196078431372549
0.5169082125603864
0.5111111111111111
0.5588235294117647
0.5151515151515151
0.5123152709359606
0.5242290748898678
0.5121951219512195
0.5130434782608696
0.5130890052356021
0.510548523206751
0.5137614678899083
0.5065502183406113
0.5141509433962265
0.5178571428571429
0.5084033613445378
0.5112107623318386
0.5078125
0.5095057034220533
0.5018050541516246
0.5
0.5066666666666667
0.49666666666666665
0.5
0.5212765957446809
0.49666666666666665
0.5066666666666667
0.5033333333333333
0.5033333333333333
0.5
0.5033333333333333
0.5
0.5
0.5
0.5
0.5066666666666667
0.5
0.49666666666666665
0.5
0.49666666666666665
0.5
0.5
0.5017301038062284
0.5
0.49333333333333335
0.5033333333333333
0.5
0.5033333333333333
0.5033333333333333
0.49666666666666665
0.5
0.49333333333333335
0.5033333333333333
0.5
0.5066666666666667
0.5
0.5066666666666667
0.5033333333333333
0.5
0.5
0.49666666666666665
0.5033333333333333
0.5
0.5033333333333333
0.5033333333333333
0.5
0.49666666666666665
0.5033333333333333
0.5033333333333333
0.5033333333333333
0.5
0.5033333333333333
0.5033333333333333
0.5033333333333333
0.5033333333333333
0.49666666666666665
0.49333333333333335
0.5033333333333333
0.5019011406844106
0.5066666666666667
0.5033333333333333
0.5033333333333333
0.5066666666666667
0.5
0.5033333333333333
0.5033333333333333
0.5066666666666667
0.5066666666666667
0.5033333333333333
0.5066666666666667
0.5087108013937283
0.5
0.5033333333333333
0.5137254901960784
0.5033333333333333
0.5075187969924813
0.504
0.5139442231075697
0.5112781954887218
0.5107296137339056
0.5051903114186851
0.5101214574898786
0.5170731707317073
0.5128205128205128
0.5054151624548736
0.5098814229249012
0.5084745762711864
0.5097276264591439
0.5095238095238095
0.5088495575221239
0.5056179775280899
0.5072463768115942
0.5054151624548736
0.5066666666666667
0.5066666666666667
0.5033333333333333
0.5033333333333333
0.5
0.5
0.5
0.5066666666666667
0.5033333333333333
0.5
0.49666666666666665
0.5
0.5033333333333333
0.5
0.5033333333333333
0.49666666666666665
0.5
0.5
0.5
0.49666666666666665
0.5
0.5066666666666667
0.5
0.5
0.5033333333333333
0.49666666666666665
0.49333333333333335
0.5033333333333333
0.5
0.5
0.5066666666666667
0.49666666666666665
0.49666666666666665
0.5
0.49666666666666665
0.49666666666666665
0.49666666666666665
0.5
0.49666666666666665
0.5033333333333333
0.49666666666666665
0.51
0.5
0.5
0.5
0.5033333333333333
0.5033333333333333
0.5033333333333333
0.5033333333333333
0.5
0.5066666666666667
0.5033333333333333
0.5
0.5034013605442177
0.5
0.5033333333333333
0.49666666666666665
0.5
0.5
0.5033333333333333
0.5
0.49333333333333335
0.49
0.5033333333333333
0.5
0.5033333333333333
0.5
0.5033333333333333
0.49666666666666665
0.5
0.5033333333333333
0.5
0.5
0.49666666666666665
0.49666666666666665
0.5
0.49666666666666665
0.5
0.5033333333333333
0.5
0.5
0.5
0.5066666666666667
0.5
0.5
0.5
0.49666666666666665
0.49666666666666665
0.5066666666666667
0.5066666666666667
0.5066666666666667
0.5033333333333333
0.49666666666666665
0.49666666666666665
0.49666666666666665
0.5033333333333333
0.5
0.5033333333333333
0.49666666666666665
0.5
0.5
0.49666666666666665
0.5033333333333333
0.49333333333333335
0.5
0.49666666666666665
0.5033333333333333
0.5066666666666667
0.5
0.5
0.5
0.5066666666666667
0.5
0.5033333333333333
0.5
0.5
0.49666666666666665
0.5
0.5033333333333333
0.5033333333333333
0.5066666666666667
0.5033333333333333
0.5
0.49666666666666665
0.5066666666666667
0.5
0.5033333333333333
0.5
0.5
0.5
0.5
0.5
0.49333333333333335
0.51
0.5033333333333333
0.5
0.5066666666666667
0.49666666666666665
0.49666666666666665
0.5
0.5033333333333333
0.5
0.5033333333333333
0.5
0.5066666666666667
0.5
0.5
0.49666666666666665
0.5
0.5
0.51
0.49666666666666665
0.5
0.5033333333333333
0.5033333333333333
0.5033333333333333
0.5
0.49666666666666665
0.5
0.5033333333333333
0.5
0.5
0.49666666666666665
0.49666666666666665
0.5033333333333333
0.5
0.5
0.5
0.5
0.49666666666666665
0.5
0.49666666666666665
0.5
0.49666666666666665
0.5
0.49666666666666665
0.49666666666666665
0.49666666666666665
0.49666666666666665
0.5
0.49666666666666665
0.49333333333333335
0.5
0.5066666666666667
0.5
0.5033333333333333
0.5
0.5
0.5066666666666667
0.49666666666666665
0.5066666666666667
0.5
0.49666666666666665
0.5033333333333333
0.49333333333333335
0.5
0.5
0.5
0.49666666666666665
0.49666666666666665
0.5
0.5033333333333333
0.5066666666666667
0.49333333333333335
0.49333333333333335
0.5033333333333333
0.5
0.5033333333333333
0.5033333333333333
0.5033333333333333
0.49333333333333335
0.5
0.5066666666666667
0.5033333333333333
0.5033333333333333
0.5
0.5066666666666667
0.5
0.49666666666666665
0.49666666666666665
0.5033333333333333
0.5066666666666667
0.5
0.5066666666666667
0.5
0.49333333333333335
0.49666666666666665
0.5105633802816901
0.5066666666666667
0.5
0.5
0.5033333333333333
0.5033333333333333
0.5041666666666667
0.5066666666666667
0.5033333333333333
0.5
0.5066666666666667
0.5
0.51
0.5066666666666667
0.5066666666666667
0.51
0.49666666666666665
0.5066666666666667
0.51
0.5033333333333333
0.51
0.5033333333333333
0.5033333333333333
0.5066666666666667
0.5048543689320388
0.49666666666666665
0.5
0.49
0.48739495798319327
0.5066666666666667
0.4977168949771689
0.5033333333333333
0.5
0.49666666666666665
0.4959349593495935
0.5033333333333333
0.5
0.49666666666666665
0.51
0.5033333333333333
0.5066666666666667
0.51
0.4957627118644068
0.5066666666666667
0.5033333333333333
0.5066666666666667
0.5
0.5033333333333333
0.5
0.5
0.51
0.5033333333333333
0.49333333333333335
0.5033333333333333
0.5033333333333333
0.5
0.5033333333333333
0.49666666666666665
0.5
0.5066666666666667
0.5066666666666667
0.49333333333333335
0.5
0.51
0.5
0.5
0.5
0.5033333333333333
0.5033333333333333
0.5
0.5
0.5033333333333333
0.5033333333333333
0.5
0.5
0.5
0.5
0.5033333333333333
0.5033333333333333
0.5
0.49333333333333335
0.5033333333333333
0.5033333333333333
0.49666666666666665
0.49
0.49666666666666665
0.5
0.49666666666666665
0.5033333333333333
0.5
0.5033333333333333
0.5
0.5033333333333333
0.49
0.5
0.5
0.5033333333333333
0.49666666666666665
0.5
0.5
0.5
0.49666666666666665
0.49333333333333335
0.49666666666666665
0.5
0.49333333333333335
0.5
0.5
0.49666666666666665
0.49666666666666665
0.5
0.49666666666666665
0.49666666666666665
0.5
0.49333333333333335
0.49333333333333335
0.5066666666666667
0.49666666666666665
0.5
0.49666666666666665
0.5
0.5033333333333333
0.49
0.5
0.5
0.5
0.5
0.5064935064935064
0.49666666666666665
0.5033333333333333
0.49666666666666665
0.5
0.5
0.49666666666666665
0.5033333333333333
0.5033333333333333
0.5066666666666667
0.5
0.5
0.4936708860759494
0.4963768115942029
0.47783251231527096
0.4908256880733945
0.48704663212435234
0.4888888888888889
0.4880382775119617
0.48514851485148514
0.4883720930232558
0.4834123222748815
0.4861111111111111
0.4824120603015075
0.485
0.4888888888888889
0.4851063829787234
0.4797979797979798
0.4870689655172414
0.4880382775119617
0.48672566371681414
0.4861111111111111
0.49122807017543857
0.4919786096256685
0.4915254237288136
0.4962962962962963
0.4824120603015075
0.49344978165938863
0.48717948717948717
0.4909090909090909
0.4880382775119617
0.4943181818181818
0.478494623655914
0.4869109947643979
0.4854368932038835
0.4887640449438202
0.49056603773584906
0.47928994082840237
0.48520710059171596
0.4875
0.489247311827957
0.49411764705882355
0.4838709677419355
0.48
0.4866666666666667
0.4791666666666667
0.4806201550387597
0.47692307692307695
0.49019607843137253
0.4825174825174825
0.4819277108433735
0.4744525547445255
0.4857142857142857
0.4744525547445255
0.4740740740740741
0.4861111111111111
0.47761194029850745
0.47770700636942676
0.4863013698630137
0.47058823529411764
0.47651006711409394
0.47107438016528924
0.4788732394366197
0.4857142857142857
0.47619047619047616
0.47368421052631576
0.4852941176470588
0.49044585987261147
0.4885057471264368
0.48322147651006714
0.4810126582278481
0.4765625
0.48936170212765956
0.4859154929577465
0.487012987012987
0.4755244755244755
0.48026315789473684
0.49044585987261147
0.48120300751879697
0.48484848484848486
0.4868421052631579
0.47297297297297297
0.4755244755244755
0.48427672955974843
0.4840764331210191
0.4806201550387597
0.49333333333333335
0.4875
0.48484848484848486
0.48
0.48872180451127817
0.48502994011976047
0.4690265486725664
0.48026315789473684
0.47794117647058826
0.48201438848920863
0.48484848484848486
0.4827586206896552
0.48
0.4864864864864865
0.4755244755244755
0.47580645161290325
0.47586206896551725
0.4796747967479675
0.4755244755244755
0.472
0.48226950354609927
0.47692307692307695
0.4700854700854701
0.4740740740740741
0.4701492537313433
0.47368421052631576
0.4806201550387597
